990 990 10 0
970 990 10 1
950 990 10 2
930 990 10 3
910 990 10 4
890 990 10 5
870 990 10 6
850 990 10 7
830 990 10 8
810 990 10 9
790 990 10 10
770 990 10 11
750 990 10 12
730 990 10 13
710 990 10 14
690 990 10 15
670 990 10 0
650 990 10 1
630 990 10 2
610 990 10 3
590 990 10 4
570 990 10 5
550 990 10 6
530 990 10 7
510 990 10 8
490 990 10 9
470 990 10 10
450 990 10 11
430 990 10 12
410 990 10 13
390 990 10 14
370 990 10 15
350 990 10 0
330 990 10 1
310 990 10 2
290 990 10 3
270 990 10 4
250 990 10 5
230 990 10 6
210 990 10 7
190 990 10 8
170 990 10 9
150 990 10 10
130 990 10 11
110 990 10 12
90 990 10 13
70 990 10 14
50 990 10 15
30 990 10 0
10 990 10 1
20 972.67949192431126 10 2
40 972.67949192431126 10 3
30 955.35898384862253 10 4
10.000000000000002 955.35898384862253 10 5
20 938.03847577293379 10 6
40 938.03847577293379 10 7
50 955.35898384862253 10 8
60 938.03847577293379 10 9
50 920.71796769724506 10 10
30 920.71796769724506 10 11
40 903.39745962155632 10 12
60 903.39745962155632 10 13
70 920.71796769724506 10 14
80 903.39745962155632 10 15
70 886.07695154586759 10 0
50 886.07695154586759 10 1
60 868.75644347017885 10 2
80 868.75644347017885 10 3
90 886.07695154586759 10 4
100 868.75644347017885 10 5
90 851.43593539449012 10 6
70 851.43593539449012 10 7
80 834.11542731880138 10 8
100 834.11542731880138 10 9
110 851.43593539449012 10 10
120 834.11542731880138 10 11
110 816.79491924311264 10 12
90 816.79491924311264 10 13
100 799.47441116742391 10 14
120 799.47441116742391 10 15
130 816.79491924311264 10 0
140 799.47441116742391 10 1
130 782.15390309173517 10 2
110 782.15390309173517 10 3
120 764.83339501604644 10 4
140 764.83339501604644 10 5
150 782.15390309173517 10 6
160 764.83339501604644 10 7
150 747.5128869403577 10 8
130 747.5128869403577 10 9
140 730.19237886466897 10 10
160 730.19237886466897 10 11
170 747.5128869403577 10 12
180 730.19237886466897 10 13
170 712.87187078898023 10 14
150 712.87187078898023 10 15
160 695.5513627132915 10 0
180 695.5513627132915 10 1
190 712.87187078898023 10 2
200 695.5513627132915 10 3
190 678.23085463760276 10 4
170 678.23085463760276 10 5
180 660.91034656191403 10 6
200 660.91034656191403 10 7
210 678.23085463760276 10 8
220 660.91034656191403 10 9
210 643.58983848622529 10 10
190 643.58983848622529 10 11
200 626.26933041053655 10 12
220 626.26933041053655 10 13
230 643.58983848622529 10 14
240 626.26933041053655 10 15
230 608.94882233484782 10 0
210 608.94882233484782 10 1
220 591.62831425915908 10 2
240 591.62831425915908 10 3
250 608.94882233484782 10 4
260 591.62831425915908 10 5
250 574.30780618347035 10 6
230 574.30780618347035 10 7
240 556.98729810778161 10 8
260 556.98729810778161 10 9
270 574.30780618347035 10 10
280 556.98729810778161 10 11
270 539.66679003209288 10 12
250 539.66679003209288 10 13
260 522.34628195640414 10 14
280 522.34628195640414 10 15
290 539.66679003209288 10 0
300 522.34628195640414 10 1
290 505.02577388071535 10 2
270 505.02577388071535 10 3
280 487.70526580502656 10 4
300 487.70526580502656 10 5
310 505.02577388071535 10 6
320 487.70526580502656 10 7
310 470.38475772933776 10 8
290 470.38475772933776 10 9
300 453.06424965364897 10 10
320 453.06424965364897 10 11
330 470.38475772933776 10 12
340 453.06424965364897 10 13
330 435.74374157796018 10 14
310 435.74374157796018 10 15
320 418.42323350227139 10 0
340 418.42323350227139 10 1
350 435.74374157796018 10 2
360 418.42323350227139 10 3
350 401.10272542658259 10 4
330 401.10272542658259 10 5
340 383.7822173508938 10 6
360 383.7822173508938 10 7
370 401.10272542658259 10 8
380 383.7822173508938 10 9
370 366.46170927520501 10 10
350 366.46170927520501 10 11
360 349.14120119951622 10 12
380 349.14120119951622 10 13
390 366.46170927520501 10 14
400 349.14120119951622 10 15
390 331.82069312382743 10 0
370 331.82069312382743 10 1
380 314.50018504813863 10 2
400 314.50018504813863 10 3
410 331.82069312382743 10 4
420 314.50018504813863 10 5
410 297.17967697244984 10 6
390 297.17967697244984 10 7
400 279.85916889676105 10 8
420 279.85916889676105 10 9
430 297.17967697244984 10 10
440 279.85916889676105 10 11
430 262.53866082107226 10 12
410 262.53866082107226 10 13
420 245.21815274538349 10 14
440 245.21815274538349 10 15
450 262.53866082107226 10 0
460 245.21815274538349 10 1
450 227.89764466969473 10 2
430 227.89764466969473 10 3
440 210.57713659400596 10 4
460 210.57713659400596 10 5
470 227.89764466969473 10 6
480 210.57713659400596 10 7
470 193.2566285183172 10 8
450 193.2566285183172 10 9
460 175.93612044262844 10 10
480 175.93612044262844 10 11
490 193.2566285183172 10 12
500 175.93612044262844 10 13
490 158.61561236693967 10 14
470 158.61561236693967 10 15
480 141.29510429125091 10 0
500 141.29510429125091 10 1
510 158.61561236693967 10 2
520 141.29510429125091 10 3
510 123.97459621556213 10 4
490 123.97459621556214 10 5
500 106.65408813987337 10 6
520 106.65408813987335 10 7
530 123.97459621556212 10 8
540 106.65408813987334 10 9
530 89.333580064184574 10 10
510 89.333580064184588 10 11
520 72.01307198849581 10 12
540 72.013071988495795 10 13
550 89.333580064184559 10 14
560 72.013071988495781 10 15
550 54.692563912807017 10 0
530 54.692563912807024 10 1
540 37.372055837118246 10 2
560 37.372055837118246 10 3
570 54.692563912807017 10 4
580 37.372055837118246 10 5
570 20.051547761429472 10 6
550 20.051547761429472 10 7
590 20.051547761429472 10 8
600 37.372055837118246 10 9
590 54.692563912807017 10 10
610 54.692563912807017 10 11
620 37.372055837118246 10 12
610 20.051547761429472 10 13
630 20.051547761429472 10 14
640 37.372055837118246 10 15
630 54.692563912807017 10 0
650 54.692563912807017 10 1
660 37.372055837118246 10 2
650 20.051547761429472 10 3
670 20.051547761429472 10 4
680 37.372055837118246 10 5
670 54.692563912807017 10 6
690 54.692563912807017 10 7
700 37.372055837118246 10 8
690 20.051547761429472 10 9
710 20.051547761429472 10 10
720 37.372055837118246 10 11
710 54.692563912807017 10 12
730 54.692563912807017 10 13
740 37.372055837118246 10 14
730 20.051547761429472 10 15
750 20.051547761429472 10 0
760 37.372055837118246 10 1
750 54.692563912807017 10 2
770 54.692563912807017 10 3
780 37.372055837118246 10 4
770 20.051547761429472 10 5
790 20.051547761429472 10 6
800 37.372055837118246 10 7
790 54.692563912807017 10 8
810 54.692563912807017 10 9
820 37.372055837118246 10 10
810 20.051547761429472 10 11
830 20.051547761429472 10 12
840 37.372055837118246 10 13
830 54.692563912807017 10 14
850 54.692563912807017 10 15
860 37.372055837118246 10 0
850 20.051547761429472 10 1
870 20.051547761429472 10 2
880 37.372055837118246 10 3
870 54.692563912807017 10 4
890 54.692563912807017 10 5
900 37.372055837118246 10 6
890 20.051547761429472 10 7
910 20.051547761429472 10 8
920 37.372055837118246 10 9
910 54.692563912807017 10 10
930 54.692563912807017 10 11
940 37.372055837118246 10 12
930 20.051547761429472 10 13
950 20.051547761429472 10 14
960 37.372055837118246 10 15
950 54.692563912807017 10 0
970 54.692563912807017 10 1
980 37.372055837118246 10 2
970 20.051547761429472 10 3
990 20.051547761429472 10 4
990 54.692563912807017 10 5
980 72.013071988495795 10 6
960 72.013071988495795 10 7
970 89.333580064184574 10 8
990 89.333580064184559 10 9
980 106.65408813987334 10 10
960 106.65408813987335 10 11
950 89.333580064184588 10 12
940 106.65408813987337 10 13
950 123.97459621556213 10 14
970 123.97459621556212 10 15
960 141.29510429125091 10 0
940 141.29510429125091 10 1
930 123.97459621556214 10 2
920 141.29510429125091 10 3
930 158.61561236693967 10 4
950 158.61561236693967 10 5
940 175.93612044262844 10 6
920 175.93612044262844 10 7
910 158.61561236693967 10 8
900 175.93612044262844 10 9
910 193.2566285183172 10 10
930 193.2566285183172 10 11
920 210.57713659400596 10 12
900 210.57713659400596 10 13
890 193.2566285183172 10 14
880 210.57713659400596 10 15
890 227.89764466969473 10 0
910 227.89764466969473 10 1
900 245.21815274538349 10 2
880 245.21815274538349 10 3
870 227.89764466969473 10 4
860 245.21815274538349 10 5
870 262.53866082107226 10 6
890 262.53866082107226 10 7
880 279.85916889676105 10 8
860 279.85916889676105 10 9
850 262.53866082107226 10 10
840 279.85916889676105 10 11
850 297.17967697244984 10 12
870 297.17967697244984 10 13
860 314.50018504813863 10 14
840 314.50018504813863 10 15
830 297.17967697244984 10 0
820 314.50018504813863 10 1
830 331.82069312382743 10 2
850 331.82069312382743 10 3
840 349.14120119951622 10 4
820 349.14120119951622 10 5
810 331.82069312382743 10 6
800 349.14120119951622 10 7
810 366.46170927520501 10 8
830 366.46170927520501 10 9
820 383.7822173508938 10 10
800 383.7822173508938 10 11
790 366.46170927520501 10 12
780 383.7822173508938 10 13
790 401.10272542658259 10 14
810 401.10272542658259 10 15
800 418.42323350227139 10 0
780 418.42323350227139 10 1
770 401.10272542658259 10 2
760 418.42323350227139 10 3
770 435.74374157796018 10 4
790 435.74374157796018 10 5
780 453.06424965364897 10 6
760 453.06424965364897 10 7
750 435.74374157796018 10 8
740 453.06424965364897 10 9
750 470.38475772933776 10 10
770 470.38475772933776 10 11
760 487.70526580502656 10 12
740 487.70526580502656 10 13
730 470.38475772933776 10 14
720 487.70526580502656 10 15
730 505.02577388071535 10 0
750 505.02577388071535 10 1
740 522.34628195640414 10 2
720 522.34628195640414 10 3
710 505.02577388071535 10 4
700 522.34628195640414 10 5
710 539.66679003209288 10 6
730 539.66679003209288 10 7
720 556.98729810778161 10 8
700 556.98729810778161 10 9
690 539.66679003209288 10 10
680 556.98729810778161 10 11
690 574.30780618347035 10 12
710 574.30780618347035 10 13
700 591.62831425915908 10 14
680 591.62831425915908 10 15
670 574.30780618347035 10 0
660 591.62831425915908 10 1
670 608.94882233484782 10 2
690 608.94882233484782 10 3
680 626.26933041053655 10 4
660 626.26933041053655 10 5
650 608.94882233484782 10 6
640 626.26933041053655 10 7
650 643.58983848622529 10 8
670 643.58983848622529 10 9
660 660.91034656191403 10 10
640 660.91034656191403 10 11
630 643.58983848622529 10 12
620 660.91034656191403 10 13
630 678.23085463760276 10 14
650 678.23085463760276 10 15
640 695.5513627132915 10 0
620 695.5513627132915 10 1
610 678.23085463760276 10 2
600 695.5513627132915 10 3
610 712.87187078898023 10 4
630 712.87187078898023 10 5
620 730.19237886466897 10 6
600 730.19237886466897 10 7
590 712.87187078898023 10 8
580 730.19237886466897 10 9
590 747.5128869403577 10 10
610 747.5128869403577 10 11
600 764.83339501604644 10 12
580 764.83339501604644 10 13
570 747.5128869403577 10 14
560 764.83339501604644 10 15
570 782.15390309173517 10 0
590 782.15390309173517 10 1
580 799.47441116742391 10 2
560 799.47441116742391 10 3
550 782.15390309173517 10 4
540 799.47441116742391 10 5
550 816.79491924311264 10 6
570 816.79491924311264 10 7
560 834.11542731880138 10 8
540 834.11542731880138 10 9
530 816.79491924311264 10 10
520 834.11542731880138 10 11
530 851.43593539449012 10 12
550 851.43593539449012 10 13
540 868.75644347017885 10 14
520 868.75644347017885 10 15
510 851.43593539449012 10 0
500 868.75644347017885 10 1
510 886.07695154586759 10 2
530 886.07695154586759 10 3
520 903.39745962155632 10 4
500 903.39745962155632 10 5
490 886.07695154586759 10 6
480 903.39745962155632 10 7
490 920.71796769724506 10 8
510 920.71796769724506 10 9
500 938.03847577293379 10 10
480 938.03847577293379 10 11
470 920.71796769724506 10 12
460 938.03847577293379 10 13
470 955.35898384862253 10 14
490 955.35898384862253 10 15
480 972.67949192431126 10 0
460 972.67949192431126 10 1
450 955.35898384862253 10 2
440 972.67949192431126 10 3
430 955.35898384862253 10 4
440 938.03847577293379 10 5
420 938.03847577293379 10 6
410 955.35898384862253 10 7
420 972.67949192431126 10 8
400 972.67949192431126 10 9
390 955.35898384862253 10 10
400 938.03847577293379 10 11
380 938.03847577293379 10 12
370 955.35898384862253 10 13
380 972.67949192431126 10 14
360 972.67949192431126 10 15
350 955.35898384862253 10 0
360 938.03847577293379 10 1
340 938.03847577293379 10 2
330 955.35898384862253 10 3
340 972.67949192431126 10 4
320 972.67949192431126 10 5
310 955.35898384862253 10 6
320 938.03847577293379 10 7
300 938.03847577293379 10 8
290 955.35898384862253 10 9
300 972.67949192431126 10 10
280 972.67949192431126 10 11
270 955.35898384862253 10 12
280 938.03847577293379 10 13
260 938.03847577293379 10 14
250 955.35898384862253 10 15
260 972.67949192431126 10 0
240 972.67949192431126 10 1
230 955.35898384862253 10 2
240 938.03847577293379 10 3
220 938.03847577293379 10 4
210 955.35898384862253 10 5
220 972.67949192431126 10 6
200 972.67949192431126 10 7
190 955.35898384862253 10 8
200 938.03847577293379 10 9
180 938.03847577293379 10 10
170 955.35898384862253 10 11
180 972.67949192431126 10 12
160 972.67949192431126 10 13
150 955.35898384862253 10 14
160 938.03847577293379 10 15
140 938.03847577293379 10 0
130 955.35898384862253 10 1
140 972.67949192431126 10 2
120 972.67949192431126 10 3
110 955.35898384862253 10 4
120 938.03847577293379 10 5
100 938.03847577293379 10 6
90 955.35898384862253 10 7
100 972.67949192431126 10 8
80 972.67949192431126 10 9
70 955.35898384862253 10 10
80 938.03847577293379 10 11
60 972.67949192431126 10 12
110 920.71796769724506 10 13
130 920.71796769724506 10 14
120 903.39745962155632 10 15
100 903.39745962155632 10 0
90 920.71796769724506 10 1
110 886.07695154586759 10 2
130 886.07695154586759 10 3
140 903.39745962155632 10 4
150 886.07695154586759 10 5
140 868.75644347017885 10 6
120 868.75644347017885 10 7
130 851.43593539449012 10 8
150 851.43593539449012 10 9
160 868.75644347017885 10 10
170 851.43593539449012 10 11
160 834.11542731880138 10 12
140 834.11542731880138 10 13
150 816.79491924311264 10 14
170 816.79491924311264 10 15
180 834.11542731880138 10 0
190 816.79491924311264 10 1
180 799.47441116742391 10 2
160 799.47441116742391 10 3
170 782.15390309173517 10 4
190 782.15390309173517 10 5
200 799.47441116742391 10 6
210 782.15390309173517 10 7
200 764.83339501604644 10 8
180 764.83339501604644 10 9
190 747.5128869403577 10 10
210 747.5128869403577 10 11
220 764.83339501604644 10 12
230 747.5128869403577 10 13
220 730.19237886466897 10 14
200 730.19237886466897 10 15
210 712.87187078898023 10 0
230 712.87187078898023 10 1
240 730.19237886466897 10 2
250 712.87187078898023 10 3
240 695.5513627132915 10 4
220 695.5513627132915 10 5
230 678.23085463760276 10 6
250 678.23085463760276 10 7
260 695.5513627132915 10 8
270 678.23085463760276 10 9
260 660.91034656191403 10 10
240 660.91034656191403 10 11
250 643.58983848622529 10 12
270 643.58983848622529 10 13
280 660.91034656191403 10 14
290 643.58983848622529 10 15
280 626.26933041053655 10 0
260 626.26933041053655 10 1
270 608.94882233484782 10 2
290 608.94882233484782 10 3
300 626.26933041053655 10 4
310 608.94882233484782 10 5
300 591.62831425915908 10 6
280 591.62831425915908 10 7
290 574.30780618347035 10 8
310 574.30780618347035 10 9
320 591.62831425915908 10 10
330 574.30780618347035 10 11
320 556.98729810778161 10 12
300 556.98729810778161 10 13
310 539.66679003209288 10 14
330 539.66679003209288 10 15
340 556.98729810778161 10 0
350 539.66679003209288 10 1
340 522.34628195640414 10 2
320 522.34628195640414 10 3
330 505.02577388071535 10 4
350 505.02577388071535 10 5
360 522.34628195640414 10 6
370 505.02577388071535 10 7
360 487.70526580502656 10 8
340 487.70526580502656 10 9
350 470.38475772933776 10 10
370 470.38475772933776 10 11
380 487.70526580502656 10 12
390 470.38475772933776 10 13
380 453.06424965364897 10 14
360 453.06424965364897 10 15
370 435.74374157796018 10 0
390 435.74374157796018 10 1
400 453.06424965364897 10 2
410 435.74374157796018 10 3
400 418.42323350227139 10 4
380 418.42323350227139 10 5
390 401.10272542658259 10 6
410 401.10272542658259 10 7
420 418.42323350227139 10 8
430 401.10272542658259 10 9
420 383.7822173508938 10 10
400 383.7822173508938 10 11
410 366.46170927520501 10 12
430 366.46170927520501 10 13
440 383.7822173508938 10 14
450 366.46170927520501 10 15
440 349.14120119951622 10 0
420 349.14120119951622 10 1
430 331.82069312382743 10 2
450 331.82069312382743 10 3
460 349.14120119951622 10 4
470 331.82069312382743 10 5
460 314.50018504813863 10 6
440 314.50018504813863 10 7
450 297.17967697244984 10 8
470 297.17967697244984 10 9
480 314.50018504813863 10 10
490 297.17967697244984 10 11
480 279.85916889676105 10 12
460 279.85916889676105 10 13
470 262.53866082107226 10 14
490 262.53866082107226 10 15
500 279.85916889676105 10 0
510 262.53866082107226 10 1
500 245.21815274538349 10 2
480 245.21815274538349 10 3
490 227.89764466969473 10 4
510 227.89764466969473 10 5
520 245.21815274538349 10 6
530 227.89764466969473 10 7
520 210.57713659400596 10 8
500 210.57713659400596 10 9
510 193.2566285183172 10 10
530 193.2566285183172 10 11
540 210.57713659400596 10 12
550 193.2566285183172 10 13
540 175.93612044262844 10 14
520 175.93612044262844 10 15
530 158.61561236693967 10 0
550 158.61561236693967 10 1
560 175.93612044262844 10 2
570 158.61561236693967 10 3
560 141.29510429125091 10 4
540 141.29510429125091 10 5
550 123.97459621556213 10 6
570 123.97459621556213 10 7
580 141.29510429125091 10 8
590 123.97459621556213 10 9
580 106.65408813987335 10 10
560 106.65408813987335 10 11
570 89.333580064184574 10 12
590 89.333580064184574 10 13
600 106.65408813987335 10 14
610 89.333580064184574 10 15
600 72.013071988495795 10 0
580 72.013071988495795 10 1
620 72.013071988495795 10 2
630 89.333580064184559 10 3
620 106.65408813987334 10 4
640 106.65408813987332 10 5
650 89.333580064184545 10 6
640 72.013071988495781 10 7
660 72.013071988495767 10 8
670 89.333580064184531 10 9
660 106.65408813987331 10 10
680 106.65408813987329 10 11
690 89.333580064184517 10 12
680 72.013071988495753 10 13
700 72.013071988495739 10 14
710 89.333580064184503 10 15
700 106.65408813987328 10 0
720 106.65408813987327 10 1
730 89.333580064184488 10 2
720 72.013071988495724 10 3
740 72.01307198849571 10 4
750 89.333580064184474 10 5
740 106.65408813987325 10 6
760 106.65408813987324 10 7
770 89.33358006418446 10 8
760 72.013071988495696 10 9
780 72.013071988495682 10 10
790 89.333580064184446 10 11
780 106.65408813987322 10 12
800 106.65408813987321 10 13
810 89.333580064184432 10 14
800 72.013071988495668 10 15
820 72.013071988495653 10 0
830 89.333580064184417 10 1
820 106.6540881398732 10 2
840 106.65408813987318 10 3
850 89.333580064184403 10 4
840 72.013071988495639 10 5
860 72.013071988495625 10 6
870 89.333580064184389 10 7
860 106.65408813987317 10 8
880 106.65408813987315 10 9
890 89.333580064184375 10 10
880 72.013071988495611 10 11
900 72.013071988495597 10 12
910 89.33358006418436 10 13
900 106.65408813987314 10 14
920 106.65408813987312 10 15
930 89.333580064184346 10 0
920 72.013071988495582 10 1
940 72.013071988495568 10 2
910 123.9745962155619 10 3
890 123.97459621556192 10 4
900 141.29510429125068 10 5
880 141.29510429125068 10 6
870 123.9745962155619 10 7
860 141.29510429125068 10 8
870 158.61561236693944 10 9
890 158.61561236693944 10 10
880 175.93612044262821 10 11
860 175.93612044262821 10 12
850 158.61561236693944 10 13
840 175.93612044262821 10 14
850 193.25662851831697 10 15
870 193.25662851831697 10 0
860 210.57713659400574 10 1
840 210.57713659400574 10 2
830 193.25662851831697 10 3
820 210.57713659400574 10 4
830 227.8976446696945 10 5
850 227.8976446696945 10 6
840 245.21815274538326 10 7
820 245.21815274538326 10 8
810 227.8976446696945 10 9
800 245.21815274538326 10 10
810 262.53866082107203 10 11
830 262.53866082107203 10 12
820 279.85916889676082 10 13
800 279.85916889676082 10 14
790 262.53866082107203 10 15
780 279.85916889676082 10 0
790 297.17967697244961 10 1
810 297.17967697244961 10 2
800 314.50018504813841 10 3
780 314.50018504813841 10 4
770 297.17967697244961 10 5
760 314.50018504813841 10 6
770 331.8206931238272 10 7
790 331.8206931238272 10 8
780 349.14120119951599 10 9
760 349.14120119951599 10 10
750 331.8206931238272 10 11
740 349.14120119951599 10 12
750 366.46170927520478 10 13
770 366.46170927520478 10 14
760 383.78221735089357 10 15
740 383.78221735089357 10 0
730 366.46170927520478 10 1
720 383.78221735089357 10 2
730 401.10272542658237 10 3
750 401.10272542658237 10 4
740 418.42323350227116 10 5
720 418.42323350227116 10 6
710 401.10272542658237 10 7
700 418.42323350227116 10 8
710 435.74374157795995 10 9
730 435.74374157795995 10 10
720 453.06424965364874 10 11
700 453.06424965364874 10 12
690 435.74374157795995 10 13
680 453.06424965364874 10 14
690 470.38475772933754 10 15
710 470.38475772933754 10 0
700 487.70526580502633 10 1
680 487.70526580502633 10 2
670 470.38475772933754 10 3
660 487.70526580502633 10 4
670 505.02577388071512 10 5
690 505.02577388071512 10 6
680 522.34628195640391 10 7
660 522.34628195640391 10 8
650 505.02577388071512 10 9
640 522.34628195640391 10 10
650 539.66679003209265 10 11
670 539.66679003209265 10 12
660 556.98729810778138 10 13
640 556.98729810778138 10 14
630 539.66679003209265 10 15
620 556.98729810778138 10 0
630 574.30780618347012 10 1
650 574.30780618347012 10 2
640 591.62831425915886 10 3
620 591.62831425915886 10 4
610 574.30780618347012 10 5
600 591.62831425915886 10 6
610 608.94882233484759 10 7
630 608.94882233484759 10 8
620 626.26933041053633 10 9
600 626.26933041053633 10 10
590 608.94882233484759 10 11
580 626.26933041053633 10 12
590 643.58983848622506 10 13
610 643.58983848622506 10 14
600 660.9103465619138 10 15
580 660.9103465619138 10 0
570 643.58983848622506 10 1
560 660.9103465619138 10 2
570 678.23085463760253 10 3
590 678.23085463760253 10 4
580 695.55136271329127 10 5
560 695.55136271329127 10 6
550 678.23085463760253 10 7
540 695.55136271329127 10 8
550 712.87187078898 10 9
570 712.87187078898 10 10
560 730.19237886466874 10 11
540 730.19237886466874 10 12
530 712.87187078898 10 13
520 730.19237886466874 10 14
530 747.51288694035748 10 15
550 747.51288694035748 10 0
540 764.83339501604621 10 1
520 764.83339501604621 10 2
510 747.51288694035748 10 3
500 764.83339501604621 10 4
510 782.15390309173495 10 5
530 782.15390309173495 10 6
520 799.47441116742368 10 7
500 799.47441116742368 10 8
490 782.15390309173495 10 9
480 799.47441116742368 10 10
490 816.79491924311242 10 11
510 816.79491924311242 10 12
500 834.11542731880115 10 13
480 834.11542731880115 10 14
470 816.79491924311242 10 15
460 834.11542731880115 10 0
470 851.43593539448989 10 1
490 851.43593539448989 10 2
480 868.75644347017862 10 3
460 868.75644347017862 10 4
450 851.43593539448989 10 5
440 868.75644347017862 10 6
450 886.07695154586736 10 7
470 886.07695154586736 10 8
460 903.3974596215561 10 9
440 903.3974596215561 10 10
430 886.07695154586736 10 11
420 903.3974596215561 10 12
430 920.71796769724483 10 13
450 920.71796769724483 10 14
410 920.71796769724483 10 15
400 903.3974596215561 10 0
410 886.07695154586736 10 1
390 886.07695154586736 10 2
380 903.3974596215561 10 3
390 920.71796769724483 10 4
370 920.71796769724483 10 5
360 903.3974596215561 10 6
370 886.07695154586736 10 7
350 886.07695154586736 10 8
340 903.3974596215561 10 9
350 920.71796769724483 10 10
330 920.71796769724483 10 11
320 903.3974596215561 10 12
330 886.07695154586736 10 13
310 886.07695154586736 10 14
300 903.3974596215561 10 15
310 920.71796769724483 10 0
290 920.71796769724483 10 1
280 903.3974596215561 10 2
290 886.07695154586736 10 3
270 886.07695154586736 10 4
260 903.3974596215561 10 5
270 920.71796769724483 10 6
250 920.71796769724483 10 7
240 903.3974596215561 10 8
250 886.07695154586736 10 9
230 886.07695154586736 10 10
220 903.3974596215561 10 11
230 920.71796769724483 10 12
210 920.71796769724483 10 13
200 903.3974596215561 10 14
210 886.07695154586736 10 15
190 886.07695154586736 10 0
180 903.3974596215561 10 1
190 920.71796769724483 10 2
170 920.71796769724483 10 3
160 903.3974596215561 10 4
170 886.07695154586736 10 5
150 920.71796769724483 10 6
200 868.75644347017862 10 7
220 868.75644347017862 10 8
210 851.43593539448989 10 9
190 851.43593539448989 10 10
180 868.75644347017862 10 11
200 834.11542731880115 10 12
220 834.11542731880115 10 13
230 851.43593539448989 10 14
240 834.11542731880115 10 15
230 816.79491924311242 10 0
210 816.79491924311242 10 1
220 799.47441116742368 10 2
240 799.47441116742368 10 3
250 816.79491924311242 10 4
260 799.47441116742368 10 5
250 782.15390309173495 10 6
230 782.15390309173495 10 7
240 764.83339501604621 10 8
260 764.83339501604621 10 9
270 782.15390309173495 10 10
280 764.83339501604621 10 11
270 747.51288694035748 10 12
250 747.51288694035748 10 13
260 730.19237886466874 10 14
280 730.19237886466874 10 15
290 747.51288694035748 10 0
300 730.19237886466874 10 1
290 712.87187078898 10 2
270 712.87187078898 10 3
280 695.55136271329127 10 4
300 695.55136271329127 10 5
310 712.87187078898 10 6
320 695.55136271329127 10 7
310 678.23085463760253 10 8
290 678.23085463760253 10 9
300 660.9103465619138 10 10
320 660.9103465619138 10 11
330 678.23085463760253 10 12
340 660.9103465619138 10 13
330 643.58983848622506 10 14
310 643.58983848622506 10 15
320 626.26933041053633 10 0
340 626.26933041053633 10 1
350 643.58983848622506 10 2
360 626.26933041053633 10 3
350 608.94882233484759 10 4
330 608.94882233484759 10 5
340 591.62831425915886 10 6
360 591.62831425915886 10 7
370 608.94882233484759 10 8
380 591.62831425915886 10 9
370 574.30780618347012 10 10
350 574.30780618347012 10 11
360 556.98729810778138 10 12
380 556.98729810778138 10 13
390 574.30780618347012 10 14
400 556.98729810778138 10 15
390 539.66679003209265 10 0
370 539.66679003209265 10 1
380 522.34628195640391 10 2
400 522.34628195640391 10 3
410 539.66679003209265 10 4
420 522.34628195640391 10 5
410 505.02577388071512 10 6
390 505.02577388071512 10 7
400 487.70526580502633 10 8
420 487.70526580502633 10 9
430 505.02577388071512 10 10
440 487.70526580502633 10 11
430 470.38475772933754 10 12
410 470.38475772933754 10 13
420 453.06424965364874 10 14
440 453.06424965364874 10 15
450 470.38475772933754 10 0
460 453.06424965364874 10 1
450 435.74374157795995 10 2
430 435.74374157795995 10 3
440 418.42323350227116 10 4
460 418.42323350227116 10 5
470 435.74374157795995 10 6
480 418.42323350227116 10 7
470 401.10272542658237 10 8
450 401.10272542658237 10 9
460 383.78221735089357 10 10
480 383.78221735089357 10 11
490 401.10272542658237 10 12
500 383.78221735089357 10 13
490 366.46170927520478 10 14
470 366.46170927520478 10 15
480 349.14120119951599 10 0
500 349.14120119951599 10 1
510 366.46170927520478 10 2
520 349.14120119951599 10 3
510 331.8206931238272 10 4
490 331.8206931238272 10 5
500 314.50018504813841 10 6
520 314.50018504813841 10 7
530 331.8206931238272 10 8
540 314.50018504813841 10 9
530 297.17967697244961 10 10
510 297.17967697244961 10 11
520 279.85916889676082 10 12
540 279.85916889676082 10 13
550 297.17967697244961 10 14
560 279.85916889676082 10 15
550 262.53866082107203 10 0
530 262.53866082107203 10 1
540 245.21815274538326 10 2
560 245.21815274538326 10 3
570 262.53866082107203 10 4
580 245.21815274538326 10 5
570 227.8976446696945 10 6
550 227.8976446696945 10 7
560 210.57713659400574 10 8
580 210.57713659400574 10 9
590 227.8976446696945 10 10
600 210.57713659400574 10 11
590 193.25662851831697 10 12
570 193.25662851831697 10 13
580 175.93612044262821 10 14
600 175.93612044262821 10 15
610 193.25662851831697 10 0
620 175.93612044262821 10 1
610 158.61561236693944 10 2
590 158.61561236693944 10 3
600 141.29510429125068 10 4
620 141.29510429125068 10 5
630 158.61561236693944 10 6
640 141.29510429125068 10 7
630 123.9745962155619 10 8
610 123.97459621556192 10 9
650 123.9745962155619 10 10
660 141.29510429125068 10 11
650 158.61561236693944 10 12
670 158.61561236693944 10 13
680 141.29510429125068 10 14
670 123.9745962155619 10 15
690 123.9745962155619 10 0
700 141.29510429125068 10 1
690 158.61561236693944 10 2
710 158.61561236693944 10 3
720 141.29510429125068 10 4
710 123.9745962155619 10 5
730 123.9745962155619 10 6
740 141.29510429125068 10 7
730 158.61561236693944 10 8
750 158.61561236693944 10 9
760 141.29510429125068 10 10
750 123.9745962155619 10 11
770 123.9745962155619 10 12
780 141.29510429125068 10 13
770 158.61561236693944 10 14
790 158.61561236693944 10 15
800 141.29510429125068 10 0
790 123.9745962155619 10 1
810 123.9745962155619 10 2
820 141.29510429125068 10 3
810 158.61561236693944 10 4
830 158.61561236693944 10 5
840 141.29510429125068 10 6
830 123.9745962155619 10 7
850 123.9745962155619 10 8
820 175.93612044262821 10 9
800 175.93612044262821 10 10
810 193.25662851831697 10 11
790 193.25662851831697 10 12
780 175.93612044262821 10 13
770 193.25662851831697 10 14
780 210.57713659400574 10 15
800 210.57713659400574 10 0
790 227.8976446696945 10 1
770 227.8976446696945 10 2
760 210.57713659400574 10 3
750 227.8976446696945 10 4
760 245.21815274538326 10 5
780 245.21815274538326 10 6
770 262.53866082107203 10 7
750 262.53866082107203 10 8
740 245.21815274538326 10 9
730 262.53866082107203 10 10
740 279.85916889676082 10 11
760 279.85916889676082 10 12
750 297.17967697244961 10 13
730 297.17967697244961 10 14
720 279.85916889676082 10 15
710 297.17967697244961 10 0
720 314.50018504813841 10 1
740 314.50018504813841 10 2
730 331.8206931238272 10 3
710 331.8206931238272 10 4
700 314.50018504813841 10 5
690 331.8206931238272 10 6
700 349.14120119951599 10 7
720 349.14120119951599 10 8
710 366.46170927520478 10 9
690 366.46170927520478 10 10
680 349.14120119951599 10 11
670 366.46170927520478 10 12
680 383.78221735089357 10 13
700 383.78221735089357 10 14
690 401.10272542658237 10 15
670 401.10272542658237 10 0
660 383.78221735089357 10 1
650 401.10272542658237 10 2
660 418.42323350227116 10 3
680 418.42323350227116 10 4
670 435.74374157795995 10 5
650 435.74374157795995 10 6
640 418.42323350227116 10 7
630 435.74374157795995 10 8
640 453.06424965364874 10 9
660 453.06424965364874 10 10
650 470.38475772933754 10 11
630 470.38475772933754 10 12
620 453.06424965364874 10 13
610 470.38475772933754 10 14
620 487.70526580502633 10 15
640 487.70526580502633 10 0
630 505.02577388071512 10 1
610 505.02577388071512 10 2
600 487.70526580502633 10 3
590 505.02577388071512 10 4
600 522.34628195640391 10 5
620 522.34628195640391 10 6
610 539.66679003209265 10 7
590 539.66679003209265 10 8
580 522.34628195640391 10 9
570 539.66679003209265 10 10
580 556.98729810778138 10 11
600 556.98729810778138 10 12
590 574.30780618347012 10 13
570 574.30780618347012 10 14
560 556.98729810778138 10 15
550 574.30780618347012 10 0
560 591.62831425915886 10 1
580 591.62831425915886 10 2
570 608.94882233484759 10 3
550 608.94882233484759 10 4
540 591.62831425915886 10 5
530 608.94882233484759 10 6
540 626.26933041053633 10 7
560 626.26933041053633 10 8
550 643.58983848622506 10 9
530 643.58983848622506 10 10
520 626.26933041053633 10 11
510 643.58983848622506 10 12
520 660.9103465619138 10 13
540 660.9103465619138 10 14
530 678.23085463760253 10 15
510 678.23085463760253 10 0
500 660.9103465619138 10 1
490 678.23085463760253 10 2
500 695.55136271329127 10 3
520 695.55136271329127 10 4
510 712.87187078898 10 5
490 712.87187078898 10 6
480 695.55136271329127 10 7
470 712.87187078898 10 8
480 730.19237886466874 10 9
500 730.19237886466874 10 10
490 747.51288694035748 10 11
470 747.51288694035748 10 12
460 730.19237886466874 10 13
450 747.51288694035748 10 14
460 764.83339501604621 10 15
480 764.83339501604621 10 0
470 782.15390309173495 10 1
450 782.15390309173495 10 2
440 764.83339501604621 10 3
430 782.15390309173495 10 4
440 799.47441116742368 10 5
460 799.47441116742368 10 6
450 816.79491924311242 10 7
430 816.79491924311242 10 8
420 799.47441116742368 10 9
410 816.79491924311242 10 10
420 834.11542731880115 10 11
440 834.11542731880115 10 12
430 851.43593539448989 10 13
410 851.43593539448989 10 14
400 834.11542731880115 10 15
390 851.43593539448989 10 0
400 868.75644347017862 10 1
420 868.75644347017862 10 2
380 868.75644347017862 10 3
370 851.43593539448989 10 4
380 834.11542731880115 10 5
360 834.11542731880115 10 6
350 851.43593539448989 10 7
360 868.75644347017862 10 8
340 868.75644347017862 10 9
330 851.43593539448989 10 10
340 834.11542731880115 10 11
320 834.11542731880115 10 12
310 851.43593539448989 10 13
320 868.75644347017862 10 14
300 868.75644347017862 10 15
290 851.43593539448989 10 0
300 834.11542731880115 10 1
280 834.11542731880115 10 2
270 851.43593539448989 10 3
280 868.75644347017862 10 4
260 868.75644347017862 10 5
250 851.43593539448989 10 6
260 834.11542731880115 10 7
240 868.75644347017862 10 8
290 816.79491924311242 10 9
310 816.79491924311242 10 10
300 799.47441116742368 10 11
280 799.47441116742368 10 12
270 816.79491924311242 10 13
290 782.15390309173495 10 14
310 782.15390309173495 10 15
320 799.47441116742368 10 0
330 782.15390309173495 10 1
320 764.83339501604621 10 2
300 764.83339501604621 10 3
310 747.51288694035748 10 4
330 747.51288694035748 10 5
340 764.83339501604621 10 6
350 747.51288694035748 10 7
340 730.19237886466874 10 8
320 730.19237886466874 10 9
330 712.87187078898 10 10
350 712.87187078898 10 11
360 730.19237886466874 10 12
370 712.87187078898 10 13
360 695.55136271329127 10 14
340 695.55136271329127 10 15
350 678.23085463760253 10 0
370 678.23085463760253 10 1
380 695.55136271329127 10 2
390 678.23085463760253 10 3
380 660.9103465619138 10 4
360 660.9103465619138 10 5
370 643.58983848622506 10 6
390 643.58983848622506 10 7
400 660.9103465619138 10 8
410 643.58983848622506 10 9
400 626.26933041053633 10 10
380 626.26933041053633 10 11
390 608.94882233484759 10 12
410 608.94882233484759 10 13
420 626.26933041053633 10 14
430 608.94882233484759 10 15
420 591.62831425915886 10 0
400 591.62831425915886 10 1
410 574.30780618347012 10 2
430 574.30780618347012 10 3
440 591.62831425915886 10 4
450 574.30780618347012 10 5
440 556.98729810778138 10 6
420 556.98729810778138 10 7
430 539.66679003209265 10 8
450 539.66679003209265 10 9
460 556.98729810778138 10 10
470 539.66679003209265 10 11
460 522.34628195640391 10 12
440 522.34628195640391 10 13
450 505.02577388071512 10 14
470 505.02577388071512 10 15
480 522.34628195640391 10 0
490 505.02577388071512 10 1
480 487.70526580502633 10 2
460 487.70526580502633 10 3
470 470.38475772933754 10 4
490 470.38475772933754 10 5
500 487.70526580502633 10 6
510 470.38475772933754 10 7
500 453.06424965364874 10 8
480 453.06424965364874 10 9
490 435.74374157795995 10 10
510 435.74374157795995 10 11
520 453.06424965364874 10 12
530 435.74374157795995 10 13
520 418.42323350227116 10 14
500 418.42323350227116 10 15
510 401.10272542658237 10 0
530 401.10272542658237 10 1
540 418.42323350227116 10 2
550 401.10272542658237 10 3
540 383.78221735089357 10 4
520 383.78221735089357 10 5
530 366.46170927520478 10 6
550 366.46170927520478 10 7
560 383.78221735089357 10 8
570 366.46170927520478 10 9
560 349.14120119951599 10 10
540 349.14120119951599 10 11
550 331.8206931238272 10 12
570 331.8206931238272 10 13
580 349.14120119951599 10 14
590 331.8206931238272 10 15
580 314.50018504813841 10 0
560 314.50018504813841 10 1
570 297.17967697244961 10 2
590 297.17967697244961 10 3
600 314.50018504813841 10 4
610 297.17967697244961 10 5
600 279.85916889676082 10 6
580 279.85916889676082 10 7
590 262.53866082107203 10 8
610 262.53866082107203 10 9
620 279.85916889676082 10 10
630 262.53866082107203 10 11
620 245.21815274538326 10 12
600 245.21815274538326 10 13
610 227.8976446696945 10 14
630 227.8976446696945 10 15
640 245.21815274538326 10 0
650 227.8976446696945 10 1
640 210.57713659400574 10 2
620 210.57713659400574 10 3
630 193.25662851831697 10 4
650 193.25662851831697 10 5
660 210.57713659400574 10 6
670 193.25662851831697 10 7
660 175.93612044262821 10 8
640 175.93612044262821 10 9
680 175.93612044262821 10 10
690 193.25662851831697 10 11
680 210.57713659400574 10 12
700 210.57713659400574 10 13
710 193.25662851831697 10 14
700 175.93612044262821 10 15
720 175.93612044262821 10 0
730 193.25662851831697 10 1
720 210.57713659400574 10 2
740 210.57713659400574 10 3
750 193.25662851831697 10 4
740 175.93612044262821 10 5
760 175.93612044262821 10 6
730 227.8976446696945 10 7
710 227.8976446696945 10 8
720 245.21815274538326 10 9
700 245.21815274538326 10 10
690 227.8976446696945 10 11
680 245.21815274538326 10 12
690 262.53866082107203 10 13
710 262.53866082107203 10 14
700 279.85916889676082 10 15
680 279.85916889676082 10 0
670 262.53866082107203 10 1
660 279.85916889676082 10 2
670 297.17967697244961 10 3
690 297.17967697244961 10 4
680 314.50018504813841 10 5
660 314.50018504813841 10 6
650 297.17967697244961 10 7
640 314.50018504813841 10 8
650 331.8206931238272 10 9
670 331.8206931238272 10 10
660 349.14120119951599 10 11
640 349.14120119951599 10 12
630 331.8206931238272 10 13
620 349.14120119951599 10 14
630 366.46170927520478 10 15
650 366.46170927520478 10 0
640 383.78221735089357 10 1
620 383.78221735089357 10 2
610 366.46170927520478 10 3
600 383.78221735089357 10 4
610 401.10272542658237 10 5
630 401.10272542658237 10 6
620 418.42323350227116 10 7
600 418.42323350227116 10 8
590 401.10272542658237 10 9
580 418.42323350227116 10 10
590 435.74374157795995 10 11
610 435.74374157795995 10 12
600 453.06424965364874 10 13
580 453.06424965364874 10 14
570 435.74374157795995 10 15
560 453.06424965364874 10 0
570 470.38475772933754 10 1
590 470.38475772933754 10 2
580 487.70526580502633 10 3
560 487.70526580502633 10 4
550 470.38475772933754 10 5
540 487.70526580502633 10 6
550 505.02577388071512 10 7
570 505.02577388071512 10 8
560 522.34628195640391 10 9
540 522.34628195640391 10 10
530 505.02577388071512 10 11
520 522.34628195640391 10 12
530 539.66679003209265 10 13
550 539.66679003209265 10 14
540 556.98729810778138 10 15
520 556.98729810778138 10 0
510 539.66679003209265 10 1
500 556.98729810778138 10 2
510 574.30780618347012 10 3
530 574.30780618347012 10 4
520 591.62831425915886 10 5
500 591.62831425915886 10 6
490 574.30780618347012 10 7
480 591.62831425915886 10 8
490 608.94882233484759 10 9
510 608.94882233484759 10 10
500 626.26933041053633 10 11
480 626.26933041053633 10 12
470 608.94882233484759 10 13
460 626.26933041053633 10 14
470 643.58983848622506 10 15
490 643.58983848622506 10 0
480 660.9103465619138 10 1
460 660.9103465619138 10 2
450 643.58983848622506 10 3
440 660.9103465619138 10 4
450 678.23085463760253 10 5
470 678.23085463760253 10 6
460 695.55136271329127 10 7
440 695.55136271329127 10 8
430 678.23085463760253 10 9
420 695.55136271329127 10 10
430 712.87187078898 10 11
450 712.87187078898 10 12
440 730.19237886466874 10 13
420 730.19237886466874 10 14
410 712.87187078898 10 15
400 730.19237886466874 10 0
410 747.51288694035748 10 1
430 747.51288694035748 10 2
420 764.83339501604621 10 3
400 764.83339501604621 10 4
390 747.51288694035748 10 5
380 764.83339501604621 10 6
390 782.15390309173495 10 7
410 782.15390309173495 10 8
400 799.47441116742368 10 9
380 799.47441116742368 10 10
370 782.15390309173495 10 11
360 799.47441116742368 10 12
370 816.79491924311242 10 13
390 816.79491924311242 10 14
350 816.79491924311242 10 15
340 799.47441116742368 10 0
350 782.15390309173495 10 1
330 816.79491924311242 10 2
370 747.51288694035748 10 3
380 730.19237886466874 10 4
360 764.83339501604621 10 5
390 712.87187078898 10 6
400 695.55136271329127 10 7
410 678.23085463760253 10 8
420 660.9103465619138 10 9
430 643.58983848622506 10 10
440 626.26933041053633 10 11
450 608.94882233484759 10 12
460 591.62831425915886 10 13
470 574.30780618347012 10 14
480 556.98729810778138 10 15
490 539.66679003209265 10 0
500 522.34628195640391 10 1
510 505.02577388071512 10 2
520 487.70526580502633 10 3
530 470.38475772933754 10 4
540 453.06424965364874 10 5
550 435.74374157795995 10 6
560 418.42323350227116 10 7
570 401.10272542658237 10 8
580 383.78221735089357 10 9
590 366.46170927520478 10 10
600 349.14120119951599 10 11
610 331.8206931238272 10 12
620 314.50018504813841 10 13
630 297.17967697244961 10 14
640 279.85916889676082 10 15
650 262.53866082107203 10 0
660 245.21815274538326 10 1
670 227.8976446696945 10 2
500 972.67949192431126 10 3
510 955.35898384862253 10 4
520 972.67949192431126 10 5
530 955.35898384862253 10 6
520 938.03847577293379 10 7
540 938.03847577293379 10 8
550 955.35898384862253 10 9
540 972.67949192431126 10 10
560 972.67949192431126 10 11
570 955.35898384862253 10 12
560 938.03847577293379 10 13
580 938.03847577293379 10 14
590 955.35898384862253 10 15
580 972.67949192431126 10 0
600 972.67949192431126 10 1
610 955.35898384862253 10 2
600 938.03847577293379 10 3
620 938.03847577293379 10 4
630 955.35898384862253 10 5
620 972.67949192431126 10 6
640 972.67949192431126 10 7
650 955.35898384862253 10 8
640 938.03847577293379 10 9
660 938.03847577293379 10 10
670 955.35898384862253 10 11
660 972.67949192431126 10 12
680 972.67949192431126 10 13
690 955.35898384862253 10 14
680 938.03847577293379 10 15
700 938.03847577293379 10 0
710 955.35898384862253 10 1
700 972.67949192431126 10 2
720 972.67949192431126 10 3
730 955.35898384862253 10 4
720 938.03847577293379 10 5
740 938.03847577293379 10 6
750 955.35898384862253 10 7
740 972.67949192431126 10 8
760 972.67949192431126 10 9
770 955.35898384862253 10 10
760 938.03847577293379 10 11
780 938.03847577293379 10 12
790 955.35898384862253 10 13
780 972.67949192431126 10 14
800 972.67949192431126 10 15
810 955.35898384862253 10 0
800 938.03847577293379 10 1
820 938.03847577293379 10 2
830 955.35898384862253 10 3
820 972.67949192431126 10 4
840 972.67949192431126 10 5
850 955.35898384862253 10 6
840 938.03847577293379 10 7
860 938.03847577293379 10 8
870 955.35898384862253 10 9
860 972.67949192431126 10 10
880 972.67949192431126 10 11
890 955.35898384862253 10 12
880 938.03847577293379 10 13
900 938.03847577293379 10 14
910 955.35898384862253 10 15
900 972.67949192431126 10 0
920 972.67949192431126 10 1
930 955.35898384862253 10 2
920 938.03847577293379 10 3
940 938.03847577293379 10 4
950 955.35898384862253 10 5
940 972.67949192431126 10 6
960 972.67949192431126 10 7
970 955.35898384862253 10 8
960 938.03847577293379 10 9
980 938.03847577293379 10 10
990 955.35898384862253 10 11
980 972.67949192431126 10 12
970 920.71796769724506 10 13
950 920.71796769724506 10 14
960 903.39745962155632 10 15
980 903.39745962155632 10 0
990 920.71796769724506 10 1
970 886.07695154586759 10 2
950 886.07695154586759 10 3
940 903.39745962155632 10 4
930 886.07695154586759 10 5
940 868.75644347017885 10 6
960 868.75644347017885 10 7
950 851.43593539449012 10 8
930 851.43593539449012 10 9
920 868.75644347017885 10 10
910 851.43593539449012 10 11
920 834.11542731880138 10 12
940 834.11542731880138 10 13
930 816.79491924311264 10 14
910 816.79491924311264 10 15
900 834.11542731880138 10 0
890 816.79491924311264 10 1
900 799.47441116742391 10 2
920 799.47441116742391 10 3
910 782.15390309173517 10 4
890 782.15390309173517 10 5
880 799.47441116742391 10 6
870 782.15390309173517 10 7
880 764.83339501604644 10 8
900 764.83339501604644 10 9
890 747.5128869403577 10 10
870 747.5128869403577 10 11
860 764.83339501604644 10 12
850 747.5128869403577 10 13
860 730.19237886466897 10 14
880 730.19237886466897 10 15
870 712.87187078898023 10 0
850 712.87187078898023 10 1
840 730.19237886466897 10 2
830 712.87187078898023 10 3
840 695.5513627132915 10 4
860 695.5513627132915 10 5
850 678.23085463760276 10 6
830 678.23085463760276 10 7
820 695.5513627132915 10 8
810 678.23085463760276 10 9
820 660.91034656191403 10 10
840 660.91034656191403 10 11
830 643.58983848622529 10 12
810 643.58983848622529 10 13
800 660.91034656191403 10 14
790 643.58983848622529 10 15
800 626.26933041053655 10 0
820 626.26933041053655 10 1
810 608.94882233484782 10 2
790 608.94882233484782 10 3
780 626.26933041053655 10 4
770 608.94882233484782 10 5
780 591.62831425915908 10 6
800 591.62831425915908 10 7
790 574.30780618347035 10 8
770 574.30780618347035 10 9
760 591.62831425915908 10 10
750 574.30780618347035 10 11
760 556.98729810778161 10 12
780 556.98729810778161 10 13
770 539.66679003209288 10 14
750 539.66679003209288 10 15
740 556.98729810778161 10 0
760 522.34628195640414 10 1
780 522.34628195640414 10 2
790 539.66679003209288 10 3
800 522.34628195640414 10 4
790 505.02577388071535 10 5
770 505.02577388071535 10 6
780 487.70526580502656 10 7
800 487.70526580502656 10 8
810 505.02577388071535 10 9
820 487.70526580502656 10 10
810 470.38475772933776 10 11
790 470.38475772933776 10 12
800 453.06424965364897 10 13
820 453.06424965364897 10 14
830 470.38475772933776 10 15
840 453.06424965364897 10 0
830 435.74374157796018 10 1
810 435.74374157796018 10 2
820 418.42323350227139 10 3
840 418.42323350227139 10 4
850 435.74374157796018 10 5
860 418.42323350227139 10 6
850 401.10272542658259 10 7
830 401.10272542658259 10 8
840 383.7822173508938 10 9
860 383.7822173508938 10 10
870 401.10272542658259 10 11
880 383.7822173508938 10 12
870 366.46170927520501 10 13
850 366.46170927520501 10 14
860 349.14120119951622 10 15
880 349.14120119951622 10 0
890 366.46170927520501 10 1
900 349.14120119951622 10 2
890 331.82069312382743 10 3
870 331.82069312382743 10 4
880 314.50018504813863 10 5
900 314.50018504813863 10 6
910 331.82069312382743 10 7
920 314.50018504813863 10 8
910 297.17967697244984 10 9
890 297.17967697244984 10 10
900 279.85916889676105 10 11
920 279.85916889676105 10 12
930 297.17967697244984 10 13
940 279.85916889676105 10 14
930 262.53866082107226 10 15
910 262.53866082107226 10 0
920 245.21815274538349 10 1
940 245.21815274538349 10 2
950 262.53866082107226 10 3
960 245.21815274538349 10 4
950 227.89764466969473 10 5
930 227.89764466969473 10 6
940 210.57713659400596 10 7
960 210.57713659400596 10 8
970 227.89764466969473 10 9
980 210.57713659400596 10 10
970 193.2566285183172 10 11
950 193.2566285183172 10 12
960 175.93612044262844 10 13
980 175.93612044262844 10 14
990 193.2566285183172 10 15
970 158.61561236693967 10 0
990 158.61561236693967 10 1
980 141.29510429125091 10 2
990 227.89764466969473 10 3
980 245.21815274538349 10 4
970 262.53866082107226 10 5
960 279.85916889676105 10 6
980 279.85916889676105 10 7
990 262.53866082107226 10 8
970 297.17967697244984 10 9
950 297.17967697244984 10 10
960 314.50018504813863 10 11
980 314.50018504813863 10 12
990 297.17967697244984 10 13
970 331.82069312382743 10 14
950 331.82069312382743 10 15
940 314.50018504813863 10 0
930 331.82069312382743 10 1
940 349.14120119951622 10 2
960 349.14120119951622 10 3
950 366.46170927520501 10 4
930 366.46170927520501 10 5
920 349.14120119951622 10 6
910 366.46170927520501 10 7
920 383.7822173508938 10 8
940 383.7822173508938 10 9
930 401.10272542658259 10 10
910 401.10272542658259 10 11
900 383.7822173508938 10 12
890 401.10272542658259 10 13
900 418.42323350227139 10 14
920 418.42323350227139 10 15
910 435.74374157796018 10 0
890 435.74374157796018 10 1
880 418.42323350227139 10 2
870 435.74374157796018 10 3
880 453.06424965364897 10 4
900 453.06424965364897 10 5
890 470.38475772933776 10 6
870 470.38475772933776 10 7
860 453.06424965364897 10 8
850 470.38475772933776 10 9
860 487.70526580502656 10 10
880 487.70526580502656 10 11
870 505.02577388071535 10 12
850 505.02577388071535 10 13
840 487.70526580502656 10 14
830 505.02577388071535 10 15
840 522.34628195640414 10 0
860 522.34628195640414 10 1
850 539.66679003209288 10 2
830 539.66679003209288 10 3
820 522.34628195640414 10 4
810 539.66679003209288 10 5
820 556.98729810778161 10 6
840 556.98729810778161 10 7
830 574.30780618347035 10 8
810 574.30780618347035 10 9
800 556.98729810778161 10 10
820 591.62831425915908 10 11
840 591.62831425915908 10 12
850 574.30780618347035 10 13
860 591.62831425915908 10 14
850 608.94882233484782 10 15
830 608.94882233484782 10 0
840 626.26933041053655 10 1
860 626.26933041053655 10 2
870 608.94882233484782 10 3
880 626.26933041053655 10 4
870 643.58983848622529 10 5
850 643.58983848622529 10 6
860 660.91034656191403 10 7
880 660.91034656191403 10 8
890 643.58983848622529 10 9
900 660.91034656191403 10 10
890 678.23085463760276 10 11
870 678.23085463760276 10 12
880 695.5513627132915 10 13
900 695.5513627132915 10 14
910 678.23085463760276 10 15
920 695.5513627132915 10 0
910 712.87187078898023 10 1
890 712.87187078898023 10 2
900 730.19237886466897 10 3
920 730.19237886466897 10 4
930 712.87187078898023 10 5
940 730.19237886466897 10 6
930 747.5128869403577 10 7
910 747.5128869403577 10 8
920 764.83339501604644 10 9
940 764.83339501604644 10 10
950 747.5128869403577 10 11
960 764.83339501604644 10 12
950 782.15390309173517 10 13
930 782.15390309173517 10 14
940 799.47441116742391 10 15
960 799.47441116742391 10 0
970 782.15390309173517 10 1
980 799.47441116742391 10 2
970 816.79491924311264 10 3
950 816.79491924311264 10 4
960 834.11542731880138 10 5
980 834.11542731880138 10 6
990 816.79491924311264 10 7
970 851.43593539449012 10 8
990 851.43593539449012 10 9
980 868.75644347017885 10 10
990 782.15390309173517 10 11
980 764.83339501604644 10 12
970 747.5128869403577 10 13
960 730.19237886466897 10 14
980 730.19237886466897 10 15
990 747.5128869403577 10 0
970 712.87187078898023 10 1
950 712.87187078898023 10 2
960 695.5513627132915 10 3
980 695.5513627132915 10 4
990 712.87187078898023 10 5
970 678.23085463760276 10 6
950 678.23085463760276 10 7
940 695.5513627132915 10 8
930 678.23085463760276 10 9
940 660.91034656191403 10 10
960 660.91034656191403 10 11
950 643.58983848622529 10 12
930 643.58983848622529 10 13
920 660.91034656191403 10 14
910 643.58983848622529 10 15
920 626.26933041053655 10 0
940 626.26933041053655 10 1
930 608.94882233484782 10 2
910 608.94882233484782 10 3
900 626.26933041053655 10 4
890 608.94882233484782 10 5
900 591.62831425915908 10 6
920 591.62831425915908 10 7
910 574.30780618347035 10 8
890 574.30780618347035 10 9
880 591.62831425915908 10 10
870 574.30780618347035 10 11
880 556.98729810778161 10 12
900 556.98729810778161 10 13
890 539.66679003209288 10 14
870 539.66679003209288 10 15
860 556.98729810778161 10 0
880 522.34628195640414 10 1
900 522.34628195640414 10 2
910 539.66679003209288 10 3
920 522.34628195640414 10 4
910 505.02577388071535 10 5
890 505.02577388071535 10 6
900 487.70526580502656 10 7
920 487.70526580502656 10 8
930 505.02577388071535 10 9
940 487.70526580502656 10 10
930 470.38475772933776 10 11
910 470.38475772933776 10 12
920 453.06424965364897 10 13
940 453.06424965364897 10 14
950 470.38475772933776 10 15
960 453.06424965364897 10 0
950 435.74374157796018 10 1
930 435.74374157796018 10 2
940 418.42323350227139 10 3
960 418.42323350227139 10 4
970 435.74374157796018 10 5
980 418.42323350227139 10 6
970 401.10272542658259 10 7
950 401.10272542658259 10 8
960 383.7822173508938 10 9
980 383.7822173508938 10 10
990 401.10272542658259 10 11
970 366.46170927520501 10 12
990 366.46170927520501 10 13
980 349.14120119951622 10 14
990 435.74374157796018 10 15
980 453.06424965364897 10 0
970 470.38475772933776 10 1
960 487.70526580502656 10 2
980 487.70526580502656 10 3
990 470.38475772933776 10 4
970 505.02577388071535 10 5
950 505.02577388071535 10 6
960 522.34628195640414 10 7
980 522.34628195640414 10 8
990 505.02577388071535 10 9
970 539.66679003209288 10 10
950 539.66679003209288 10 11
940 522.34628195640414 10 12
930 539.66679003209288 10 13
940 556.98729810778161 10 14
960 556.98729810778161 10 15
950 574.30780618347035 10 0
930 574.30780618347035 10 1
920 556.98729810778161 10 2
940 591.62831425915908 10 3
960 591.62831425915908 10 4
970 574.30780618347035 10 5
980 591.62831425915908 10 6
970 608.94882233484782 10 7
950 608.94882233484782 10 8
960 626.26933041053655 10 9
980 626.26933041053655 10 10
990 608.94882233484782 10 11
970 643.58983848622529 10 12
990 643.58983848622529 10 13
980 660.91034656191403 10 14
990 574.30780618347035 10 15
980 556.98729810778161 10 0
990 539.66679003209288 10 1
990 678.23085463760276 10 2
990 331.82069312382743 10 3
740 591.62831425915908 10 4
750 608.94882233484782 10 5
730 608.94882233484782 10 6
720 591.62831425915908 10 7
730 574.30780618347035 10 8
710 608.94882233484782 10 9
720 626.26933041053655 10 10
740 626.26933041053655 10 11
730 643.58983848622529 10 12
710 643.58983848622529 10 13
700 626.26933041053655 10 14
690 643.58983848622529 10 15
700 660.91034656191403 10 0
720 660.91034656191403 10 1
710 678.23085463760276 10 2
690 678.23085463760276 10 3
680 660.91034656191403 10 4
670 678.23085463760276 10 5
680 695.5513627132915 10 6
700 695.5513627132915 10 7
690 712.87187078898023 10 8
670 712.87187078898023 10 9
660 695.5513627132915 10 10
650 712.87187078898023 10 11
660 730.19237886466897 10 12
680 730.19237886466897 10 13
670 747.5128869403577 10 14
650 747.5128869403577 10 15
640 730.19237886466897 10 0
630 747.5128869403577 10 1
640 764.83339501604644 10 2
660 764.83339501604644 10 3
650 782.15390309173517 10 4
630 782.15390309173517 10 5
620 764.83339501604644 10 6
610 782.15390309173517 10 7
620 799.47441116742391 10 8
640 799.47441116742391 10 9
630 816.79491924311264 10 10
610 816.79491924311264 10 11
600 799.47441116742391 10 12
590 816.79491924311264 10 13
600 834.11542731880138 10 14
620 834.11542731880138 10 15
610 851.43593539449012 10 0
590 851.43593539449012 10 1
580 834.11542731880138 10 2
570 851.43593539449012 10 3
580 868.75644347017885 10 4
600 868.75644347017885 10 5
590 886.07695154586759 10 6
570 886.07695154586759 10 7
560 868.75644347017885 10 8
550 886.07695154586759 10 9
560 903.39745962155632 10 10
580 903.39745962155632 10 11
570 920.71796769724506 10 12
550 920.71796769724506 10 13
540 903.39745962155632 10 14
530 920.71796769724506 10 15
590 920.71796769724506 10 0
600 903.39745962155632 10 1
610 920.71796769724506 10 2
620 903.39745962155632 10 3
610 886.07695154586759 10 4
630 886.07695154586759 10 5
640 903.39745962155632 10 6
630 920.71796769724506 10 7
650 920.71796769724506 10 8
660 903.39745962155632 10 9
650 886.07695154586759 10 10
670 886.07695154586759 10 11
680 903.39745962155632 10 12
670 920.71796769724506 10 13
690 920.71796769724506 10 14
700 903.39745962155632 10 15
690 886.07695154586759 10 0
710 886.07695154586759 10 1
720 903.39745962155632 10 2
710 920.71796769724506 10 3
730 920.71796769724506 10 4
740 903.39745962155632 10 5
730 886.07695154586759 10 6
750 886.07695154586759 10 7
760 903.39745962155632 10 8
750 920.71796769724506 10 9
770 920.71796769724506 10 10
780 903.39745962155632 10 11
770 886.07695154586759 10 12
790 886.07695154586759 10 13
800 903.39745962155632 10 14
790 920.71796769724506 10 15
810 920.71796769724506 10 0
820 903.39745962155632 10 1
810 886.07695154586759 10 2
830 886.07695154586759 10 3
840 903.39745962155632 10 4
830 920.71796769724506 10 5
850 920.71796769724506 10 6
860 903.39745962155632 10 7
850 886.07695154586759 10 8
870 886.07695154586759 10 9
880 903.39745962155632 10 10
870 920.71796769724506 10 11
890 920.71796769724506 10 12
900 903.39745962155632 10 13
890 886.07695154586759 10 14
910 886.07695154586759 10 15
920 903.39745962155632 10 0
910 920.71796769724506 10 1
930 920.71796769724506 10 2
900 868.75644347017885 10 3
880 868.75644347017885 10 4
890 851.43593539449012 10 5
870 851.43593539449012 10 6
860 868.75644347017885 10 7
850 851.43593539449012 10 8
860 834.11542731880138 10 9
880 834.11542731880138 10 10
870 816.79491924311264 10 11
850 816.79491924311264 10 12
840 834.11542731880138 10 13
830 816.79491924311264 10 14
840 799.47441116742391 10 15
860 799.47441116742391 10 0
850 782.15390309173517 10 1
830 782.15390309173517 10 2
820 799.47441116742391 10 3
810 782.15390309173517 10 4
820 764.83339501604644 10 5
840 764.83339501604644 10 6
830 747.5128869403577 10 7
810 747.5128869403577 10 8
800 764.83339501604644 10 9
790 747.5128869403577 10 10
800 730.19237886466897 10 11
820 730.19237886466897 10 12
810 712.87187078898023 10 13
790 712.87187078898023 10 14
780 730.19237886466897 10 15
770 712.87187078898023 10 0
780 695.5513627132915 10 1
800 695.5513627132915 10 2
790 678.23085463760276 10 3
770 678.23085463760276 10 4
760 695.5513627132915 10 5
750 678.23085463760276 10 6
760 660.91034656191403 10 7
780 660.91034656191403 10 8
770 643.58983848622529 10 9
750 643.58983848622529 10 10
740 660.91034656191403 10 11
760 626.26933041053655 10 12
740 695.5513627132915 10 13
750 712.87187078898023 10 14
730 712.87187078898023 10 15
720 695.5513627132915 10 0
730 678.23085463760276 10 1
710 712.87187078898023 10 2
720 730.19237886466897 10 3
740 730.19237886466897 10 4
730 747.5128869403577 10 5
710 747.5128869403577 10 6
700 730.19237886466897 10 7
690 747.5128869403577 10 8
700 764.83339501604644 10 9
720 764.83339501604644 10 10
710 782.15390309173517 10 11
690 782.15390309173517 10 12
680 764.83339501604644 10 13
670 782.15390309173517 10 14
680 799.47441116742391 10 15
700 799.47441116742391 10 0
690 816.79491924311264 10 1
670 816.79491924311264 10 2
660 799.47441116742391 10 3
650 816.79491924311264 10 4
660 834.11542731880138 10 5
680 834.11542731880138 10 6
670 851.43593539449012 10 7
650 851.43593539449012 10 8
640 834.11542731880138 10 9
630 851.43593539449012 10 10
640 868.75644347017885 10 11
660 868.75644347017885 10 12
620 868.75644347017885 10 13
690 851.43593539449012 10 14
700 834.11542731880138 10 15
710 851.43593539449012 10 0
700 868.75644347017885 10 1
680 868.75644347017885 10 2
720 868.75644347017885 10 3
730 851.43593539449012 10 4
720 834.11542731880138 10 5
740 834.11542731880138 10 6
750 851.43593539449012 10 7
740 868.75644347017885 10 8
760 868.75644347017885 10 9
770 851.43593539449012 10 10
760 834.11542731880138 10 11
780 834.11542731880138 10 12
790 851.43593539449012 10 13
780 868.75644347017885 10 14
800 868.75644347017885 10 15
810 851.43593539449012 10 0
800 834.11542731880138 10 1
820 834.11542731880138 10 2
830 851.43593539449012 10 3
820 868.75644347017885 10 4
840 868.75644347017885 10 5
810 816.79491924311264 10 6
790 816.79491924311264 10 7
800 799.47441116742391 10 8
780 799.47441116742391 10 9
770 816.79491924311264 10 10
760 799.47441116742391 10 11
770 782.15390309173517 10 12
790 782.15390309173517 10 13
780 764.83339501604644 10 14
760 764.83339501604644 10 15
750 782.15390309173517 10 0
740 764.83339501604644 10 1
750 747.5128869403577 10 2
770 747.5128869403577 10 3
760 730.19237886466897 10 4
730 782.15390309173517 10 5
740 799.47441116742391 10 6
720 799.47441116742391 10 7
730 816.79491924311264 10 8
750 816.79491924311264 10 9
710 816.79491924311264 10 10
990 886.07695154586759 10 11
520 37.372055837118253 10 12
510 54.692563912807024 10 13
500 37.372055837118253 10 14
510 20.051547761429479 10 15
530 20.051547761429479 10 0
490 20.051547761429479 10 1
480 37.372055837118253 10 2
490 54.692563912807032 10 3
470 54.692563912807024 10 4
460 37.372055837118253 10 5
470 20.051547761429479 10 6
450 20.051547761429479 10 7
440 37.372055837118253 10 8
450 54.692563912807032 10 9
430 54.692563912807024 10 10
420 37.372055837118253 10 11
430 20.051547761429479 10 12
410 20.051547761429479 10 13
400 37.372055837118253 10 14
410 54.692563912807032 10 15
390 54.692563912807024 10 0
380 37.372055837118253 10 1
390 20.051547761429479 10 2
370 20.051547761429479 10 3
360 37.372055837118253 10 4
370 54.692563912807032 10 5
350 54.692563912807024 10 6
340 37.372055837118253 10 7
350 20.051547761429479 10 8
330 20.051547761429479 10 9
320 37.372055837118253 10 10
330 54.692563912807032 10 11
310 54.692563912807024 10 12
300 37.372055837118253 10 13
310 20.051547761429479 10 14
290 20.051547761429479 10 15
280 37.372055837118253 10 0
290 54.692563912807032 10 1
270 54.692563912807024 10 2
260 37.372055837118253 10 3
270 20.051547761429479 10 4
250 20.051547761429479 10 5
240 37.372055837118253 10 6
250 54.692563912807032 10 7
230 54.692563912807024 10 8
220 37.372055837118253 10 9
230 20.051547761429479 10 10
210 20.051547761429479 10 11
200 37.372055837118253 10 12
210 54.692563912807032 10 13
190 54.692563912807024 10 14
180 37.372055837118253 10 15
190 20.051547761429479 10 0
170 20.051547761429479 10 1
160 37.372055837118253 10 2
170 54.692563912807032 10 3
150 54.692563912807024 10 4
140 37.372055837118253 10 5
150 20.051547761429479 10 6
130 20.051547761429479 10 7
120 37.372055837118253 10 8
130 54.692563912807032 10 9
110 54.692563912807024 10 10
100 37.372055837118253 10 11
110 20.051547761429479 10 12
90 20.051547761429479 10 13
80 37.372055837118253 10 14
90 54.692563912807032 10 15
70 54.692563912807024 10 0
60 37.372055837118253 10 1
70 20.051547761429479 10 2
50 20.051547761429479 10 3
40 37.372055837118253 10 4
50 54.692563912807032 10 5
30 54.692563912807024 10 6
20 37.372055837118253 10 7
30 20.051547761429479 10 8
10 54.692563912807024 10 9
20 72.013071988495795 10 10
40 72.013071988495795 10 11
30 89.333580064184574 10 12
10 89.333580064184574 10 13
20 106.65408813987335 10 14
40 106.65408813987335 10 15
50 89.333580064184574 10 0
60 106.65408813987335 10 1
50 123.97459621556213 10 2
30 123.97459621556213 10 3
40 141.29510429125091 10 4
60 141.29510429125091 10 5
70 123.97459621556213 10 6
80 141.29510429125091 10 7
70 158.61561236693967 10 8
50 158.61561236693967 10 9
60 175.93612044262844 10 10
80 175.93612044262844 10 11
90 158.61561236693967 10 12
100 175.93612044262844 10 13
90 193.2566285183172 10 14
70 193.2566285183172 10 15
80 210.57713659400596 10 0
100 210.57713659400596 10 1
110 193.2566285183172 10 2
120 210.57713659400596 10 3
110 227.89764466969473 10 4
90 227.89764466969473 10 5
100 245.21815274538349 10 6
120 245.21815274538349 10 7
130 227.89764466969473 10 8
140 245.21815274538349 10 9
130 262.53866082107226 10 10
110 262.53866082107226 10 11
120 279.85916889676105 10 12
140 279.85916889676105 10 13
150 262.53866082107226 10 14
160 279.85916889676105 10 15
150 297.17967697244984 10 0
130 297.17967697244984 10 1
140 314.50018504813863 10 2
160 314.50018504813863 10 3
170 297.17967697244984 10 4
180 314.50018504813863 10 5
170 331.82069312382743 10 6
150 331.82069312382743 10 7
160 349.14120119951622 10 8
180 349.14120119951622 10 9
190 331.82069312382743 10 10
200 349.14120119951622 10 11
190 366.46170927520501 10 12
170 366.46170927520501 10 13
180 383.7822173508938 10 14
200 383.7822173508938 10 15
210 366.46170927520501 10 0
220 383.7822173508938 10 1
210 401.10272542658259 10 2
190 401.10272542658259 10 3
200 418.42323350227139 10 4
220 418.42323350227139 10 5
230 401.10272542658259 10 6
240 418.42323350227139 10 7
230 435.74374157796018 10 8
210 435.74374157796018 10 9
220 453.06424965364897 10 10
240 453.06424965364897 10 11
250 435.74374157796018 10 12
260 453.06424965364897 10 13
250 470.38475772933776 10 14
230 470.38475772933776 10 15
240 487.70526580502656 10 0
260 487.70526580502656 10 1
270 470.38475772933776 10 2
250 505.02577388071535 10 3
230 505.02577388071535 10 4
220 487.70526580502656 10 5
210 505.02577388071535 10 6
220 522.34628195640414 10 7
240 522.34628195640414 10 8
230 539.66679003209288 10 9
210 539.66679003209288 10 10
200 522.34628195640414 10 11
190 539.66679003209288 10 12
200 556.98729810778161 10 13
220 556.98729810778161 10 14
210 574.30780618347035 10 15
190 574.30780618347035 10 0
180 556.98729810778161 10 1
170 574.30780618347035 10 2
180 591.62831425915908 10 3
200 591.62831425915908 10 4
190 608.94882233484782 10 5
170 608.94882233484782 10 6
160 591.62831425915908 10 7
150 608.94882233484782 10 8
160 626.26933041053655 10 9
180 626.26933041053655 10 10
170 643.58983848622529 10 11
150 643.58983848622529 10 12
140 626.26933041053655 10 13
130 643.58983848622529 10 14
140 660.91034656191403 10 15
160 660.91034656191403 10 0
150 678.23085463760276 10 1
130 678.23085463760276 10 2
120 660.91034656191403 10 3
110 678.23085463760276 10 4
120 695.5513627132915 10 5
140 695.5513627132915 10 6
130 712.87187078898023 10 7
110 712.87187078898023 10 8
100 695.5513627132915 10 9
90 712.87187078898023 10 10
100 730.19237886466897 10 11
120 730.19237886466897 10 12
110 747.5128869403577 10 13
90 747.5128869403577 10 14
80 730.19237886466897 10 15
70 747.5128869403577 10 0
80 764.83339501604644 10 1
100 764.83339501604644 10 2
90 782.15390309173517 10 3
70 782.15390309173517 10 4
60 764.83339501604644 10 5
50 782.15390309173517 10 6
60 799.47441116742391 10 7
80 799.47441116742391 10 8
70 816.79491924311264 10 9
50 816.79491924311264 10 10
40 799.47441116742391 10 11
30.000000000000004 816.79491924311264 10 12
40 834.11542731880138 10 13
60 834.11542731880138 10 14
50 851.43593539449012 10 15
30.000000000000004 851.43593539449012 10 0
20 834.11542731880138 10 1
10.000000000000004 851.43593539449012 10 2
20.000000000000004 868.75644347017885 10 3
40 868.75644347017885 10 4
30 886.07695154586759 10 5
10 886.07695154586759 10 6
20 903.39745962155632 10 7
20 799.47441116742391 10 8
30 782.15390309173517 10 9
10.000000000000002 782.15390309173517 10 10
20 764.83339501604644 10 11
40 764.83339501604644 10 12
30 747.5128869403577 10 13
10.000000000000002 747.5128869403577 10 14
20 730.19237886466897 10 15
40 730.19237886466897 10 0
50 747.5128869403577 10 1
60 730.19237886466897 10 2
50 712.87187078898023 10 3
30 712.87187078898023 10 4
40 695.5513627132915 10 5
60 695.5513627132915 10 6
70 712.87187078898023 10 7
80 695.5513627132915 10 8
70 678.23085463760276 10 9
50 678.23085463760276 10 10
60 660.91034656191403 10 11
80 660.91034656191403 10 12
90 678.23085463760276 10 13
100 660.91034656191403 10 14
90 643.58983848622529 10 15
70 643.58983848622529 10 0
80 626.26933041053655 10 1
100 626.26933041053655 10 2
110 643.58983848622529 10 3
120 626.26933041053655 10 4
110 608.94882233484782 10 5
90 608.94882233484782 10 6
100 591.62831425915908 10 7
120 591.62831425915908 10 8
130 608.94882233484782 10 9
140 591.62831425915908 10 10
130 574.30780618347035 10 11
110 574.30780618347035 10 12
120 556.98729810778161 10 13
140 556.98729810778161 10 14
150 574.30780618347035 10 15
160 556.98729810778161 10 0
150 539.66679003209288 10 1
130 539.66679003209288 10 2
140 522.34628195640414 10 3
160 522.34628195640414 10 4
170 539.66679003209288 10 5
180 522.34628195640414 10 6
170 505.02577388071535 10 7
150 505.02577388071535 10 8
160 487.70526580502656 10 9
180 487.70526580502656 10 10
190 505.02577388071535 10 11
200 487.70526580502656 10 12
190 470.38475772933776 10 13
170 470.38475772933776 10 14
180 453.06424965364897 10 15
200 453.06424965364897 10 0
210 470.38475772933776 10 1
190 435.74374157796018 10 2
170 435.74374157796018 10 3
160 453.06424965364897 10 4
150 435.74374157796018 10 5
160 418.42323350227139 10 6
180 418.42323350227139 10 7
170 401.10272542658259 10 8
150 401.10272542658259 10 9
140 418.42323350227139 10 10
130 401.10272542658259 10 11
140 383.7822173508938 10 12
160 383.7822173508938 10 13
150 366.46170927520501 10 14
130 366.46170927520501 10 15
120 383.7822173508938 10 0
110 366.46170927520501 10 1
120 349.14120119951622 10 2
140 349.14120119951622 10 3
130 331.82069312382743 10 4
110 331.82069312382743 10 5
100 349.14120119951622 10 6
90 331.82069312382743 10 7
100 314.50018504813863 10 8
120 314.50018504813863 10 9
110 297.17967697244984 10 10
90 297.17967697244984 10 11
80 314.50018504813863 10 12
70 297.17967697244984 10 13
80 279.85916889676105 10 14
100 279.85916889676105 10 15
90 262.53866082107226 10 0
70 262.53866082107226 10 1
60 279.85916889676105 10 2
50 262.53866082107226 10 3
60 245.21815274538349 10 4
80 245.21815274538349 10 5
70 227.89764466969473 10 6
50 227.89764466969473 10 7
40 245.21815274538349 10 8
30 227.89764466969473 10 9
40 210.57713659400596 10 10
60 210.57713659400596 10 11
50 193.2566285183172 10 12
30 193.2566285183172 10 13
20 210.57713659400596 10 14
10 193.2566285183172 10 15
20 175.93612044262844 10 0
40 175.93612044262844 10 1
30 158.61561236693967 10 2
10 158.61561236693967 10 3
20 141.29510429125091 10 4
20 245.21815274538349 10 5
30 262.53866082107226 10 6
10 262.53866082107226 10 7
20 279.85916889676105 10 8
40 279.85916889676105 10 9
30 297.17967697244984 10 10
10 297.17967697244984 10 11
20 314.50018504813863 10 12
40 314.50018504813863 10 13
50 297.17967697244984 10 14
60 314.50018504813863 10 15
50 331.82069312382743 10 0
30 331.82069312382743 10 1
40 349.14120119951622 10 2
60 349.14120119951622 10 3
70 331.82069312382743 10 4
80 349.14120119951622 10 5
70 366.46170927520501 10 6
50 366.46170927520501 10 7
60 383.7822173508938 10 8
80 383.7822173508938 10 9
90 366.46170927520501 10 10
100 383.7822173508938 10 11
90 401.10272542658259 10 12
70 401.10272542658259 10 13
80 418.42323350227139 10 14
100 418.42323350227139 10 15
110 401.10272542658259 10 0
120 418.42323350227139 10 1
110 435.74374157796018 10 2
90 435.74374157796018 10 3
100 453.06424965364897 10 4
120 453.06424965364897 10 5
130 435.74374157796018 10 6
140 453.06424965364897 10 7
130 470.38475772933776 10 8
110 470.38475772933776 10 9
120 487.70526580502656 10 10
140 487.70526580502656 10 11
150 470.38475772933776 10 12
130 505.02577388071535 10 13
110 505.02577388071535 10 14
100 487.70526580502656 10 15
90 505.02577388071535 10 0
100 522.34628195640414 10 1
120 522.34628195640414 10 2
110 539.66679003209288 10 3
90 539.66679003209288 10 4
80 522.34628195640414 10 5
70 539.66679003209288 10 6
80 556.98729810778161 10 7
100 556.98729810778161 10 8
90 574.30780618347035 10 9
70 574.30780618347035 10 10
60 556.98729810778161 10 11
50 574.30780618347035 10 12
60 591.62831425915908 10 13
80 591.62831425915908 10 14
70 608.94882233484782 10 15
50 608.94882233484782 10 0
40 591.62831425915908 10 1
30.000000000000004 608.94882233484782 10 2
40 626.26933041053655 10 3
60 626.26933041053655 10 4
50 643.58983848622529 10 5
30.000000000000004 643.58983848622529 10 6
20 626.26933041053655 10 7
10.000000000000004 643.58983848622529 10 8
20.000000000000004 660.91034656191403 10 9
40 660.91034656191403 10 10
30 678.23085463760276 10 11
10 678.23085463760276 10 12
20 695.5513627132915 10 13
20 591.62831425915908 10 14
30 574.30780618347035 10 15
10.000000000000002 574.30780618347035 10 0
20 556.98729810778161 10 1
40 556.98729810778161 10 2
30 539.66679003209288 10 3
10.000000000000002 539.66679003209288 10 4
20 522.34628195640414 10 5
40 522.34628195640414 10 6
50 539.66679003209288 10 7
60 522.34628195640414 10 8
50 505.02577388071535 10 9
30 505.02577388071535 10 10
40 487.70526580502656 10 11
60 487.70526580502656 10 12
70 505.02577388071535 10 13
80 487.70526580502656 10 14
70 470.38475772933776 10 15
50 470.38475772933776 10 0
60 453.06424965364897 10 1
80 453.06424965364897 10 2
90 470.38475772933776 10 3
70 435.74374157796018 10 4
50 435.74374157796018 10 5
40 453.06424965364897 10 6
30 435.74374157796018 10 7
40 418.42323350227139 10 8
60 418.42323350227139 10 9
50 401.10272542658259 10 10
30 401.10272542658259 10 11
20 418.42323350227139 10 12
10.000000000000002 401.10272542658259 10 13
20 383.7822173508938 10 14
40 383.7822173508938 10 15
30 366.46170927520501 10 0
10.000000000000002 366.46170927520501 10 1
20 349.14120119951622 10 2
20 453.06424965364897 10 3
30 470.38475772933776 10 4
10 470.38475772933776 10 5
20 487.70526580502656 10 6
10.000000000000002 435.74374157796018 10 7
10.000000000000004 608.94882233484782 10 8
10 227.89764466969473 10 9
10.000000000000004 816.79491924311264 10 10
270 435.74374157796018 10 11
260 418.42323350227139 10 12
280 418.42323350227139 10 13
290 435.74374157796018 10 14
280 453.06424965364897 10 15
300 418.42323350227139 10 0
290 401.10272542658259 10 1
270 401.10272542658259 10 2
280 383.7822173508938 10 3
300 383.7822173508938 10 4
310 401.10272542658259 10 5
320 383.7822173508938 10 6
310 366.46170927520501 10 7
290 366.46170927520501 10 8
300 349.14120119951622 10 9
320 349.14120119951622 10 10
330 366.46170927520501 10 11
340 349.14120119951622 10 12
330 331.82069312382743 10 13
310 331.82069312382743 10 14
320 314.50018504813863 10 15
340 314.50018504813863 10 0
350 331.82069312382743 10 1
360 314.50018504813863 10 2
350 297.17967697244984 10 3
330 297.17967697244984 10 4
340 279.85916889676105 10 5
360 279.85916889676105 10 6
370 297.17967697244984 10 7
380 279.85916889676105 10 8
370 262.53866082107226 10 9
350 262.53866082107226 10 10
360 245.21815274538349 10 11
380 245.21815274538349 10 12
390 262.53866082107226 10 13
400 245.21815274538349 10 14
390 227.89764466969473 10 15
370 227.89764466969473 10 0
380 210.57713659400596 10 1
400 210.57713659400596 10 2
410 227.89764466969473 10 3
420 210.57713659400596 10 4
410 193.2566285183172 10 5
390 193.2566285183172 10 6
400 175.93612044262844 10 7
420 175.93612044262844 10 8
430 193.2566285183172 10 9
440 175.93612044262844 10 10
430 158.61561236693967 10 11
410 158.61561236693967 10 12
420 141.29510429125091 10 13
440 141.29510429125091 10 14
450 158.61561236693967 10 15
460 141.29510429125091 10 0
450 123.97459621556213 10 1
430 123.97459621556214 10 2
440 106.65408813987337 10 3
460 106.65408813987335 10 4
470 123.97459621556212 10 5
480 106.65408813987334 10 6
470 89.333580064184574 10 7
450 89.333580064184588 10 8
460 72.01307198849581 10 9
480 72.013071988495795 10 10
490 89.333580064184559 10 11
500 72.013071988495781 10 12
440 72.013071988495824 10 13
430 89.333580064184602 10 14
420 72.013071988495824 10 15
410 89.333580064184602 10 0
420 106.65408813987338 10 1
400 106.65408813987338 10 2
390 89.333580064184616 10 3
400 72.013071988495838 10 4
380 72.013071988495852 10 5
370 89.33358006418463 10 6
380 106.65408813987339 10 7
360 106.65408813987341 10 8
350 89.333580064184645 10 9
360 72.013071988495867 10 10
340 72.013071988495881 10 11
330 89.333580064184659 10 12
340 106.65408813987342 10 13
320 106.65408813987344 10 14
310 89.333580064184673 10 15
320 72.013071988495895 10 0
300 72.013071988495909 10 1
290 89.333580064184687 10 2
300 106.65408813987345 10 3
280 106.65408813987347 10 4
270 89.333580064184702 10 5
280 72.013071988495923 10 6
260 72.013071988495938 10 7
250 89.333580064184716 10 8
260 106.65408813987348 10 9
240 106.65408813987349 10 10
230 89.33358006418473 10 11
240 72.013071988495952 10 12
220 72.013071988495966 10 13
210 89.333580064184744 10 14
220 106.65408813987351 10 15
200 106.65408813987352 10 0
190 89.333580064184758 10 1
200 72.01307198849598 10 2
180 72.013071988495994 10 3
170 89.333580064184773 10 4
180 106.65408813987354 10 5
160 106.65408813987355 10 6
150 89.333580064184787 10 7
160 72.013071988496009 10 8
140 72.013071988496023 10 9
130 89.333580064184801 10 10
140 106.65408813987356 10 11
120 106.65408813987358 10 12
110 89.333580064184815 10 13
119.99999999999999 72.013071988496037 10 14
99.999999999999986 72.013071988496051 10 15
90 89.333580064184829 10 0
100.00000000000001 106.65408813987359 10 1
80.000000000000014 106.65408813987361 10 2
70 89.333580064184844 10 3
79.999999999999986 72.013071988496066 10 4
59.999999999999986 72.01307198849608 10 5
90.000000000000028 123.97459621556237 10 6
110.00000000000003 123.97459621556236 10 7
100.00000000000004 141.29510429125114 10 8
120.00000000000004 141.29510429125114 10 9
130.00000000000003 123.97459621556236 10 10
140.00000000000006 141.29510429125114 10 11
130.00000000000006 158.6156123669399 10 12
110.00000000000006 158.61561236693993 10 13
120.00000000000009 175.93612044262869 10 14
140.00000000000009 175.93612044262866 10 15
150.00000000000006 158.61561236693987 10 0
160.00000000000009 175.93612044262863 10 1
150.00000000000011 193.25662851831743 10 2
130.00000000000011 193.25662851831746 10 3
140.00000000000014 210.57713659400622 10 4
160.00000000000014 210.57713659400619 10 5
170.00000000000011 193.2566285183174 10 6
180.00000000000014 210.57713659400616 10 7
170.00000000000017 227.89764466969496 10 8
150.00000000000017 227.89764466969498 10 9
160.0000000000002 245.21815274538375 10 10
180.0000000000002 245.21815274538372 10 11
190.00000000000017 227.89764466969493 10 12
200.0000000000002 245.21815274538369 10 13
190.00000000000023 262.53866082107248 10 14
170.00000000000023 262.53866082107248 10 15
180.00000000000023 279.85916889676128 10 0
200.00000000000023 279.85916889676128 10 1
210.00000000000023 262.53866082107248 10 2
220.00000000000023 279.85916889676128 10 3
210.00000000000023 297.17967697245007 10 4
190.00000000000023 297.17967697245007 10 5
200.00000000000023 314.50018504813886 10 6
220.00000000000023 314.50018504813886 10 7
230.00000000000023 297.17967697245007 10 8
240.00000000000023 314.50018504813886 10 9
230.00000000000023 331.82069312382765 10 10
210.00000000000023 331.82069312382765 10 11
220.00000000000023 349.14120119951644 10 12
240.00000000000023 349.14120119951644 10 13
250.00000000000023 331.82069312382765 10 14
260.00000000000023 349.14120119951644 10 15
250.00000000000023 366.46170927520524 10 0
230.00000000000023 366.46170927520524 10 1
240.00000000000023 383.78221735089403 10 2
260.00000000000023 383.78221735089403 10 3
270.00000000000023 366.46170927520524 10 4
250.00000000000023 401.10272542658282 10 5
270.00000000000023 331.82069312382765 10 6
260.00000000000023 314.50018504813886 10 7
280.00000000000023 314.50018504813886 10 8
290.00000000000023 331.82069312382765 10 9
280.00000000000023 349.14120119951644 10 10
300.00000000000023 314.50018504813886 10 11
290.00000000000023 297.17967697245007 10 12
270.00000000000023 297.17967697245007 10 13
280.00000000000023 279.85916889676128 10 14
300.00000000000023 279.85916889676128 10 15
310.00000000000023 297.17967697245007 10 0
320.00000000000023 279.85916889676128 10 1
310.00000000000023 262.53866082107248 10 2
290.00000000000023 262.53866082107248 10 3
300.00000000000023 245.21815274538372 10 4
320.00000000000023 245.21815274538372 10 5
330.00000000000023 262.53866082107248 10 6
340.00000000000023 245.21815274538372 10 7
330.00000000000023 227.89764466969496 10 8
310.00000000000023 227.89764466969496 10 9
320.00000000000023 210.57713659400619 10 10
340.00000000000023 210.57713659400619 10 11
350.00000000000023 227.89764466969496 10 12
360.00000000000023 210.57713659400619 10 13
350.00000000000023 193.25662851831743 10 14
330.00000000000023 193.25662851831743 10 15
340.00000000000023 175.93612044262866 10 0
360.00000000000023 175.93612044262866 10 1
370.00000000000023 193.25662851831743 10 2
380.00000000000023 175.93612044262866 10 3
370.00000000000023 158.6156123669399 10 4
350.00000000000023 158.6156123669399 10 5
360.00000000000023 141.29510429125114 10 6
380.00000000000023 141.29510429125114 10 7
390.00000000000023 158.6156123669399 10 8
400.00000000000023 141.29510429125114 10 9
390.00000000000023 123.97459621556236 10 10
370.00000000000023 123.97459621556237 10 11
410.00000000000023 123.97459621556236 10 12
340.00000000000023 141.29510429125114 10 13
330.00000000000023 158.6156123669399 10 14
320.00000000000023 141.29510429125114 10 15
330.00000000000023 123.97459621556236 10 0
350.00000000000023 123.97459621556236 10 1
310.00000000000023 123.97459621556237 10 2
300.00000000000023 141.29510429125114 10 3
310.00000000000023 158.6156123669399 10 4
290.00000000000023 158.6156123669399 10 5
280.00000000000023 141.29510429125114 10 6
290.00000000000023 123.97459621556236 10 7
270.00000000000023 123.97459621556237 10 8
260.00000000000023 141.29510429125114 10 9
270.00000000000023 158.6156123669399 10 10
250.00000000000023 158.6156123669399 10 11
240.00000000000023 141.29510429125114 10 12
250.00000000000023 123.97459621556236 10 13
230.00000000000023 123.97459621556237 10 14
220.00000000000023 141.29510429125114 10 15
230.00000000000023 158.6156123669399 10 0
210.00000000000023 158.6156123669399 10 1
200.00000000000023 141.29510429125114 10 2
210.00000000000023 123.97459621556236 10 3
190.00000000000023 123.97459621556237 10 4
180.00000000000023 141.29510429125114 10 5
190.00000000000023 158.6156123669399 10 6
170.00000000000023 158.6156123669399 10 7
160.00000000000023 141.29510429125114 10 8
170.00000000000023 123.97459621556236 10 9
150.00000000000023 123.97459621556237 10 10
180.00000000000023 175.93612044262866 10 11
200.00000000000023 175.93612044262866 10 12
190.00000000000023 193.25662851831743 10 13
210.00000000000023 193.25662851831743 10 14
220.00000000000023 175.93612044262866 10 15
230.00000000000023 193.25662851831743 10 0
220.00000000000023 210.57713659400619 10 1
200.00000000000023 210.57713659400619 10 2
210.00000000000023 227.89764466969496 10 3
230.00000000000023 227.89764466969496 10 4
240.00000000000023 210.57713659400619 10 5
250.00000000000023 227.89764466969496 10 6
240.00000000000023 245.21815274538372 10 7
220.00000000000023 245.21815274538372 10 8
230.00000000000023 262.53866082107248 10 9
250.00000000000023 262.53866082107248 10 10
260.00000000000023 245.21815274538372 10 11
270.00000000000023 262.53866082107248 10 12
260.00000000000023 279.85916889676128 10 13
240.00000000000023 279.85916889676128 10 14
250.00000000000023 297.17967697245007 10 15
280.00000000000023 245.21815274538372 10 0
270.00000000000023 227.89764466969496 10 1
290.00000000000023 227.89764466969496 10 2
280.00000000000023 210.57713659400619 10 3
260.00000000000023 210.57713659400619 10 4
270.00000000000023 193.25662851831743 10 5
290.00000000000023 193.25662851831743 10 6
300.00000000000023 210.57713659400619 10 7
310.00000000000023 193.25662851831743 10 8
300.00000000000023 175.93612044262866 10 9
280.00000000000023 175.93612044262866 10 10
320.00000000000023 175.93612044262866 10 11
250.00000000000023 193.25662851831743 10 12
260.00000000000023 175.93612044262866 10 13
240.00000000000023 175.93612044262866 10 14
10 10 10 15
