5764 1150 258 100
258 1150 258 100
773.09921374430382 1150.9000000000001 257.10000000000002 99
5958.4499999999998 63.549999999999997 63.549999999999997 28
526.9212049782891 1349.0699999999999 58.93 26
58.689999999999998 903.89416910605314 58.689999999999998 27
5839.2985417630143 55.850000000000001 55.850000000000001 25
1010.7105771089375 1353.0999999999999 54.899999999999999 24
5731.5172817963576 52 52 23
258 258 258 100
701.07714903840383 190.22999999999999 190.22999999999999 75
1212.9275793614681 1221.79 186.21000000000001 74
183.84999999999999 696.14281291312716 183.84999999999999 73
897.9559564301594 50.939999999999998 50.939999999999998 22
47.880000000000003 508.49699761206591 47.880000000000003 21
516.11509022633288 44.960000000000001 44.960000000000001 20
5763.3196286416496 360.36441223839654 258 100
1100.5025397692266 215.4372537085963 209.99000000000001 84
599.65594489225919 576.3418535470596 208.97999999999999 83
881.94236210994973 319.47807426257577 32.07 15
441.4797138864314 1377.03 30.969999999999999 14
5626.7904370317056 77.766460479479292 55.850000000000001 25
5934.2612110846158 1379.9100000000001 28.09 13
26.98 424.86329734246533 26.98 12
615.01657712661586 1383.7 24.300000000000001 11
1633.1231552544086 1170.95 237.05000000000001 92
1323.6205982949893 818.45376550155675 232.03999999999999 89
895.93022638512753 458.71723273826899 107.87 46
1395.9248645872331 1363.04 44.960000000000001 20
22.989999999999998 826.16914101632324 22.989999999999998 10
576.35769309174702 20.18 20.18 9
39.100000000000001 39.100000000000001 39.100000000000001 18
19 568.82012750433853 19 8
440.17123728220054 32.07 32.07 15
1374.3711817360304 1076.5208854149505 30.969999999999999 14
396.95915683690652 1392 16 7
5884.2427544594684 1393.99 14.01 6
40.079999999999998 1367.9200000000001 40.079999999999998 19
353.36408818301931 540.26571574497189 39.939999999999998 17
24.300000000000001 991.64091437495608 24.300000000000001 11
580.84975111072731 1395.99 12.01 5
516.62004653009717 898.26263759074152 102.91 44
103.96857463491421 22.989999999999998 22.989999999999998 10
2002.9452313937327 1263.76 144.24000000000001 59
1098.3719048216124 533.29011274044456 107.87 46
6011.1899999999996 10.81 10.81 4
2019.8362604606423 861.87480403346422 258 100
536.37611619665995 339.53123837685598 32.07 15
1896.8887500345977 1123.3849770287757 30.969999999999999 14
5860.4277968222859 1398.99 9.0099999999999998 3
5986.5500000000002 158.47834139497013 35.450000000000003 16
931.18185036199179 1383.7 24.300000000000001 11
1660.1593098194048 832.06676355072159 102.91 44
2238.2185668994803 1312.0599999999999 95.939999999999998 41
1739.9786775467778 659.06228547109959 87.620000000000005 37
386.49902723367211 16 16 7
1081.7641062260757 1385.01 22.989999999999998 10
366.60069940273956 859.64523752961134 52 23
1839.5960881051822 1363.04 44.960000000000001 20
424.85606681541185 774.77500854668369 50.939999999999998 22
674.58303966334256 845.75907199385779 63.549999999999997 28
14.01 1028.5431094316191 14.01 6
2186.9285460064557 1154.5399398273569 69.719999999999999 30
6.9400000000000004 545.85406558680461 6.9400000000000004 2
516.25804815997662 1029.5160551749771 26.98 12
1335.682261721819 1387.8199999999999 20.18 9
1898.244515063805 1389 19 8
516.53577333558815 1266.4904885604499 24.300000000000001 11
12.01 792.93603102041709 12.01 5
100.79043402908596 1385.01 22.989999999999998 10
5993.9099999999999 1379.9100000000001 28.09 13
836.11960668141091 792.88432928983048 106.42 45
605.89721238370566 10.81 10.81 4
1075.7876383519933 999.57048357554697 74.920000000000002 32
5673.8284613889336 16 16 7
2417.361087001329 1125.7828111346998 162.5 65
764.63146849198404 402.10328401379979 30.969999999999999 14
1901.32074649625 410.18420932315155 208.97999999999999 83
824.99391787942875 20.18 20.18 9
1566.5625057980444 918.21792359507072 24.300000000000001 11
1019.4109497893171 429.58807470756017 19 8
894.27965530532879 1393.99 14.01 6
22.989999999999998 103.96857463491421 22.989999999999998 10
5597.1367026575344 1381.02 26.98 12
960.77529558217532 1398.99 9.0099999999999998 3
1314.4174016658753 465.00512395582524 118.70999999999999 49
1637.0618087058072 526.88411591208944 79.900000000000006 34
1309.1079144523092 322.0937197729225 24.300000000000001 11
1779.3534852397681 1387.8199999999999 20.18 9
1475.090160932107 231.22080437168941 164.93000000000001 66
1613.1173870811558 644.45054425394608 40.079999999999998 19
462.78441097093514 74.488973063042465 16 7
137.20168463082041 12.01 12.01 5
4 1404 4 1
5934.4835842815146 142.54438851974703 19 8
2099.0952650608797 569.4662340670908 44.960000000000001 20
5519.5008088969807 1352.1500000000001 55.850000000000001 25
1640.7807132594123 395.03655336760715 52 23
5370.8519138455877 1309.0899999999999 98.909999999999997 42
1025.320783101495 864.02039644490276 69.719999999999999 30
2388.6013345292854 1349.0699999999999 58.93 26
1548.9569094780873 434.33545232328692 47.880000000000003 21
1673.7188631267247 309.04931778395519 40.079999999999998 19
6011.1899999999996 119.326610909588 10.81 4
946.1426586323505 634.4752930024232 74.920000000000002 32
5993.9099999999999 1323.73 28.09 13
137.75724554053164 1393.99 14.01 6
5237.4803486602004 1363.04 44.960000000000001 20
5494.4018228307114 1269.0371051012828 30.969999999999999 14
1747.4194074119523 935.91768468412874 24.300000000000001 11
1803.02196216584 1401.0599999999999 6.9400000000000004 2
6001.8199999999997 211.97155591793558 20.18 9
5463.1928030137442 1205.2084314344727 40.079999999999998 19
2136.0495757314275 493.03071272482077 39.939999999999998 17
1063.0123623884876 693.14611406326026 55.850000000000001 25
22.989999999999998 1304.0314253650859 22.989999999999998 10
983.64720998342523 738.27772807961492 35.450000000000003 16
2232.9461050079776 1063.7457309616948 32.07 15
5291.1221234257691 1392 16 7
1167.0450715711324 1021.7751516040126 19 8
1114.9972162219819 1395.99 12.01 5
6012.9899999999998 1246.4277968222857 9.0099999999999998 3
1067.9065115410451 777.20250811955304 26.98 12
966.39894292256781 22.989999999999998 22.989999999999998 10
115.77796754515896 503.8034271974941 20.18 9
5643.7572455405316 1393.99 14.01 6
1526.9088666070427 604.58462650877902 54.899999999999999 24
500.65061019261248 113.7295200910705 24.300000000000001 11
1128.3198132592881 656.57482257994002 19 8
1302.658958488282 1397.1900000000001 10.81 4
2327.1886322601295 1392 16 7
1467.0002161516115 1379.9100000000001 28.09 13
1848.1532354110766 635.97902030207547 22.989999999999998 10
5889.8598290105865 112.6313097054702 20.18 9
1323.3187348051813 72.190420132075815 54.899999999999999 24
1554.8167337775981 686.95532427194371 32.07 15
6009.9899999999998 1267.2326135722597 12.01 5
1405.7156740729738 48.016026669163409 30.969999999999999 14
600.34795910156117 809.65290473692187 19 8
5895.2434611033796 14.01 14.01 6
75.527765919798696 1401.0599999999999 6.9400000000000004 2
369.02345649135214 601.21626196224531 22.989999999999998 10
5459.7145228440741 1392 16 7
1608.5888281532173 711.35746283518245 26.98 12
6012.9899999999998 1053.5722031777143 9.0099999999999998 3
2100.1286048429274 1131.1352348728399 20.18 9
795.45439858747 10.81 10.81 4
5101.4386844539731 1305.0899999999999 102.91 44
1467.2624181419862 34.376382447135725 32.07 15
381.15998304691902 641.41408308685368 19 8
1509.9517299967622 1392 16 7
14.01 385.97937778694728 14.01 6
5787.500530218168 12.01 12.01 5
4 4 4 1
370.65630528046876 1397.1900000000001 10.81 4
5667.5722031777141 1398.99 9.0099999999999998 3
1047.7698369949428 1093.3861054469435 22.989999999999998 10
5183.8385738946317 1392 16 7
2130.2511872638333 1379.9100000000001 28.09 13
653.0663682394171 1393.99 14.01 6
2516.7980521159693 1338.28 69.719999999999999 30
1714.0300484225625 218.61708658265928 58.93 26
392.31627552733369 683.25218937874331 24.300000000000001 11
1285.3359795296849 1401.0599999999999 6.9400000000000004 2
2236.5706041411058 579.89063068161283 92.909999999999997 40
1526.4931296627008 518.71563290344375 30.969999999999999 14
135.63767653760942 893.18010472956939 19 8
4951.1089269207423 1353.0999999999999 54.899999999999999 24
1809.3200173522791 170.36568327276964 47.880000000000003 21
12.01 602.163272586522 12.01 5
5010.3845542898389 1392 16 7
1251.5230402442014 32.824030374993953 26.98 12
1402.8716967462274 1299.4583743290973 19 8
2454.2911820935469 1393.99 14.01 6
1719.4725935946028 80.834537607651924 78.959999999999994 33
10.81 459.0190464924986 10.81 4
848.64162986737779 590.42521366342578 32.07 15
1567.9447417410886 740.42736375904883 22.989999999999998 10
5646.1041038670719 12.01 12.01 5
9.0099999999999998 363.50894387925428 9.0099999999999998 3
1012.5520041500453 1282.2239169645197 16 7
1002.2926693939165 14.01 14.01 6
840.96875656582381 654.10461861744761 32.07 15
1133.2563947358144 1401.0599999999999 6.9400000000000004 2
1458.3546278585804 538.84638231547228 40.079999999999998 19
5237.9637857298703 1282.6314532614867 35.450000000000003 16
5623.3156769797242 10.81 10.81 4
2236.8459404363521 360.08080312623599 126.90000000000001 52
1654.1518649541376 160.8084709226934 24.300000000000001 11
295.94916491455422 874.42065882528868 20.18 9
984.05823016600812 952.70070894573996 28.09 13
1765.7050442722662 759.43787241885138 16 7
1739.837174951916 1395.99 12.01 5
6018 1404 4 1
1534.5586678723548 39.868665417619439 35.450000000000003 16
1024.7631033016096 9.0099999999999998 9.0099999999999998 3
4977.0856640999536 1278.2812247793229 24.300000000000001 11
1927.146384465849 123.40471210714907 78.959999999999994 33
1093.6252543842336 912.44778645082317 14.01 6
2102.4553068266 171.8142012669432 102.91 44
1179.7972517186618 435.99720558532272 19 8
2099.3505279715782 294.86503811196997 20.18 9
1317.2220425075413 142.82780643018214 16 7
1824.5323422982651 97.067628934760563 26.98 12
926.80782988557235 901.98402256195743 35.450000000000003 16
2264.2062033874136 1012.3450320432172 28.09 13
12.01 1270.7983153691796 12.01 5
1753.3608930767366 897.22582491847504 10.81 4
61.833762118857351 446.43632138088174 14.01 6
5213.5747133314062 1199.7556108974875 50.939999999999998 22
1223.6221683291465 575.49533032421323 24.300000000000001 11
1721.5779964380836 1401.0599999999999 6.9400000000000004 2
1211.0584832640502 18.336103387322453 16 7
475.86141461776265 9.0099999999999998 9.0099999999999998 3
5272.7442621187629 1239.214689653847 20.18 9
2093.5164135473669 1395.99 12.01 5
1185.13446496609 11.500799788576018 10.81 4
1385.4154269427411 1120.1239248481602 14.01 6
4809.0066464725851 1174.8765854568112 173.03999999999999 69
896.66040523151105 117.86746183063927 16 7
6020.9899999999998 1.01 1.01 0
1631.4920357292619 123.91101654573848 19 8
5596.5655496745903 142.94988386495123 16 7
386.54037292241406 497.72236572536724 14.01 6
12.01 957.47408835906754 12.01 5
9.0099999999999998 1051.013543339312 9.0099999999999998 3
6018 1214.2495136168361 4 1
78.705906525626943 6.9400000000000004 6.9400000000000004 2
2457.1897940537892 508.73552445394034 138.90000000000001 56
1605.1542965263411 76.254684399013968 35.450000000000003 16
5781.8207927790872 89.611871567504068 10.81 4
504.56529359454396 372.86947416366252 14.01 6
5488.2200563435636 131.875491111559 92.909999999999997 40
1485.6588684447704 477.59671255300373 26.98 12
2166.9859609802998 1395.99 12.01 5
2722.6586962420383 1256.04 151.96000000000001 62
1452.0538924546486 598.77607723685196 20.18 9
2551.700022954516 1256.7135189456769 19 8
5556.7706121773308 33.516793504882898 26.98 12
2599.1192765966584 1383.7 24.300000000000001 11
503.59281135885487 148.71602537950082 10.81 4
1924.4124343544174 1398.99 9.0099999999999998 3
1445.5995441921152 486.28179403912912 14.01 6
5312.1972272214807 1401.0599999999999 6.9400000000000004 2
1849.1539307488731 39.697930642291823 35.450000000000003 16
1417.0792759912174 581.1168416011883 19 8
12.01 146.67021961757041 12.01 5
1728.8535780590207 554.65246262208359 16 7
5350.152768699947 1089.4029931237631 121.75 50
54.72124078642662 974.11207502335458 10.81 4
936.63979198947663 722.89610743866183 14.01 6
1533.965059628448 1398.99 9.0099999999999998 3
747.56499490211013 877.41087620035637 16 7
2637.2177318280055 1395.99 12.01 5
5828.2495136168363 1404 4 1
2160.7231380336502 1234.0634551733149 14.01 6
1258.1830772276012 581.68044763213186 10.81 4
1875.2784531462712 1401.0599999999999 6.9400000000000004 2
6009.9899999999998 243.10750298880529 12.01 5
2569.5258313764748 1398.99 9.0099999999999998 3
5278.2724408807971 1205.4745749596882 14.01 6
4878.0590809250116 1383.7 24.300000000000001 11
2040.6582542887606 586.82242523967398 16 7
5511.2590258935215 21.157136797217191 20.18 9
1784.924349247817 223.74515009042275 10.81 4
6009.9899999999998 1032.7673864277403 12.01 5
5472.0790317928077 21.135636377809703 19 8
939.7446309997722 854.24587453617369 14.01 6
298.5745142572996 528.97916671357632 16 7
2361.4012961663261 730.76399058489267 102.91 44
2021.9174172625492 59.310254915853946 35.450000000000003 16
1970.1265964567788 29.514728737171112 24.300000000000001 11
2657.7094114114875 1401.0599999999999 6.9400000000000004 2
2303.1753026284437 1398.99 9.0099999999999998 3
6003 1002.5554682496438 19 8
1905.3907996371022 23.803020210077349 22.989999999999998 10
2186.5774961310681 488.28816487713772 10.81 4
5600.5272500923766 12.01 12.01 5
5699.7504863831637 1404 4 1
4996.688661885245 1235.2455816700365 22.989999999999998 10
5089.7590798835872 1083.7779776490227 118.70999999999999 49
2579.1307953502323 731.23098643647347 114.81999999999999 48
5028.7374443907092 1207.23000923123 19 8
4825.8063489390188 1379.9100000000001 28.09 13
2459.6641035685616 883.80358540084603 78.959999999999994 33
2605.2637982335532 913.91124743995556 69.719999999999999 30
2329.7876395379967 881.33091661642891 50.939999999999998 22
2406.4011945629009 332.02950372529017 44.960000000000001 20
5982.8999999999996 948.04308433552751 39.100000000000001 18
9.0099999999999998 1249.9934986192056 9.0099999999999998 3
3014.4882053736546 1267.8899999999999 140.11000000000001 57
2706.1756331873689 542.8349087731217 112.41 47
2887.2867010964592 1055.0194813516473 107.87 46
5919.0900000000001 821.17652451774097 102.91 44
3093.6794256348489 1042.3699099114604 98.909999999999997 42
2708.2897349193108 1031.9301656541909 72.609999999999999 31
2989.6926231147968 917.55005371199309 63.549999999999997 28
3191.4078877156712 1352.1500000000001 55.850000000000001 25
2784.0225685827672 932.97467058037887 52 23
3181.5660336092728 1269.9067826033761 26.98 12
2658.7304628392758 223.94509110777125 209.99000000000001 84
3405.0863658083422 1203.6199999999999 204.38 80
3149.398218837046 1160.9075684174845 32.07 15
3708.2322435635906 1295.5899999999999 112.41 47
3139.9559878059681 845.92706276852527 102.91 44
2956.7403016471153 756.26183681475482 101.06999999999999 43
3915.9302493315804 1312.0599999999999 95.939999999999998 41
3117.7341061247344 655.3985862235603 88.909999999999997 38
2376.2193967191333 221.39243272773552 69.719999999999999 30
3819.3623043394664 1383.7 24.300000000000001 11
2342.908874595636 613.30072635112526 16 7
5425.548166489576 28.370736524488919 28.09 13
3267.9922929970057 1385.01 22.989999999999998 10
3866.8403827236966 968.52970236030092 251.08000000000001 97
2772.7034379233196 722.26881888215098 78.959999999999994 33
3223.1989855580437 729.66553247906143 40.079999999999998 19
6007.9899999999998 901.23321358159353 14.01 6
490.2404569923774 1289.7556650783806 10.81 4
3286.7130628357145 796.33402869403608 52 23
3644.9207337642297 1157.018086442723 39.939999999999998 17
3443.5715320443487 528.94775261105542 258 100
3575.3246811195554 1372.55 35.450000000000003 16
2468.3771703427492 351.23234159159551 19 8
4042.7114034425467 1223.5333042393916 58.689999999999998 27
5353.8828451088157 70.22072829739551 54.899999999999999 24
3613.1499240414532 1093.6237353571639 30.969999999999999 14
3781.7181360872582 1395.99 12.01 5
935.56040297574759 6.9400000000000004 6.9400000000000004 2
3622.9566031886889 1392 16 7
4066.3130169613855 1349.0699999999999 58.93 26
2708.5473590614715 842.49464598969291 55.850000000000001 25
2817.2891015962982 427.30707127004257 47.880000000000003 21
3172.9986388364632 1215.0363285718711 26.98 12
3126.2572929371122 1389 19 8
2878.4231508387547 1182.7623479893941 20.18 9
2887.4832100402364 908.04961272465619 39.100000000000001 18
2873.5357382083012 1372.55 35.450000000000003 16
2702.29853508213 926.20172931527054 28.09 13
1845.7812918375539 1304.3952717220973 14.01 6
3305.9984492897274 1395.99 12.01 5
3092.3236497418857 1397.1900000000001 10.81 4
3857.1282289581272 1398.99 9.0099999999999998 3
2524.7165538901545 967.41855001338809 26.98 12
4769.6263489390185 1379.9100000000001 28.09 13
4099.7243694029266 1143.0510166700103 39.939999999999998 17
2304.1825471230668 968.87118310470134 30.969999999999999 14
3306.3047386899543 930.71336578580178 83.799999999999997 35
5331.3856246957903 202.17668562289009 78.959999999999994 33
2868.8495290088922 614.59871314725001 65.390000000000001 29
5448.5974322220791 283.23525874393732 63.549999999999997 28
2085.9358496504337 37.848877639502945 32.07 15
2604.0192127401579 447.51813960108086 20.18 9
2287.5191239860847 223.26326598667509 19 8
2617.2602303397716 1096.6816397378261 39.100000000000001 18
4117.9973693660295 1081.4646945493605 24.300000000000001 11
3994.2894223746898 1392 16 7
2925.8780231145033 1393.99 14.01 6
2157.0480337836289 40.717007309958397 39.100000000000001 18
3329.7631369874798 1401.0599999999999 6.9400000000000004 2
5479.751220483321 1147.268061993959 20.18 9
1633.9206072544578 25.384919635517733 22.989999999999998 10
5489.4868922055102 1109.3169210872909 19 8
3519.4555924385859 1392 16 7
1882.1048765954881 1164.7061199536618 12.01 5
6018 1085.7504863831639 4 1
3255.5513781712548 850.8688387594683 10.81 4
2853.2639338496379 506.49881228098423 39.100000000000001 18
4177.026340459508 1356 52 23
3188.8395008570014 1120.6339769135927 24.300000000000001 11
6012.9899999999998 1291.9123382380162 9.0099999999999998 3
3199.1164153091413 962.80753084442654 28.09 13
2565.9291250969109 1002.2496506926378 26.98 12
5221.3350341011273 88.917717281456504 78.959999999999994 33
2615.7562579738174 1006.025591537924 22.989999999999998 10
5295.4519348448885 23.073775843086594 20.18 9
261.94901144490609 878.01866716885138 14.01 6
4127.0455441473241 1395.99 12.01 5
1768.9716211778061 963.63436164567918 10.81 4
2254.9329081671326 1203.3878632951921 14.01 6
4224.4121519438659 1116.134284234153 87.620000000000005 37
2268.4903863071654 142.93637358850694 63.549999999999997 28
3227.0951360428644 1019.8559557666305 35.450000000000003 16
4140.2782722046895 1210.8942371680469 39.100000000000001 18
3369.7509245011643 809.46713305018864 32.07 15
2355.1143934608917 951.04904438286997 22.989999999999998 10
2821.2763417219421 1392 16 7
6.9400000000000004 342.62907301867369 6.9400000000000004 2
2244.3401919689568 692.71341918192115 20.18 9
9.0099999999999998 857.90300038857004 9.0099999999999998 3
4698.5509973746402 1363.04 44.960000000000001 20
3577.9023330751206 1037.3278764413424 35.450000000000003 16
4142.2251934887872 1036.2689985344 26.98 12
4562.5093331684129 1305.0899999999999 102.91 44
5320.9637426648078 373.73041270257875 92.909999999999997 40
5177.0166252242789 264.77946832593443 87.620000000000005 37
2907.4854589847646 351.84597457875373 69.719999999999999 30
4412.1795756351821 1353.0999999999999 54.899999999999999 24
2858.2276541252209 691.26641021684793 12.01 5
4206.4629336686976 943.99756396996781 85.450000000000003 36
2755.4127831395449 426.00579718729631 14.01 6
1590.8473865660351 22.495878353978931 20.18 9
4438.1563128143935 1278.2812247793229 24.300000000000001 11
4644.9092226090715 1392 16 7
4426.0241765870223 1153.4996228880163 101.06999999999999 43
2389.0445082762717 79.641434799865692 72.609999999999999 31
4128.8425824459873 1000.927948441383 10.81 4
6020.9899999999998 1117.7150189716642 1.01 0
4481.3536802537819 1392 16 7
1449.3796613742304 458.51794859060601 14.01 6
2992.3412196135482 997.27207847374666 12.01 5
3239.2075817773321 1398.99 9.0099999999999998 3
1954.905248046525 1404 4 1
1056.5014381167884 1401.0599999999999 6.9400000000000004 2
4131.3498029613402 1285.4208329449937 32.07 15
3827.2321524802487 1237.1166746470919 20.18 9
5201.1134922252177 376.81741279448977 26.98 12
1031.872238045692 634.20675322591126 10.81 4
5187.3719552338916 481.86242105816706 78.959999999999994 33
2196.7823004459965 88.428181607012448 22.989999999999998 10
2437.5952697190964 157.32808528321391 19 8
5513.8452976004155 237.72791248456372 16 7
5304.9303921376249 1217.4096892691425 14.01 6
1473.13162924328 425.11100137378241 26.98 12
1154.1437159593613 639.40665001157527 12.01 5
4331.5350217303057 1016.1263182078536 58.93 26
2988.4445716368205 610.72509999404724 47.880000000000003 21
2231.5940463732327 41.488050104240244 35.450000000000003 16
474.88867675569747 1398.99 9.0099999999999998 3
2888.4452200233241 450.56274606995015 26.98 12
1982.682732990595 200.43143209792856 16 7
1808.9766835034147 62.627745377202011 10.81 4
2345.9171287315398 1289.9235531463155 14.01 6
2591.618082497564 1040.3841215512643 19 8
4912.0701769407542 1401.0599999999999 6.9400000000000004 2
3469.6220085886926 871.40837103573301 85.450000000000003 36
4884.3976074705015 1347.9475290192115 12.01 5
2463.5668158613908 669.92161484694714 16 7
4219.6141294111876 1255.6718181803135 52 23
4395.7187539169117 1269.6821786215942 19 8
2045.4649778950809 15.815381789734261 14.01 6
4287.5139868277784 1349.3099999999999 58.689999999999998 27
5688.8611710367513 102.07241818689749 10.81 4
4456.6609874832784 1398.99 9.0099999999999998 3
4227.0071367716919 1395.99 12.01 5
6018 95.437301547794846 4 1
3520.6029158908605 988.33370443747924 39.939999999999998 17
1624.3315833676895 331.10888935737421 14.01 6
5143.186259319953 378.44166275653396 30.969999999999999 14
2938.323551386191 215.85874849835639 69.719999999999999 30
4337.0127082722902 1263.0454170037895 40.079999999999998 19
1040.5782100037472 6.9400000000000004 6.9400000000000004 2
4352.9039482660855 1392 16 7
1040.5377247968202 1126.4033214584997 10.81 4
1640.4057416816283 688.82073473357866 12.01 5
5430.5571598462529 1398.99 9.0099999999999998 3
2766.5931146384473 1095.9906083105304 14.01 6
2298.453426582405 66.016163516872481 19 8
2902.1112394170004 75.82518801428526 74.920000000000002 32
2951.2574545665411 509.17290979338532 58.93 26
3587.2820365870448 802.42757724915123 50.939999999999998 22
3586.2732756209739 975.46163184144746 26.98 12
491.39867475565734 782.05820348508666 16 7
874.23747484537137 681.15802476225861 10.81 4
4347.0478133867164 894.63268176945905 63.549999999999997 28
4307.7969214666955 1202.6841595506014 26.98 12
1449.5498282661658 1343.8060672135641 12.01 5
3079.9740442305351 111.16664050088393 106.42 45
3073.70215696989 316.400829490413 98.909999999999997 42
2984.1987745896076 30.189642994137252 19 8
3240.9075143684181 225.8923472512854 91.219999999999999 39
4456.6282806383097 975.45140977802407 72.609999999999999 31
5325.731360539231 536.29051457202115 69.719999999999999 30
2929.8873313802428 868.16502885075727 14.01 6
3246.6267431032065 69.386812132941472 65.390000000000001 29
2310.1285406595448 25.681912423220389 22.989999999999998 10
2996.8666264047015 1112.7777436994711 16 7
871.80922139763572 1398.99 9.0099999999999998 3
1549.7801663305856 1401.0599999999999 6.9400000000000004 2
2587.6518890583061 592.24391784665488 16 7
398.80219925574897 917.26800652951829 14.01 6
3196.4227283390378 132.73905041257842 12.01 5
1712.3097812238427 936.07969990316587 10.81 4
4 404.08638708131247 4 1
2796.6630096298404 1398.99 9.0099999999999998 3
839.88348175015994 342.75414529874695 16 7
3589.2653192292091 888.79480882433427 35.450000000000003 16
3210.1305632761955 1078.4079806427883 22.989999999999998 10
2392.1143732732853 951.08769515851054 14.01 6
2964.2997198208586 136.56576592608127 12.01 5
1884.9398446359426 629.36292670748821 10.81 4
5197.8540963748273 693.47296336903946 132.91 54
3423.1440343671502 121.67883719260038 118.70999999999999 49
628.40814051344876 6.9400000000000004 6.9400000000000004 2
1024.9405577071357 778.30123972571027 16 7
3135.7475358419138 222.05414242283734 14.01 6
823.48330544628914 554.22983947937769 12.01 5
6012.9899999999998 760.27597936418761 9.0099999999999998 3
5449.9011944223566 472.84474281820741 69.719999999999999 30
5435.3352347158698 597.56706527024085 55.850000000000001 25
3668.4195542288458 740.81396161975954 50.939999999999998 22
5527.6760012325485 557.12155947401925 44.960000000000001 20
3048.5674317269754 546.52071311449174 40.079999999999998 19
5441.9603643192368 374.63459643110582 28.09 13
4862.0288360274244 1352.4631091732326 10.81 4
3134.514715035245 516.55898933350704 50.939999999999998 22
6006 736.26264973250181 16 7
2874.0510782996312 162.19533355542296 14.01 6
4615.95820219293 1401.0599999999999 6.9400000000000004 2
3357.1425775655221 252.80491278423395 28.09 13
2807.0478411504214 39.129679978426992 26.98 12
3687.020189910741 669.26215345092714 22.989999999999998 10
2124.8787331786884 442.29596352211047 12.01 5
2438.5513098426245 280.23672732258615 16 7
5760.3616920000695 4 4 1
6012.9899999999998 263.91231973877933 9.0099999999999998 3
5355.8027825870959 632.38518495503024 30.969999999999999 14
3198.9250794789232 337.57202875490231 28.09 13
3017.0026057845466 661.99843405393938 10.81 4
5406.4510593008763 722.73765291205029 72.609999999999999 31
1655.2921399133959 715.24811325417841 14.01 6
5965.2924896261047 1351.8200000000002 12.01 5
2877.2600062511488 273.14710993015717 14.01 6
5412.3554477940606 1207.5226082357729 10.81 4
2929.3932849350454 437.50378822541035 16 7
6.9400000000000004 72.045652216946621 6.9400000000000004 2
4479.6170791590466 811.535621817947 92.909999999999997 40
5531.0226592553354 660.95764173870464 58.93 26
161.57220317771436 9.0099999999999998 9.0099999999999998 3
776.24923904944853 443.48332518432198 12.01 5
3555.456521874808 932.97242896676664 20.18 9
3276.3945855484849 1023.8378998198245 14.01 6
3180.2187517255247 398.29603473262438 35.450000000000003 16
635.45735434197331 915.02221694218622 16 7
5982.8999999999996 686.23865548973868 39.100000000000001 18
5592.9967054830222 595.83293372270987 30.969999999999999 14
4259.6511636114246 1024.2284794300297 10.81 4
6020.9899999999998 1182.2849810283358 1.01 0
3173.1758227331047 25.487071851421248 20.18 9
3751.0204562001427 692.09126676891822 44.960000000000001 20
3058.2770027572242 467.09197379169655 39.939999999999998 17
4231.5157952293639 675.86542466618698 183.84999999999999 73
5016.1446316595602 543.16413850206357 102.91 44
5659.2253466362272 671.67647788435909 69.719999999999999 30
3120.1645039628825 438.84275974033494 28.09 13
2594.8789460887506 1147.0312982796177 16 7
2461.697152378953 790.85581720529137 14.01 6
2906.191865390625 857.41489901271063 12.01 5
4018.3027520063756 1398.99 9.0099999999999998 3
5322.7347791193361 1404 4 1
6.9400000000000004 620.42245110035446 6.9400000000000004 2
5035.0940880014177 353.77915275360851 79.900000000000006 34
3456.7987121306933 980.86368552645411 24.300000000000001 11
2872.6368116067092 847.46209209413075 22.989999999999998 10
990.48041609928407 991.06691188320087 10.81 4
4578.7426942219181 926.5551768440705 58.93 26
5970 596.05661736683976 52 23
1369.3612929376252 18.274811625628189 16 7
1197.7934301530229 603.78901131890268 14.01 6
3219.6584659751593 371.89602450711175 12.01 5
362.48569760198632 9.0099999999999998 9.0099999999999998 3
3242.7872737551115 333.09586820394878 16 7
2135.7978995070448 615.62224694419263 14.01 6
6011.1899999999996 643.47475735566684 10.81 4
5000.305295648689 710.71713141694624 65.390000000000001 29
4601.656458216421 838.48725181114935 32.07 15
2970.6577840179398 425.48207805431616 26.98 12
4627.4186884275059 737.02686597238437 72.609999999999999 31
4893.2110285263907 648.05402943868557 58.689999999999998 27
5041.3279426134413 218.17236252289717 55.850000000000001 25
4891.3202607278354 761.62829191541027 54.899999999999999 24
5893.8732880886328 666.91368288301646 52 23
4804.3414918383951 706.87044167932663 47.880000000000003 21
5059.8755352010721 797.58366962166406 39.939999999999998 17
5111.2518481385614 416.87594800418543 19 8
2624.871628947094 1046.1415693852787 12.01 5
6.9400000000000004 767.58282971043764 6.9400000000000004 2
4764.3640032734838 576.05261220626744 88.909999999999997 38
4901.9355101165293 252.13396823572765 87.620000000000005 37
4506.5160849010272 635.21564821854759 85.450000000000003 36
4973.2377212582469 96.246794015710691 83.799999999999997 35
4568.8934246585231 1044.002916239376 58.93 26
4840.8681232202589 126.57713386315652 52 23
5112.7256769552414 155.57950325877894 39.100000000000001 18
3166.3268776175382 452.95049373867528 20.18 9
4761.5804877741102 851.47030554998946 102.91 44
5999.0100000000002 526.90518932663224 22.989999999999998 10
4731.7245050586562 725.0581526686525 26.98 12
6006 488.5468786234743 16 7
4967.4712434640123 801.31058933270276 30.969999999999999 14
4128.7477837877768 861.2226457943151 28.09 13
4868.3026096103385 47.109443217759292 32.07 15
3408.5578431051576 974.96635090299173 24.300000000000001 11
2764.7933532415009 20.999080110940866 19 8
2691.6076179982624 668.41273059469165 14.01 6
5566.2696783196725 831.09496905719243 114.81999999999999 48
676.839751871717 1398.99 9.0099999999999998 3
2784.4469727689361 995.78323672455031 10.81 4
5148.8228429703267 1200.3935438914139 12.01 5
4667.4718709517119 993.13293662053843 52 23
814.61717223306221 362.39119200608604 16 7
5331.0705111553862 1404 4 1
4373.172270272893 821.60483535179242 14.01 6
4883.1991157153107 558.95477466142415 30.969999999999999 14
4494.8354252803865 1055.4010576715539 16 7
4433.2663966545115 709.67560841050749 19 8
2945.5990170042646 1401.0599999999999 6.9400000000000004 2
4645.9240679956401 1062.0215756531563 20.18 9
3335.731534177412 837.49796396902138 12.01 5
5585.6206574011148 704.34803466701851 10.81 4
5034.3978839215251 1398.99 9.0099999999999998 3
5055.2136036797001 653.3635115732817 14.01 6
3716.8393625779081 624.28995602356451 30.969999999999999 14
4638.8793038862887 875.15497958690889 20.18 9
5485.6290016848807 357.01306952144489 19 8
4100.8494552609354 827.08159476467574 16 7
3519.9291969820283 787.93598999890492 12.01 5
3970.3502613186756 1216.5222336700065 14.01 6
5079.0615559232428 274.43707145658612 10.81 4
5096.2160262412244 455.25418531274886 16 7
851.96218070816872 9.0099999999999998 9.0099999999999998 3
1359.3507386478909 1401.0599999999999 6.9400000000000004 2
4900.4616000184824 403.29678274056175 63.549999999999997 28
4796.1599645792667 46.079264630909762 40.079999999999998 19
4657.6984613346776 921.61767346323995 20.18 9
4744.6678080549318 684.07338345438711 16 7
977.54018619466638 549.24098022966177 14.01 6
3019.9785429127969 219.35949967345047 12.01 5
5443.7145228440741 1404 4 1
5420.7543572109398 210.65504328435475 10.81 4
5564.3654274733153 1398.99 9.0099999999999998 3
4785.6645383236728 348.74364693483506 63.549999999999997 28
5124.3371870271858 863.14020281133901 52 23
4808.0049639634981 449.79356273010649 39.939999999999998 17
4903.5507583383232 854.82923036669342 39.100000000000001 18
4627.2544975101173 628.96699071175567 35.450000000000003 16
4865.9929999014075 492.48815006929601 32.07 15
3654.1152153412522 806.20776475880996 16 7
5165.189340220958 163.84001999452028 14.01 6
4680.5496832930294 655.97968536380495 24.300000000000001 11
4626.7631510552856 1096.1965908251329 19 8
3586.5423729970689 1321.511261572369 12.01 5
4589.678701362438 1136.0657028164815 35.450000000000003 16
4783.364419301739 254.25163747115113 30.969999999999999 14
4877.2890015962339 920.97670978064627 32.07 15
4688.149857647998 136.94806731200569 101.06999999999999 43
5255.5509432114341 904.07249676147876 85.450000000000003 36
346.67059089984866 6.9400000000000004 6.9400000000000004 2
918.96163796277415 341.11756629294655 10.81 4
5684.797335732278 760.78998681354153 22.989999999999998 10
4832.1432488992059 966.53766470280323 32.07 15
5145.922117502023 943.25332081579847 30.969999999999999 14
3321.1749889322418 27.377480505150686 20.18 9
5902.082787781369 599.411059861426 16 7
2838.8902843181518 809.11710160042173 28.09 13
5181.7995973365205 978.03560568504213 19 8
5132.2731027721147 556.74591294653578 14.01 6
5764.8709618982039 744.67053295679966 58.689999999999998 27
160.22767944822465 1398.99 9.0099999999999998 3
3021.4576021982693 848.99132192802165 12.01 5
3401.1964700114413 254.5889140071595 16 7
4737.4272771254109 23.0945670160242 22.989999999999998 10
4999.7186943173683 270.25139915219472 10.81 4
2824.0771420103843 863.30901257401479 28.09 13
5705.9309708576011 803.09499321219016 24.300000000000001 11
3071.4736293305227 747.33603608362671 14.01 6
2455.5087837670326 132.01551697309574 12.01 5
1431.2531761800619 1401.0599999999999 6.9400000000000004 2
1753.6993537128469 1404 4 1
3495.4422628069001 1398.99 9.0099999999999998 3
5010.1672166073258 890.44642837124388 65.390000000000001 29
5758.5635424528846 655.23266592084667 30.969999999999999 14
4802.3057061199106 195.5030389161825 26.98 12
4776.9005029995633 977.75443453495689 24.300000000000001 11
4266.1100713344049 1208.8162156906137 14.01 6
4926.712352049708 908.11291057694848 19 8
4963.528325680003 643.97962711897014 10.81 4
519.37767095184245 783.37572838195217 12.01 5
5241.1613261645107 179.74909425559153 14.01 6
4720.8076735329741 439.35397741387607 47.880000000000003 21
5329.6719208707 803.9786249668748 39.100000000000001 18
2639.8758287411488 841.19888092543988 10.81 4
6012.9899999999998 464.53354899178851 9.0099999999999998 3
4106.7592380456845 1401.0599999999999 6.9400000000000004 2
5098.0052525317506 929.07675735984503 19 8
2838.7000500735771 16.362208219689499 12.01 5
4890.871747166444 979.58331881729794 28.09 13
3173.2202243049128 568.71630955009459 14.01 6
5731.715018971664 1406.99 1.01 0
5266.7185622292573 11.464581291728706 10.81 4
4613.0040227977761 530.99799576706448 63.549999999999997 28
1663.4358121686807 13.021559296539253 9.0099999999999998 3
714.72413265338071 777.07941595536909 16 7
5494.5100610303307 724.10092143543375 14.01 6
1428.7802321060985 1316.4985590553936 12.01 5
6018 106.17518513136912 4 1
410.33395858591189 6.9400000000000004 6.9400000000000004 2
3900.1581576371836 530.45231443973501 174.97 70
4725.3548801069464 275.96469719123348 30.969999999999999 14
5756.3919487001194 843.07591510222255 40.079999999999998 19
4702.4147917743549 689.83241097194264 16 7
2254.6424742687527 220.29914666319283 14.01 6
4672.9407949250462 621.70408299413714 10.81 4
2847.3972735208226 941.97060710830033 12.01 5
2847.9624616729016 773.14342236067807 9.0099999999999998 3
5389.3902642291978 872.77491459441626 52 23
3811.5158276399743 699.60336596666423 16 7
1576.740267924117 379.03213331385109 14.01 6
2561.2433716307182 1227.2085262148792 12.01 5
5374.2527929411008 284.7466191182931 10.81 4
5965.9854874706825 1401.0599999999999 6.9400000000000004 2
5001.359191329334 1185.4256229911339 16 7
5382.6897710913154 807.1058694383521 14.01 6
1752.2713300468586 162.46151713731155 9.0099999999999998 3
2549.1687009206639 854.47108460826837 12.01 5
5060.8608579966576 1404 4 1
5084.435421112933 429.89575374694306 10.81 4
4273.7913689864017 869.15628183101319 14.01 6
4670.5882333944828 338.29153978631615 52 23
4975.7155686758315 429.08520458678441 16 7
5903.9637483492297 1401.0599999999999 6.9400000000000004 2
2664.4678095299864 1105.9561514230622 9.0099999999999998 3
4903.3807310762286 521.00766935121669 12.01 5
597.52332271820558 1353.2582827323649 10.81 4
3371.4398841969032 855.51617012096972 14.01 6
2734.3279129977077 15.213144512279001 12.01 5
1409.8663196298589 1048.8930808351777 14.01 6
3606.6955310592602 742.60490097118657 10.81 4
1047.6849318743939 427.97266322020619 9.0099999999999998 3
6015.0600000000004 1351.9854874706828 6.9400000000000004 2
4464.6998494340532 447.95780632301944 106.42 45
2222.0719294118453 214.93074767241345 19 8
1653.2712456403669 258.97314541493722 14.01 6
2827.4076699812713 368.27803880432589 12.01 5
2107.3785923082978 1404 4 1
4980.6531541185614 190.56573938457163 10.81 4
1937.4623156961004 36.041662350099472 9.0099999999999998 3
4591.2811274828991 450.13497134218341 20.18 9
4324.8773092063693 1090.759955154934 16 7
5277.4570694516588 469.20488984660028 12.01 5
4641.5914217562149 440.90476061152674 30.969999999999999 14
4245.2663152855239 1401.0599999999999 6.9400000000000004 2
4698.534730966695 20.339580030184678 16 7
4121.1692231802908 899.37727092834916 10.81 4
5010.280141823624 813.04651074922356 12.01 5
3175.1417063569284 739.6818200041896 9.0099999999999998 3
4663.5466619681447 19.425781500595264 19 8
4912.87609592629 481.8721146924857 16 7
4859.6206788618556 341.0042104762465 10.81 4
2788.82577585732 824.55268039019495 24.300000000000001 11
5183.0460946513849 837.63443355077186 12.01 5
4286.0083194609715 1239.7319290197095 16 7
5046.4045487373678 1404 4 1
6015.0600000000004 874.62539354225828 6.9400000000000004 2
4585.5339120506587 410.18626529586174 20.18 9
5358.3609025732649 942.48050056301236 24.300000000000001 11
5072.7466030256064 446.61206323965769 9.0099999999999998 3
5055.1534334138723 149.69407834369775 14.01 6
5215.2186911280587 1132.835801147279 16 7
4509.4385029260502 910.87605207929016 10.81 4
98.568959076528557 476.59963835243417 12.01 5
2196.8704989651246 13.721760193687192 9.0099999999999998 3
4733.8793089674691 1401.0599999999999 6.9400000000000004 2
2941.1471738003825 645.47380152233052 10.81 4
4675.1349436160644 266.25488365791875 20.18 9
884.4756274401368 275.47092749336497 12.01 5
4644.653277704062 821.91498841874557 14.01 6
2303.0301412049698 493.60901019812337 16 7
5796.284981028336 1406.99 1.01 0
722.67906611243916 392.76110361601457 12.01 5
2378.3670466198823 843.21131919499192 10.81 4
4642.0184403494704 846.13426418798178 9.0099999999999998 3
4 1214.2495136168361 4 1
4797.5508614683358 1401.0599999999999 6.9400000000000004 2
4426.94007661042 567.55870914698471 19 8
3002.4244152927131 454.43309768148293 16 7
4400.0790331750723 1041.0654860981365 14.01 6
5215.6290948238702 1009.1760215421463 26.98 12
4543.6095092788537 725.34072501699723 12.01 5
146.74279160216909 505.05233516784563 10.81 4
3085.2655258726982 426.25422018005042 9.0099999999999998 3
5482.5392683366481 391.8764248940538 16 7
5410.5336340001295 810.24269877944892 14.01 6
2793.867788670304 633.7950309138572 12.01 5
2340.8374061332452 11.56080831206218 10.81 4
5810.1350256392107 675.11117245334162 24.300000000000001 11
4331.828844470374 1401.0599999999999 6.9400000000000004 2
4668.574841863041 476.89219507605219 14.01 6
1555.5862208953654 491.29315229851204 9.0099999999999998 3
4574.1136444503491 352.01672096261706 39.100000000000001 18
1683.5175948842982 447.57895825801046 12.01 5
6018 711.25065261112024 4 1
3017.6591332575999 421.61700759551513 20.18 9
2960.0825516357049 12.666975091170649 10.81 4
420.53681656438209 709.1608204420836 14.01 6
1941.2642126599928 1120.1998578017979 12.01 5
5065.9250882071256 745.77997249675172 9.0099999999999998 3
5582.2680715785445 6.9400000000000004 6.9400000000000004 2
4660.4805751355379 592.32931385268694 14.01 6
4897.4695467988349 153.80533521540642 10.81 4
4392.8545189090901 550.76065103929557 19 8
5700.3119982745238 843.00134793309428 16 7
515.88157198258796 1230.0155918042808 12.01 5
5066.9454982641428 124.27621835181372 14.01 6
4686.6264437410564 500.86592590038612 16 7
2091.9194409658103 515.97540823165775 9.0099999999999998 3
1028.371466256028 750.09840914554957 10.81 4
4484.2875884815203 230.00623055673066 112.41 47
2429.0475556135843 1401.0599999999999 6.9400000000000004 2
5410.1914316147122 950.11649161092032 28.09 13
2294.6125633142187 826.7303991037586 14.01 6
1865.7219677855589 190.50599328333908 12.01 5
5489.6076658705269 1404 4 1
4825.5734931804045 759.6499284048806 9.0099999999999998 3
944.28573790481278 944.81520666035669 10.81 4
3621.4762294743477 1203.3770954765851 12.01 5
2075.2572350335345 1401.0599999999999 6.9400000000000004 2
4918.7006802742644 945.38567880982851 16 7
4523.804323675552 346.71782398088351 10.81 4
5088.404194238844 83.497660664404805 32.07 15
2373.8664984162247 382.9139980600238 12.01 5
4538.0615547346633 980.96922365202727 9.0099999999999998 3
4618.6600929785272 29.393545760461876 26.98 12
5708.1082911997055 877.12198416140586 19 8
4908.3073103973393 20.457073436771068 16 7
3431.2033171677153 254.15391545542127 14.01 6
3144.6450023271459 13.38862620898702 10.81 4
3699.4284134493523 1171.4818657971216 12.01 5
5836.2485640789137 711.1188592737717 20.18 9
4078.3894711393482 804.28797475253089 16 7
5210.6594612774161 1404 4 1
3644.0317069844 1401.0599999999999 6.9400000000000004 2
2463.7238197757565 323.61158076752207 9.0099999999999998 3
2997.1109767161247 396.83860242595199 12.01 5
397.3442344638093 718.00030772971468 10.81 4
4551.89194533719 69.562449909624206 50.939999999999998 22
5062.7326089915932 29.089983716265039 28.09 13
4624.0927048152562 269.57337099422534 30.969999999999999 14
5451.1990689496479 917.51149536484752 24.300000000000001 11
4618.6786314547944 389.29368346351902 19 8
5110.4846323502434 36.142441809365565 20.18 9
4609.9260728729723 312.26420068178072 14.01 6
4958.726337778362 984.46547335080163 39.939999999999998 17
3461.0416021024744 250.94816247801569 16 7
5497.6968765665206 1170.2899977888378 9.0099999999999998 3
3500.3489071867625 242.05851867127637 24.300000000000001 11
773.74615756335891 6.9400000000000004 6.9400000000000004 2
3328.3662284549355 280.73217064936716 12.01 5
2380.7510337423223 929.02172781728439 10.81 4
4414.2656027930061 598.03850267403641 14.01 6
5801.3193090804925 635.78722120786847 16 7
1788.3827266253995 1406.99 1.01 0
516.15960887367828 1070.8860540347694 12.01 5
4508.9758428984405 1076.0298891844395 9.0099999999999998 3
5264.3012360429848 1404 4 1
4423.6191529126099 898.84009281513386 10.81 4
3973.2143185789787 1401.0599999999999 6.9400000000000004 2
4313.4426019043158 1164.1050668656214 12.01 5
2340.579285295727 151.19132619993798 9.0099999999999998 3
5328.1646670972477 754.09138926411799 10.81 4
2964.4971831378871 293.28441543721209 12.01 5
3628.1686902932852 214.67565091420039 106.42 45
6.9400000000000004 164.92939813140285 6.9400000000000004 2
5384.5606760650962 128.32989098124318 10.81 4
4361.599358467558 333.15894412278823 47.880000000000003 21
5466.2996193599374 971.82125763008219 32.07 15
5798.4997927395798 809.12510406112199 14.01 6
2121.3043011219552 1111.0442919607124 9.0099999999999998 3
4421.3122266197379 337.76171253325435 12.01 5
4317.039476232726 414.60636578374618 44.960000000000001 20
3715.0373256840508 577.35453695615684 16 7
3795.5803148481891 1404 4 1
4358.0105956443285 266.37529955768076 19 8
4257.8694994475518 332.98792456338236 55.850000000000001 25
4219.7129463413212 436.95734292787739 54.899999999999999 24
5217.3393291042421 1106.1098026706277 10.81 4
5276.1736511033951 274.47591709897625 12.01 5
1338.1290862263324 338.4438784529674 9.0099999999999998 3
4509.0604641438958 1401.0599999999999 6.9400000000000004 2
4286.1392707367268 471.9509112985989 20.18 9
4315.5745621913429 279.26761803284245 22.989999999999998 10
3625.3963409448634 855.01847288061572 14.01 6
4116.8260263299062 341.49842930235593 85.450000000000003 36
4255.124991972014 202.24672761797913 74.920000000000002 32
4324.8354001857342 478.08947510991982 19 8
3268.0905260281547 324.2346310213232 10.81 4
4351.7175776192935 227.70398817396142 20.18 9
3063.0228828070758 935.77055352574428 12.01 5
3582.698239643993 64.028355161006473 50.939999999999998 22
4202.8436362798984 282.24665060761083 19 8
4914.0594299790828 1014.7222056206735 14.01 6
3689.4874566245935 64.437300964507472 55.850000000000001 25
4126.0478243825683 471.5819660803661 44.960000000000001 20
4737.8040783027236 967.97897669788711 16 7
4825.037552389781 495.68466678634877 9.0099999999999998 3
1648.2607862554171 195.42071285767184 10.81 4
2185.2451394941322 1401.0599999999999 6.9400000000000004 2
3193.2742660361246 1156.6721366585914 12.01 5
6018 1065.5788679935572 4 1
2363.6336421453743 299.10994479425176 9.0099999999999998 3
3633.071779672232 19.943549785192488 16 7
5130.1933320882199 64.080288087099603 14.01 6
5324.2320196336532 11.580872835078093 10.81 4
3876.8284759870662 150.61100092122092 150.36000000000001 61
878.72454174311144 903.38538995618012 12.01 5
3152.0328194617623 1401.0599999999999 6.9400000000000004 2
3713.7613123725155 129.95677494430782 14.01 6
166.58696131506142 891.24055020231845 12.01 5
2020.7979714563101 13.063801634689845 10.81 4
2639.6470672446749 984.73641042677014 9.0099999999999998 3
3350.1070687121219 13.266107091812833 12.01 5
972.78196039801821 1404 4 1
4945.3666580956242 340.46403268276595 10.81 4
2601.56776560137 476.60501820511348 9.0099999999999998 3
3540.530696234297 1401.0599999999999 6.9400000000000004 2
5830.527142083617 642.67943357122522 14.01 6
1872.3893834942003 1088.0712199485774 12.01 5
4327.7827107392523 247.7493517570432 10.81 4
5434.567794947432 824.64684774976774 14.01 6
1500.9099138625443 10.809192717873827 9.0099999999999998 3
4072.7653297214306 436.20036969628791 19 8
584.99614952813408 355.83863248241852 12.01 5
6.9400000000000004 1329.2940934743731 6.9400000000000004 2
4743.9794181310263 997.3467358566138 14.01 6
6020.9899999999998 1297.9456126392017 1.01 0
4369.3920326416173 524.78928722934779 16 7
5451.458022812546 882.40245033515623 10.81 4
4858.6303815639003 997.9382730281668 9.0099999999999998 3
525.94065927213319 291.36470004083151 12.01 5
6018 923.03108721414594 4 1
5366.5717257994875 466.88485583003649 10.81 4
5916.4482381321923 6.9400000000000004 6.9400000000000004 2
5933.4303830712079 935.19827601003749 12.01 5
3619.0829469505311 1054.0864157823576 9.0099999999999998 3
3730.0978999074923 743.78787727851432 10.81 4
4543.0440538321272 1114.3329590936175 16 7
998.28082135749503 786.89301240471241 12.01 5
3523.0897032835237 25.235613662594631 20.18 9
5154.8875534784902 1401.0599999999999 6.9400000000000004 2
1404.6687318769905 1267.0913336671142 10.81 4
1082.7187754169877 810.00307120724176 9.0099999999999998 3
5241.2101029985606 555.19041533913514 12.01 5
2779.9907403412785 863.87229569134308 16 7
3955.1098358531353 1404 4 1
4718.5253837938762 380.70837013126021 10.81 4
968.83791069735116 918.86652689160985 9.0099999999999998 3
5008.242311462599 787.70910359567245 12.01 5
353.3333263218716 1401.0599999999999 6.9400000000000004 2
4935.2590908984857 1033.0441808663268 14.01 6
4571.1254870097491 133.67979915871533 16 7
2466.0308761201873 111.76612259914752 10.81 4
4355.7641661587977 183.40844075447524 24.300000000000001 11
4715.6793646083688 665.16236420402731 12.01 5
89.00469211347712 51.275724666068044 9.0099999999999998 3
4175.9543057765923 255.39587957428705 19 8
4962.7889237521285 1038.2622938442635 14.01 6
4285.1336276757766 1267.7282683211415 12.01 5
1558.9599487877579 883.94091633210587 10.81 4
6015.0600000000004 552.16785743591947 6.9400000000000004 2
1051.1157619016028 4 4 1
2488.7313240744679 966.83260196771266 9.0099999999999998 3
571.82991286213155 797.47336703281508 12.01 5
5876.2611476121674 606.62347963375498 10.81 4
4537.6423550748714 1188.809212676834 16 7
6015.0600000000004 448.71844228965085 6.9400000000000004 2
3340.9293008769337 219.43517111578109 9.0099999999999998 3
5142.2986958856 41.047690158661894 12.01 5
5460.5786760613919 659.26248057020621 10.81 4
4021.8212185682196 1291.0765509478258 12.01 5
5144.3500015806349 1404 4 1
4523.0068418779092 1096.520428753945 10.81 4
2264.714458048883 975.24851364594576 9.0099999999999998 3
552.68921616567513 6.9400000000000004 6.9400000000000004 2
4569.5506758617566 1186.3886622102559 16 7
1429.2526462637609 12.053666622996808 12.01 5
4591.4671316678932 295.6720371824826 10.81 4
4885.6481779243122 9.8710536195869594 9.0099999999999998 3
968.58207155447099 795.81513996137642 19 8
4582.5847607689757 14.601977014366469 12.01 5
1889.4832366182811 1406.99 1.01 0
2904.9059788831828 1401.0599999999999 6.9400000000000004 2
3642.3776840720129 830.31184034165756 10.81 4
4370.8860386661663 101.5636982729274 58.93 26
4750.4298929488914 1348.1624634432985 9.0099999999999998 3
4540.9733864112404 1158.9846534975916 14.01 6
3218.3015971420809 677.80626439028879 12.01 5
6018 780.59869806042559 4 1
1515.7239789832483 669.33570672249505 10.81 4
4604.3003934751705 1190.566834751929 19 8
2226.3116957478846 83.547637261877497 6.9400000000000004 2
5388.5215326843499 12.974685438132909 12.01 5
5107.8054103266868 955.31636496351086 9.0099999999999998 3
4626.1503284003129 1210.8453071738609 10.81 4
3553.861713616689 122.45776698063902 12.01 5
5581.6446851850251 557.49845791888742 9.0099999999999998 3
343.22827592610986 586.03688254124972 6.9400000000000004 2
4457.3904341021698 92.104841563387424 28.09 13
3757.6156066414442 24.75984167990255 22.989999999999998 10
3550.7206839303885 11.203186627595091 10.81 4
3714.1365012485321 549.3590263279084 12.01 5
1711.040444540228 1404 4 1
3110.070396166619 1149.0379111350073 9.0099999999999998 3
4838.0202136890675 15.077851042729829 12.01 5
3022.3297421921166 502.91594562431521 10.81 4
4313.10064489657 362.85604590352409 6.9400000000000004 2
3011.1240227912449 14.806174292955724 12.01 5
5532.2545993454096 1286.7214402634631 10.81 4
2632.555522326003 441.3752465350409 9.0099999999999998 3
5702.6728715926456 4 4 1
4126.9589651348833 205.48535768357883 50.939999999999998 22
4829.9721206852573 403.56771323122939 6.9400000000000004 2
3187.6846529439722 1180.2167207390128 10.81 4
2136.6792937263504 1338.5982460511707 9.0099999999999998 3
4677.3167687790228 1310.1751871662343 12.01 5
3714.4193402293849 526.5407791973571 10.81 4
2652.0153418847808 974.66524949930442 6.9400000000000004 2
4165.7655793081376 858.75428301451041 9.0099999999999998 3
4944.5084171795661 934.49895222068562 12.01 5
3837.6884748218927 705.41444499648424 10.81 4
5484.611574330077 931.72488989968053 12.01 5
5848.4211320064433 1404 4 1
3728.1238124224205 12.340740515052659 9.0099999999999998 3
5137.6931579273678 15.438523438222088 14.01 6
3494.3991803742579 13.520922237171533 10.81 4
4000.9173418406508 1370.0383451545031 6.9400000000000004 2
2189.8188849139374 1072.8610634822462 12.01 5
3752.4039157935581 301.17139153127528 44.960000000000001 20
3683.118426788033 350.47983516180653 40.079999999999998 19
4355.2950325603188 498.29636952087588 14.01 6
2567.5864599777469 607.17303891298207 9.0099999999999998 3
2086.5507549281119 1406.99 1.01 0
1497.7239872062521 60.847664445843634 6.9400000000000004 2
2675.0993576795454 954.0120645995263 10.81 4
3817.5131706703696 1348.5097068272576 9.0099999999999998 3
5505.3778886296041 947.40291880682469 14.01 6
3523.480232959992 270.04704967904325 12.01 5
4498.5229122460405 1404 4 1
5525.0856259837865 984.60527207081293 28.09 13
5726.8805408767112 627.9974715737485 10.81 4
1538.0797274177482 940.73785778100773 12.01 5
1316.1810428053825 165.74417437146167 6.9400000000000004 2
1690.3716920029533 355.22844066885898 9.0099999999999998 3
4043.9912513434601 240.46478118117918 39.100000000000001 18
4434.4837013233246 36.476546664131732 32.07 15
5130.9439233155608 88.888936031101693 10.81 4
3293.320026446313 136.95775624371106 12.01 5
3997.1368293816031 304.11998318871548 39.939999999999998 17
4383.8642081895996 23.525507521084393 20.18 9
5489.602223912093 1023.1492764997585 24.300000000000001 11
4011.0727432549229 365.48752513488932 22.989999999999998 10
4716.9841677841932 954.12143629562217 9.0099999999999998 3
997.50488481280138 698.21681260925561 6.9400000000000004 2
5689.8284613889336 4 4 1
1333.1890761926284 1064.2198861461068 12.01 5
4226.4064989822109 1320.169565390959 9.0099999999999998 3
816.54541777656527 618.85983286997714 10.81 4
4033.1136208803296 395.20620130833015 14.01 6
4547.296434803171 1136.8753825675278 6.9400000000000004 2
4743.9126779930921 237.19759080428537 12.01 5
5995.7477155489269 1286.6755427571632 9.0099999999999998 3
1172.5568448369818 625.92669878999652 10.81 4
4340.7346751100049 25.394270838397134 22.989999999999998 10
1286.7663932909352 16.146915336016576 12.01 5
5768.3616920000695 4 4 1
1551.0071751241094 547.63326896028616 6.9400000000000004 2
5524.7104373690909 1023.50346269073 10.81 4
2002.0624173629328 19.529976146264623 9.0099999999999998 3
2697.9991698725394 775.4594663835004 12.01 5
4330.8517054182557 158.66816185849351 10.81 4
5416.9495529732303 346.22138292260274 6.9400000000000004 2
3634.0635262037422 332.95885263612195 12.01 5
3379.7771621369561 991.73621980547841 9.0099999999999998 3
4 630.96000299821003 4 1
1836.1898570083606 668.0492675346793 9.0099999999999998 3
3975.9838036728638 353.75013534811768 14.01 6
3092.6460191436699 562.89015205872022 6.9400000000000004 2
2889.247164337728 541.08515674872149 10.81 4
954.40339137863816 823.39384784393405 12.01 5
3943.2162558660898 336.56619485908033 22.989999999999998 10
4424.9856469496435 682.91763232251958 9.0099999999999998 3
5834.3214979947643 742.0488854022334 10.81 4
968.76201014956985 1406.99 1.01 0
1787.8075879970525 1359.6398152182214 6.9400000000000004 2
4378.0307634890023 1295.1528498852692 12.01 5
5340.7351999836774 671.35358695574314 10.81 4
5108.3685036804309 804.25708764093497 9.0099999999999998 3
5840.4211320064433 1404 4 1
360.15721263062755 791.95120915031032 16 7
4591.0747889023523 597.99015053730466 6.9400000000000004 2
4765.6601736492594 474.35005338417079 9.0099999999999998 3
4059.8554075869888 778.20180047884503 16 7
5804.0870569007711 831.45676049751432 9.0099999999999998 3
3184.006395881609 305.87764786927477 6.9400000000000004 2
5024.9687895486913 15.602806803214008 12.01 5
4035.5558643865857 746.0518051405603 24.300000000000001 11
6018 720.26264973250181 4 1
4482.9554426033246 52.55868574090718 19 8
4055.1118067787816 175.32723711625499 26.98 12
4493.2779770831039 107.11464698489883 10.81 4
5855.3611384626765 615.78546727570267 12.01 5
4708.7815267040687 752.78719600269017 9.0099999999999998 3
769.3775940336252 884.5139825016746 6.9400000000000004 2
4536.1836853388504 542.38092904376003 12.01 5
3749.7492946460188 378.15563593597824 32.07 15
3704.1684165171323 411.32128758040693 24.300000000000001 11
4205.2573917474892 374.70362784689019 9.0099999999999998 3
3789.936444205995 14.870278538594313 10.81 4
3742.6387516092 245.04454885816094 12.01 5
486.89534157154037 1404 4 1
5117.4777212123863 9.9395582244208285 6.9400000000000004 2
4053.1871106861749 413.72083590647037 10.81 4
2247.4847379829816 1102.16700828583 9.0099999999999998 3
4321.0398946812866 1115.4738045063136 9.0099999999999998 3
3587.4821514153655 936.22129839026854 12.01 5
5526.2130561477934 949.59341977440783 6.9400000000000004 2
12 4 4 1
4072.583707584593 464.20978085395797 9.0099999999999998 3
2811.6051510090051 486.89709265649719 6.9400000000000004 2
2442.8848907778943 1303.3996691384427 12.01 5
4300.7014414083314 950.46248926009275 9.0099999999999998 3
3630.9965036855856 1406.99 1.01 0
3297.1501678894674 1020.9903918414871 6.9400000000000004 2
4020.5215602553567 695.86533485932102 28.09 13
2713.5672144974014 11.921671015591215 9.0099999999999998 3
4 779.07385225948633 4 1
1188.8553667132612 460.30428588602126 6.9400000000000004 2
5004.9993226092756 9.0407347100733375 9.0099999999999998 3
457.96553563081955 1338.6400783875213 10.81 4
2013.0565700269203 104.47957229624481 9.0099999999999998 3
3606.0191310571436 1130.8570523114042 6.9400000000000004 2
2872.5305985455698 1322.5574698851415 12.01 5
64.111997121381577 4 4 1
4697.4020586232919 247.38078263946235 9.0099999999999998 3
3823.3124518510112 1263.9519191396832 6.9400000000000004 2
2279.067405468988 41.812810745197353 12.01 5
3825.439814659057 325.65359684265707 32.07 15
187.48381596036214 888.96857618548188 9.0099999999999998 3
5525.1959066508171 501.40673172712889 10.81 4
4293.4992352358786 53.685909530735074 32.07 15
1801.7116607615324 40.995088477044533 12.01 5
5617.9136129186872 1404 4 1
3806.7251385387776 291.42581576188809 6.9400000000000004 2
5431.9405659924359 801.77725947148804 9.0099999999999998 3
1600.8973211012892 927.00939408713521 9.0099999999999998 3
4096.3539594938275 99.96403031460126 58.93 26
4289.2673196218866 108.58303596041308 22.989999999999998 10
3945.2467698421929 301.62514431687634 12.01 5
4039.8032360832253 140.77681362740105 10.81 4
4867.3361076084848 883.25774901462535 6.9400000000000004 2
4 1063.0202081551549 4 1
4401.362141416208 578.97489639144976 9.0099999999999998 3
4991.2990139469657 1306.1006116547817 6.9400000000000004 2
4824.2041852224893 653.56054098977881 9.0099999999999998 3
3809.45412589941 1406.99 1.01 0
4167.9556536190003 142.39550799810004 24.300000000000001 11
3715.0974000099695 503.73085515246044 12.01 5
4460.0602799819853 1256.0067141826551 6.9400000000000004 2
4171.2326909485491 1295.2657121113273 9.0099999999999998 3
5552.3587626574727 1404 4 1
1310.969354222148 288.83577121948247 9.0099999999999998 3
3751.2530204062464 640.19178783232348 6.9400000000000004 2
87.657681701467254 1355.8289990524413 9.0099999999999998 3
1782.3150484931307 743.61537704729687 6.9400000000000004 2
4 1339.8316453722286 4 1
3785.9629425045146 349.66110823712239 14.01 6
1719.1523296775467 290.45823881646822 9.0099999999999998 3
4036.3803047265528 659.0345023436513 12.01 5
1806.1029406286095 15.348313609061581 14.01 6
1609.0293070658424 444.6930917561308 6.9400000000000004 2
4309.8854891150622 135.36607325551245 10.81 4
4193.9877308571804 83.513292052490357 40.079999999999998 19
2218.0128102945746 680.10687032145188 9.0099999999999998 3
2274.3581658077337 16.222510594302861 14.01 6
4359.2631596134615 1310.144095489647 12.01 5
4201.9897070594143 133.77023661599196 10.81 4
2673.3498735020862 1404 4 1
4703.9202457701458 944.9706744906747 6.9400000000000004 2
1652.0311833041721 614.52489365928784 9.0099999999999998 3
2101.5387543386892 323.97290243359754 9.0099999999999998 3
3880.472601016827 323.92269369688881 22.989999999999998 10
4308.3272087586993 12.174735117012013 12.01 5
4088.5400796429499 1282.9668587391657 10.81 4
3008.4860200328858 476.55775695510607 6.9400000000000004 2
1946.905248046525 1404 4 1
4349.672672732062 457.59282163016053 9.0099999999999998 3
1606.0944094054819 118.634258344188 6.9400000000000004 2
1.01 625.71750539658217 1.01 0
4478.7807744411757 17.808546953616883 16 7
2605.1192768380033 610.14337214430554 9.0099999999999998 3
3479.1617857782312 265.01594636734364 6.9400000000000004 2
5217.4543713303574 1086.2901365461389 9.0099999999999998 3
4035.6066658268073 1404 4 1
3295.5736697786861 13.355049988375512 9.0099999999999998 3
3714.9786075234115 472.72108268723366 19 8
51.893399879723944 833.94078018658718 6.9400000000000004 2
2270.7906482726262 70.412843648974516 9.0099999999999998 3
12 1404 4 1
5960.2828806162261 1333.544160277346 6.9400000000000004 2
4376.2908234237675 961.03900649815432 9.0099999999999998 3
2324.6836598558452 627.23217091687343 6.9400000000000004 2
4285.5156070370713 11.555681893286874 10.81 4
2921.8848859754021 943.37764330209484 9.0099999999999998 3
4 934.53792866652486 4 1
4925.4419040781368 707.58940263116563 9.0099999999999998 3
2482.5653988660852 657.06480949671572 6.9400000000000004 2
3922.2450126029935 308.5446503620322 12.01 5
5095.2560877318892 11.239680339865703 9.0099999999999998 3
4150.1424382250807 38.176604767185083 22.989999999999998 10
3793.6783555890142 374.51091308415357 12.01 5
4110.0950543281779 22.056556907017395 20.18 9
4253.9046820577523 85.941393694277252 19 8
2477.3102852604284 87.444300515943183 16 7
4451.9467309741776 560.6629976150565 6.9400000000000004 2
708.9618611328965 1404 4 1
4494.1799592111802 87.315181632505329 9.0099999999999998 3
4190.684268676885 23.343908329342948 20.18 9
3740.5545628101418 423.30896700320199 14.01 6
5218.1189439297286 1066.4812813732583 10.81 4
2018.2442136144114 591.70651989975318 6.9400000000000004 2
6020.9899999999998 935.47471133024158 1.01 0
4051.5361733886202 1151.6533573332695 9.0099999999999998 3
317.17361339840443 891.75266298105589 6.9400000000000004 2
3634.8838813900788 99.441146061992413 9.0099999999999998 3
5801.3627089790989 4 4 1
2485.9957918562213 40.165479938707563 32.07 15
3414.8996263441954 794.41387459938278 9.0099999999999998 3
1992.1644032490165 179.54264254203125 6.9400000000000004 2
306.84446627752021 847.34025062655303 9.0099999999999998 3
4242.5877161181315 49.665695466380193 19 8
