903 903 97 24
89 911 89 23
917 83 83 22
79 79 79 21
734.70264410870857 927 73 20
247.9842759520576 929 71 19
767.85577449998277 67 67 18
61 217.83803513446884 61 17
941 751.69897554874251 59 16
947 215.64991519032344 53 15
200.86878189265698 47 47 14
853.93761263209274 192.08315772592948 43 13
185.80706578303699 133.7014688908626 41 12
23 820.51243179309108 23 8
817.13964826533731 981 19 7
841.87344011602818 17 17 6
987 987 13 5
11 989 11 4
993 955.11525688318147 7 3
995 966.94741644938074 5 2
997 945.9501054932698 3 1
998 998 2 0
335.90951648781538 97 97 24
92.951776699156284 733.04387208943888 89 23
917 611.74183925337525 83 22
622.34976087855193 79 79 21
927 340.05248751099532 73 20
188.43519330616488 824.18616278400305 43 13
462.03643669123585 41 41 12
963 500.90863123339597 37 11
462.9062412604294 112.99474591948645 31 10
971 435.39527381675919 29 9
537.09719493476348 23 23 8
171.24354077980837 981 19 7
983 821.78423798301219 17 6
987 13 13 5
225.13347945356463 99.680399127926918 11 4
7 971.45007122521577 7 3
985.34210955540971 964.35412661592761 5 2
997 939.9501054932698 3 1
998 976.80196097281441 2 0
97 371.68211204352633 97 24
720.21915830677597 215.54882294269822 89 23
83 551.13684171092746 83 22
17 152.29392880723478 17 6
13 13 13 5
989 396.72699677221431 11 4
993 32.078784028338916 7 3
5 953.19004621945794 5 2
230.94428030964386 86.943264700945775 3 1
998 2 2 0
566.40528821741714 903 97 24
179.28304606681985 775.0309168695602 7 3
29.124515496597098 5 5 2
997 51.440532323881001 3 1
2 2 2 0
785.88881379141287 735.0700876435036 97 24
391.97038639330816 927 73 20
859.90994684347788 468.71482841071838 71 19
681.1634586070021 826.35430652127297 41 12
209.39785846674943 755.30534782537165 29 9
23 638.52105081074137 23 8
19 457.54246377818907 19 7
321.51472657807403 983 17 6
987 148.69627082262735 13 5
505.28524749358974 11 11 4
850.88474311681853 993 7 3
39.250786171296419 5 5 2
3 943.68026927673634 3 1
998 23.198039027185569 2 0
465.95556053511831 240.95841909262185 97 24
242.70994178876686 487.2875308780869 89 23
315.91852100688834 790.79385560391961 83 22
607.26430785737841 731.80846833426233 79 21
297.33429322551797 262.56555242641474 73 20
778.77140233654325 579.23253615419765 59 16
172.40698629628235 242.01412672057825 53 15
442.95968876437144 818.37177602615293 47 14
710.17505861792699 634.35550440190229 29 9
130.99997532947401 166.74965849354683 23 8
480.54493648275439 981 19 7
983 688.35862506029002 17 6
151.43195351542388 13 13 5
11 490.70506199197496 11 4
967.92121597166113 993 7 3
995 123.74309757492672 5 2
868.88255578153598 997 3 1
2 979.6191684803531 2 0
628.1189762101269 538.73751791460836 97 24
660.21774631056428 981 19 7
17 282.24300388688732 17 6
406.93064010607418 13 13 5
451.63127189315247 989 11 4
7 861.08006410260532 7 3
947.04543109109045 995 5 2
997 114.559467676119 3 1
976.80196097281441 998 2 0
193.41059719731874 607.57707582216608 41 12
596.42670085903762 192.06632990959181 37 11
608.36600730276461 259.00998503569599 31 10
515.00869735999083 787.95917920914189 29 9
508.85789443763599 84.631996224125103 23 8
829.34962844249787 135.16715792365744 19 7
688.90955311214418 675.14494268662884 17 6
250.30561026989008 13 13 5
11 670.33299825191511 11 4
993 850.88474311681853 7 3
5 29.124515496597098 5 2
3 878.31973072326366 3 1
873.7815352671023 998 2 0
376.27868202147511 385.38160788185075 73 20
301.74446987381464 635.99840638413616 71 19
274.49476334592777 364.02665765831779 31 10
209.58244007654287 315.10301531680545 29 9
514.04518266694095 130.33858262943562 23 8
140.31114262113425 635.51357387957694 19 7
700.35762637723792 17 17 6
987 278.44080030799785 13 5
317.04382427251397 884.78711968470554 11 4
126.03190406521938 7 7 3
5 39.124515496597098 5 2
997 868.88255578153598 3 1
998 57.231802546549744 2 0
266.45556292475374 182.30034193636081 13 5
825.85618352871882 634.737593623463 11 4
868.79211682722416 7 7 3
436.79887491896113 995 5 2
109.78960863668131 3 3 1
2 884.3166718717473 2 0
251.09406343404942 163.86059320170907 11 4
967.92121597166113 7 7 3
5 505.5374589661663 5 2
3 48.210391363318692 3 1
998 875.14322344563175 2 0
28.549928774784245 993 7 3
231.52820132616876 5 5 2
885.44053232388103 3 3 1
104.13961017995307 2 2 0
231.73447732696468 191.81066342992804 23 8
795.94075914861196 858.34220170760238 19 7
665.76433351426772 646.34247632008135 17 6
987 546.04556843074784 13 5
703.99259036728211 116.87411243942393 11 4
7 126.03190406521938 7 3
46.809953780542024 995 5 2
948.55946767611897 3 3 1
20.380831519646861 998 2 0
521.36675048514223 401.67431758534212 73 20
643.09540306265546 344.20311310453076 61 17
880.52616848727575 252.49051404563454 23 8
557.14227813927255 152.15725661071897 19 7
891.48990209892361 702.21412730379154 11 4
138.91993589739474 993 7 3
390.80612460947708 5 5 2
937.11744421846402 997 3 1
976.80196097281441 2 2 0
408.03408251543192 772.06624689469777 11 4
794.07452307599567 993 7 3
151.74995209019045 995 5 2
48.210391363318692 3 3 1
930.85677655436825 998 2 0
450.25275911234843 692.58302007038617 79 21
399.02512442947216 529.82649743820627 73 20
240.80916978730048 847.31451872257549 11 4
7 423.79736892670786 7 3
170.20936245914521 5 5 2
56.319730723263618 997 3 1
942.76819745345028 2 2 0
993 259.36201627965892 7 3
995 528.11157225086686 5 2
121.68026927673638 997 3 1
998 108.76819745345026 2 0
373.81641747624519 297.30004062037443 11 4
194.30866596914996 993 7 3
995 294.56531580459495 5 2
3 109.78960863668131 3 1
115.68332812825267 998 2 0
318.23620271343543 552.82976085799282 11 4
7 319.5668551603448 7 3
836.63323695495524 995 5 2
997 310.45519033709786 3 1
2 104.13961017995307 2 0
206.00911162902509 356.95073119003035 13 5
451.49550037943254 347.98601674992676 11 4
7 613.14389572984237 7 3
380.80612460947708 5 5 2
997 250.19686488974725 3 1
53.860389820046933 2 2 0
342.2890246073859 465.19666704249613 13 5
846.46600549689879 549.60525084174378 11 4
7 259.16599177401247 7 3
206.14082553534919 995 5 2
997 841.71959172690686 3 1
2 53.860389820046933 2 0
560.9872819630051 314.23168790501018 23 8
838.52765143734234 252.13757551493387 19 7
388.1191082830411 619.16326932869811 17 6
206.42162477461252 382.94745853992418 13 5
457.54849352597239 874.50703032884485 11 4
724.54295884456735 7 7 3
995 378.26243386008093 5 2
3 138.01107195014907 3 1
891.23180254654972 2 2 0
993 792.34377841454568 7 3
995 562.17008392734488 5 2
3 328.73200655025647 3 1
62.316671871747332 998 2 0
811.16859015539819 7 7 3
5 601.3117361636431 5 2
3 115.78960863668131 3 1
2 937.6833281282527 2 0
993 463.89088751430921 7 3
823.43435120144238 5 5 2
997 240.86895561616043 3 1
998 930.85677655436825 2 0
299.69730234880262 993 7 3
5 438.04887508857115 5 2
516.77437278666582 3 3 1
183.57236878574633 998 2 0
183.51285402355731 878.33012971679034 11 4
993 167.77505485096626 7 3
287.86514278260341 995 5 2
3 655.13429853657749 3 1
176.53391777948198 2 2 0
293.80542947274932 401.3240861720696 11 4
683.28287149990592 993 7 3
995 183.09227399812403 5 2
129.75478450748307 997 3 1
830.30868163461844 998 2 0
7 847.08006410260532 7 3
696.49269775962296 995 5 2
958.75606458174946 997 3 1
180.53391777948198 2 2 0
562.47435001566248 7 7 3
329.53975633459157 565.2635348527383 5 2
138.94195751862708 3 3 1
672.54657431650219 998 2 0
708.86350632986569 314.90197673350298 11 4
669.38166494377128 7 7 3
574.30650958186175 5 5 2
997 473.05603890422088 3 1
2 431.28068370025574 2 0
993 710.17604928956143 7 3
681.21382450997055 5 5 2
997 454.0500319229368 3 1
998 189.4168293184608 2 0
637.15262112122264 993 7 3
802.13846534522975 887.80293360267933 5 2
465.44526761221289 997 3 1
163.88480713880844 2 2 0
426.00942413441311 7 7 3
627.08224745638302 228.25771106266947 5 2
582.05247627427661 3 3 1
550.66185490101407 2 2 0
362.4386142335623 203.75301856526869 13 5
637.76435734459153 646.30594554451704 11 4
7 687.88292702669935 7 3
277.87183123806892 399.86791060031004 5 2
958.75606458174946 3 3 1
801.5578378495436 998 2 0
7 304.06042811615873 7 3
5 699.71508659289861 5 2
997 370.51646716766612 3 1
554.66185490101407 2 2 0
208.7584915463955 677.92224011261021 31 10
747.05660564784318 497.14616900961988 29 9
792.14358872382309 143.22402561022488 13 5
785.09499767989723 509.51874883824763 11 4
343.33215080734544 993 7 3
886.88083684400851 717.53589343814872 5 2
997 569.91605061975974 3 1
2 270.58110009719672 2 0
141.84295872847036 472.12666915080172 13 5
535.09496019224912 56.940993739663348 11 4
780.07452307599567 993 7 3
25.131767127697493 981.49712336176788 5 2
277.17331499071042 997 3 1
998 195.05865490834944 2 0
993 659.94972242615108 7 3
774.66517978258912 138.922256104197 5 2
997 801.50892980445735 3 1
644.63593589477057 998 2 0
7 795.13527671219208 7 3
226.48607431891335 646.58962437367882 5 2
997 41.243935418250594 3 1
688.69572258754727 2 2 0
503.61006167209598 993 7 3
677.60914802112097 15.735474927668429 5 2
997 725.09070615744236 3 1
307.1806171223505 998 2 0
7 781.13527671219208 7 3
522.35985712632669 995 5 2
715.37780745465568 3 3 1
998 364.21857945818448 2 0
805.42935058838293 163.21123481206715 11 4
623.15262112122264 993 7 3
5 769.30311714599281 5 2
859.62696543731249 3 3 1
842.95779227529204 998 2 0
269.38439429822898 7 7 3
610.45071930850759 995 5 2
997 479.05603890422088 3 1
158.91471277387041 998 2 0
769.94374151796785 363.41181974877293 67 18
855.64306590038314 283.80873886202824 17 6
166.25198216093887 654.25051183566006 13 5
239.30485846502285 145.28602332248229 11 4
