890 890 100 99
690 890 100 99
99 891 99 98
892 98 98 97
97 97 97 96
894 694.04082057734581 96 95
699.02331747073686 95 95 94
510.02596299189764 94 94 93
790 965 25 24
966 790.04082057734581 24 23
603.02058649239905 23 23 22
799.13450587004877 22 22 21
890 498.08164115469157 100 99
491.00251257867603 891 99 98
318.06763418066839 98 98 97
294.98979565273294 893 97 96
969 604.2410432947712 21 20
406.61140866538301 20 20 19
380.85014738739568 971 19 18
605.14718625761429 972 18 17
973 973 17 16
974 16 16 15
890 298.08164115469157 100 99
99 292.98979565273294 99 98
98 694.00253808741593 98 97
97 488.97959130546587 97 96
421.50928021190299 262.1213754096301 96 95
757.50094339958491 398.08164115469157 66 65
260.91825578267026 250.65303321166741 65 64
734.3850491956922 277.27329940978376 57 56
216.76553503908599 393.768160180829 56 55
603.12071954609655 210.3372954048462 55 54
207.83152394450303 31 31 30
15 975 15 14
413.46916024799589 976 14 13
440.11172982010351 13 13 12
289.26849875552932 531.89607282824466 100 99
199.44354582556912 792.04498950539801 42 41
791.23693869515864 197.4493514972653 41 40
965 398.08164115469157 25 24
249.48192138273942 12 12 11
979 822.53697419588968 11 10
828.79929981843145 10 10 9
588.62984190480199 717.59323955321656 100 99
389.65735937670729 720.90249877652673 99 98
699.31783062037471 551.41371668790055 98 97
485.36286604484991 551.00412917459641 96 95
326.17484075021616 382.38379266179408 54 53
739.13605309125978 745.104698880147 53 52
24 392.48088665094735 24 23
23 788.9551578511697 23 22
202.59931995312417 968 22 21
377.46460380033841 9 9 8
982 38.627416997969519 8 7
592.01645760310362 385.00934370266782 100 99
21 201.79769073130896 21 20
267.55018192528598 337.226851028635 20 19
592.35157105330279 504.00887184868822 19 18
614.20602871898382 489.9240331865326 7 6
382.80696739832035 443.06164884766378 29 28
790 810.10006257824728 28 27
814.42621550378783 600.14830122016099 27 26
212.8701623405199 319.87075784800498 18 17
733.53057732673085 203.27823283217231 17 16
16 16 16 15
269.57021156873981 6 6 5
405.47402716623679 392.94973009096771 26 25
965 198.08164115469157 25 24
682.08269771180653 212.7880104347779 24 23
698.78492247050531 342.28353288697446 15 14
417.45653518363247 149.63183472842127 14 13
364.04819593533966 5 5 4
779.61243609389646 473.92412193445909 13 12
425.68952471824753 4 4 3
766.6383522515049 12 12 11
979 431.24788905824556 11 10
356.30222924292485 3 3 2
26 589.41862754138367 26 25
705.96955221693975 674.50736734591885 25 24
590.05035106040998 598.60171820089988 19 18
663.96186180312327 250.6777888185396 18 17
980 759.05695380768645 10 9
354.69675372615166 981 9 8
2 2 2 1
490.16426095771516 777.00308190911494 15 14
8 38.627416997969519 8 7
438.17316856530533 434.66023418482547 27 26
783.05655702368608 642.86767067760707 26 25
527.16595457783978 207.71552527440497 21 20
537.85952969980372 247.2964228275292 20 19
297.32303322649665 320.80804091961681 14 13
444.41192500070241 395.14975559825564 13 12
568.03700474467405 612.43691187440777 7 6
368.52033189033926 1 1 0
12 624.74567100669503 12 11
984 447.4959658675175 6 5
571.20606076065997 974 16 15
11 554.30952318971015 11 10
487.62614314026581 662.60912515748566 15 14
10 426.6899452958761 10 9
5 51.276527638643039 5 4
981 635.25306675054958 9 8
4 610.88926454614398 4 3
13 168.75226744759235 13 12
38.627416997969519 8 8 7
173.60485644313712 589.01806375145213 29 28
169.25692090053121 12 12 11
979 364.91539325113757 11 10
149.11525688318153 7 7 6
987 419.75876376516953 3 2
571.34480185892119 10 10 9
208.989145455867 168.72399378933133 32 31
977 570.19266666397129 13 12
6 537.22894363272519 6 5
565.39593417509298 270.48578307254832 16 15
9 229.293144901044 9 8
2 988 2 1
210.32100185975855 633.91711347130149 29 28
474.40132656199529 406.31379581654244 19 18
170.10316633458032 978 12 11
5 444.93416021437542 5 4
951.37258300203052 8 8 7
319.60451107259075 303.53898068399957 14 13
11 359.98473303240348 11 10
830.02812266567059 789.53919207473916 17 16
10 756.61244145741 10 9
983 551.11388263563242 7 6
986 623.25306675054958 4 3
989 437.88113863895637 1 0
9 950.69924622639724 9 8
6 641.7162337551722 6 5
979 231.74914534758358 11 10
3 523.09703552392989 3 2
629.14718625761429 982 8 7
186.70596344033666 213.48401835660277 18 17
690.99928429161901 440.72585923742702 13 12
266.30560288286642 664.92879591975043 35 34
590.36081141371972 832.58021161770387 15 14
232.26411390150682 980 10 9
5 742.47030583367905 5 4
151.77286355475695 983 7 6
988 2 2 1
38.237900077244504 981 9 8
823.66750419289201 979 11 10
4 769.26155209808348 4 3
548.57864376269049 982 8 7
984 743.56502042285683 6 5
147.94332842867118 392.61685323411103 12 11
637.37917744104709 10 10 9
637.28396282854055 274.84987408857694 18 17
804.5441396057056 768.57334824723205 16 15
208.24999269237702 75.998054223566768 14 13
979 163.66582063752801 11 10
386.32572717931532 363.65224542741919 9 8
7 149.11525688318153 7 6
985 648.66947461554832 5 4
3 454.86214708700192 3 2
1 750.2878861370732 1 0
207.59055908034279 121.74480737502444 15 14
437.14186144192041 370.186859615392 13 12
328.32807987799936 207.52042391304067 12 11
609.2846383807771 275.04437465124295 10 9
946.5685424949238 982 8 7
457.77525155275919 6 6 5
391.77111037690696 834.88290084946709 15 14
837.37871153230856 398.08164115469157 13 12
986 584.61487176582727 4 3
988 988 2 1
536.05230778352279 283.25103239216378 16 15
238.91242955158259 332.65748138037424 9 8
611.63562877265463 613.09570957958067 7 6
158.15650576389905 193.20749348543586 17 16
202.12468221436939 460.17332133992102 12 11
51.654307942243243 985 5 4
415.31851397258492 51.029090069510048 10 9
982 946.5685424949238 8 7
756.33249580710799 979 11 10
987 656.41544130796319 3 2
749.66778950302773 6 6 5
590.26582900960193 273.03300330654179 9 8
4 567.57602235113177 4 3
1 762.9369967777468 1 0
276.23021313091482 422.40296521657484 10 9
169.16963136235253 171.88353830463768 7 6
386.07540588280835 604.95781537462358 17 16
11 820.76710529234344 11 10
434.63517073651263 982 8 7
51.276527638643039 5 5 4
2 461.12281475109762 2 1
795.04853888373805 52.72954398924233 9 8
740.08441899783611 984 6 5
61.993716511420445 590.09121336899125 10 9
7 838.31703406712768 7 6
387.85690864575167 3 3 2
57.595149553065006 391.6540665894147 8 7
445.94887923549737 986 4 3
55.440239228238902 792.17415701595587 9 8
266.30970112762031 771.33467142184429 28 27
985 51.276527638643039 5 4
479.84821866052556 439.87465645012821 15 14
301.28759324746056 786.18549843089727 10 9
462.11519770544862 378.94499902676137 11 10
984 249.09184629902802 6 5
989 644.19733866054878 1 0
214.97312040839768 681.69114190736082 19 18
344.83931947397497 440.45820384236788 7 6
212.06816609999743 97.664192592674922 8 7
2 516.83636785983413 2 1
198.66788428481402 937.25030384563229 9 8
987 257.5771276732666 3 2
605.22285919303522 144.37078110475022 11 10
361.28677724334841 615.65939891048163 10 9
141.18985831049858 986 4 3
5 937.28283836139849 5 4
394.48657633503763 485.48318506554909 15 14
854.0261125629512 789.2285783435276 7 6
984 347.07143601035511 6 5
804.55206946933947 564.13200957173683 8 7
197.34763307438925 844.00273339155456 10 9
482.11011488189058 379.39587274214745 9 8
987 773.07025782886865 3 2
988 242.16364306875252 2 1
989 424.61463947753475 1 0
678.01277586480217 656.97400896834154 8 7
708.49533260167755 196.55924836940864 7 6
984 838.78505100516156 6 5
651.52131306477804 5 5 4
935.25483399593907 986 4 3
839.91558100216389 984 6 5
232.7313231404805 5 5 4
986 848.58300997629431 4 3
987 807.01138332582298 3 2
51.247058615804534 195.00685535618135 10 9
2 30.627416997969519 2 1
793.36595568091491 247.6548478941927 9 8
934 790.04082057734581 8 7
1 764.9369967777468 1 0
694.92527512984918 704.54108079636592 7 6
6 341.73402608054869 6 5
665.89002420279053 279.61361764303518 11 10
553.38492976925522 5 5 4
769.59899496852961 986 4 3
239.35415046706234 721.87279659303158 28 27
180.48306809441061 552.6630062699918 8 7
747.95367038299469 675.66227938531301 17 16
307.55090742160036 642.39382635005506 12 11
987 59.022494331057871 3 2
234.17050533352017 757.47566374782605 7 6
937.41330066303124 597.33877651652335 10 9
6 244.24556522491719 6 5
392.75588813131804 2 2 1
205.09734349580876 707.89169591625114 9 8
246.40624952523777 985 5 4
777.16318047351808 688.73149972440012 15 14
325.5273525077028 633.62756020839902 8 7
1 469.28187570187367 1 0
255.35052143523694 986 4 3
590.97298512136035 944.43023354924787 13 12
201.64628448569914 726.57565137832455 10 9
189.991600826298 238.26716962854505 7 6
984 146.49742261192856 6 5
283.7747777817039 3 3 2
938.72347236135704 5 5 4
780.6831081630927 325.70355581888305 10 9
499.12478860424187 194.40998156045003 7 6
988 414.85978427960316 2 1
624.73006680037361 4 4 3
590.90384069880156 568.61386140123579 11 10
546.75741261432597 187.0096801877902 6 5
209.8999371817423 742.57181395480211 8 7
591.30876045120863 547.61776557381802 10 9
1 508.67730690905807 1 0
535.92953312201701 985 5 4
3 59.022494331057871 3 2
789.68558900178755 709.20561227296071 9 8
586.46494950683541 531.3224442963724 7 6
659.9344870845481 188.1292829299129 6 5
739.86983053189499 4 4 3
2 634.54362997782778 2 1
146.44432451938889 791.75769011707303 11 10
755.33575764905584 805.26371041623406 7 6
339.03522674382339 985 5 4
747.43892018798704 648.10063792767232 10 9
932.00383176921582 398.58451498160349 8 7
528.18356642960214 987 3 2
245.08371042420066 629.84844129678766 6 5
540.40166907701655 989 1 0
986 733.76706145172409 4 3
730.799438433776 651.58311505628046 7 6
682.87325074148873 323.00093184904352 10 9
654.20166273506959 294.59301036102937 8 7
847.72811275764275 5 5 4
619.07321255088118 2 2 1
608.34845268455695 821.74301818436174 6 5
855.47407945005762 3 3 2
386.81801270779761 580.96930697782079 7 6
791.33583173220097 846.07527006317014 8 7
986 935.25483399593907 4 3
670.60717571167811 299.04937030770446 9 8
645.27864045000422 985 5 4
383.46460380033841 1 1 0
133.63521344807106 590.57615195401479 11 10
572.05511676619676 822.28936405923491 6 5
638.95408512966742 988 2 1
849.3689636830054 598.14721409467461 8 7
653.02460714241909 987 3 2
793.15615804646734 141.51890287984131 10 9
849.71353997329663 986 4 3
277.71045972586842 710.52407243377797 12 11
129.68770938156325 392.35912941779708 5 4
590.45310531598034 853.58000880328655 6 5
338.84193559381754 626.7194579188448 7 6
855.37039422278906 988 2 1
371.46460380033841 1 1 0
839.98214606522788 3 3 2
249.22038573636803 800.727787953752 6 5
785.06630954584591 494.35060809777889 5 4
185.56046649318296 4 4 3
843.23692585127355 197.41280339364101 11 10
570.55481429900226 489.83490292696922 7 6
432.75871707647934 30.519509228060642 6 5
707.77629730785611 448.7616132447817 5 4
467.57321052389187 4 4 3
134.26165508022308 987 3 2
179.90361224369059 2 2 1
682.79425156635125 778.23203862684545 12 11
276.58173144731239 733.49635948738205 11 10
989 253.99082578459436 1 0
249.21868736339303 178.59666570120618 8 7
194.90500566470359 742.18190524841123 7 6
135.16280520756794 192.66922336200511 6 5
761.08752326008994 468.99099487410024 5 4
4 412.07680459321278 4 3
474.5014137541674 3 3 2
191.21732074267533 2 2 1
415.68361084818866 464.04083652188586 10 9
959.66606250722623 577.97306581803855 6 5
192.93999891321278 337.61351809030623 5 4
250.87838548023734 989 1 0
4 654.40455834096929 4 3
713.65125639299845 216.72489038019023 7 6
207.16776828026127 598.94433943840693 6 5
778.6383522515049 3 3 2
590.48519765776609 151.68285323198495 5 4
523.28458694403582 988 2 1
398.2857431615584 986 4 3
508.99562138625606 787.55316324102228 6 5
241.9341135702382 989 1 0
987 338.58615463611653 3 2
392.26520457422248 942.17819454958669 12 11
