900 900 100 49
98 902 98 48
904 96 96 47
94 94 94 46
708.16673906749122 908 92 45
285.82971010998233 910 90 44
528.21118900025931 912 88 43
722.27493293439124 86 86 42
271.7188791321845 84 84 41
554.32255873265512 82 82 40
795.81336364673427 234.82237468998375 80 39
409.5520132067287 960 40 19
798.14451410110712 978 22 10
635.3163856579215 20 20 9
205.33126291998991 982 18 8
984 16 16 7
362.22337494193175 986 14 6
830.64066771965099 988 12 5
663.62341973993057 10 10 4
605.54755263211791 8 8 3
636.92558733165231 51.65630763612883 6 2
676.27253038060405 4 4 1
647.96549629859499 2 2 0
100 287.90719429665319 100 49
788.98889262637067 736.04715909847573 98 48
631.04236219952509 224.68171486215346 80 39
16 984 16 7
458.01147390112232 986 14 6
633.46874578948791 132.71371682656309 12 5
196.70941806194776 955.36048440298032 10 4
771.61151577826388 992 8 3
847.61123046812816 994 6 2
684.27253038060405 4 4 1
998 2 2 0
100 487.90719429665319 100 49
172.08103670980853 986 14 6
713.35731987356758 183.59342281781815 12 5
787.62065947689837 844.03849179720987 10 4
232.16407864998737 992 8 3
757.75510931771282 994 6 2
616.86126113110265 4 4 1
2 998 2 0
100 687.90719429665319 100 49
270.89177862027179 587.90719429665319 98 48
626.57537646745038 770.36697507840404 68 33
253.54763786156354 750.98748366769314 66 32
377.01801876830314 710.30499310056302 64 31
938 250.29841217588728 62 30
414.03713539865367 60 60 29
659.67337593552668 648.79180314263738 58 28
944 750.33370452904228 56 27
24 589.92760458532609 24 11
809.26918561811749 22 22 10
382.40983182014128 626.47821723500783 20 9
982 813.83173599459246 18 8
16 16 16 7
154.73572873361604 587.90719429665319 14 6
700.38220956848454 801.23040631337994 12 5
838.93397956650017 10 10 4
774.73444112880725 8 8 3
153.75073392998516 994 6 2
243.47778714897214 996 4 1
654.67914782993137 2 2 0
434.19640382892419 218.72493155253304 100 49
264.76918264008907 406.01020746492077 84 41
520.53250046407561 664.27782177358745 82 40
411.65299831243658 478.95638415384559 80 39
922 618.15201139417582 78 38
24 385.88678400798028 24 11
185.7421380913658 22 22 10
420.56807214533285 638.47607934810628 20 9
982 183.485239821927 18 8
984 984 16 7
215.36033558836795 490.64333238075756 14 6
464.89620782445394 110.96424974418051 12 5
10 624.66164109328565 10 4
339.49534156997731 992 8 3
994 793.04712630376594 6 2
746.53339125399293 996 4 1
2 2 2 0
900 441.51679406761889 100 49
10 354.90291723832092 10 4
219.87295354492161 8 8 3
854.42591295132979 6 6 2
857.4091894392609 996 4 1
998 998 2 0
602.18432161704641 501.62180404782589 100 49
10 551.15274750002072 10 4
992 837.83173599459246 8 3
482.25468782795508 994 6 2
231.18666204390638 4 4 1
2 372.03037754742928 2 0
195.33301974527188 181.67906882092404 40 19
521.49162429037733 784.27398871856042 38 18
253.27294400160579 184.31823103084741 18 8
481.87947762755579 16 16 7
986 694.33370452904228 14 6
801.97259988160954 143.02878118257715 12 5
10 416.87065077763964 10 4
459.25206062958625 8 8 3
6 336.89698915231673 6 2
590.54409928520477 4 4 1
501.67819067741613 998 2 0
156.07734414298315 10 10 4
992 673.16769404052559 8 3
6 438.91739944098964 6 2
4 563.80185814069421 4 1
622.51811538059508 2 2 0
56.738513832060285 188.95041678979842 8 3
994 204.26984951275352 6 2
996 783.24916733263319 4 1
2 368.03037754742928 2 0
242.51785661156535 224.91783811309136 24 11
616.21118900025931 978 22 10
980 530.95951316761045 20 9
164.21302455346444 388.9087727047098 18 8
345.04009025147792 16 16 7
35.331604815680507 194.02429561811493 14 6
315.64310571648235 487.42177882192885 12 5
990 559.24378441507235 10 4
992 159.485239821927 8 3
994 712.66400730886562 6 2
4 647.90719429665319 4 1
351.64036969767341 998 2 0
383.50254322838708 358.19400640911539 44 21
724.92997550204916 573.01861386691439 42 20
28 793.73724673923675 28 13
14 213.07404656117436 14 6
12 830.39785229888344 12 5
10 751.15274750002072 10 4
581.27718564594568 992 8 3
994 145.62883336137597 6 2
864.22387192246254 4 4 1
2 431.98919621071411 2 0
55.99343618223341 589.27949868860992 8 3
994 574.73571779990198 6 2
328.18163307099258 996 4 1
998 777.59231308314077 2 0
215.45957013737362 682.91914229641009 12 5
645.87598294864199 990 10 4
992 498.08533656254269 8 3
6 766.64468088485035 6 2
188.36070017151278 996 4 1
224.16407864998737 998 2 0
479.21954064593439 365.55990115240655 52 25
751.2451258582696 484.86242938885573 50 24
706.79327845845842 399.77404438394512 46 22
501.06163262480948 434.16691987488394 20 9
734.18226979210544 633.81099087263408 18 8
204.36892469372901 236.94526483406077 16 7
14 166.5534285888682 14 6
887.83179217764484 788.6629678930143 12 5
179.85729620946441 365.68687001881267 10 4
370.21933079824038 8 8 3
509.96041270701744 6 6 2
996 486.77162806355796 4 1
863.06604368875333 998 2 0
498.00380820959151 461.99944958106943 8 3
6 231.40434934099773 6 2
996 513.07096934761216 4 1
2 425.81492268763878 2 0
325.85732082822716 302.72303801630562 36 17
409.01344611662597 886.00195985372682 34 16
339.22935489810379 798.55473464638908 32 15
458.86787982890223 757.77367495392991 30 14
972 335.68674162503527 28 13
226.87327084606738 272.4072783732795 26 12
392.82015937214425 583.72748530840795 24 11
267.91862675643847 300.05700552294081 22 10
769.45519428188277 619.6751924184091 20 9
268.43618060817658 257.96689984268795 18 8
546.25041481440405 179.66698773159251 16 7
526.50050055436952 411.60890581197492 14 6
881.62758737621641 201.65734784382562 12 5
990 369.15314268639827 10 4
8 187.71943907738492 8 3
316.6187677734718 6 6 2
597.44952596096562 996 4 1
475.32648459767955 998 2 0
6 847.3684150473606 6 2
497.87947762755579 4 4 1
784.8780149396855 998 2 0
624.01198212688712 355.24027093429703 48 23
813.1042496497854 558.84167877275365 46 22
560.53139764307389 815.51332444405386 12 5
990 300.09801056784221 10 4
38.627416997969519 8 8 3
6 148.22312580904483 6 2
996 135.83087439024325 4 1
2 773.57288411512582 2 0
808.79232496480245 503.00793175975951 10 4
961.37258300203052 8 8 3
994 384.64507607122795 6 2
49.941125496954278 4 4 1
165.02161605298232 2 2 0
934.0196817681549 336.90961815509621 10 4
992 40.57437415779593 8 3
325.2586320680536 757.43211786342147 6 2
996 214.06780848388624 4 1
2 195.71943907738492 2 0
42 992 8 3
476.95536507092368 40.067705227257846 6 2
143.42823350230964 4 4 1
998 195.485239821927 2 0
301.00334563231416 691.624567634389 10 4
8 39.154763196791649 8 3
165.63783856247667 604.67454355881921 6 2
996 401.51679406761889 4 1
589.27718564594568 998 2 0
410.5013647999827 808.76750138936711 40 19
956.5685424949238 992 8 3
359.37000090493029 642.56617508980889 6 2
4 247.90719429665319 4 1
969.37258300203052 2 2 0
8 961.37258300203052 8 3
958.07084571521727 185.32794848448404 6 2
996 661.85398554154085 4 1
2 199.71943907738492 2 0
525.6985458539275 165.21457736910304 6 2
4 950.05887450304579 4 1
2 659.62292304919129 2 0
299.91506254815869 216.57752932550483 34 16
487.883241485729 559.23485014690095 28 13
555.09545593111386 383.63876946976166 26 12
775.15462742912746 414.83146670353244 24 11
469.3192467939395 804.62203595580627 18 8
910.42561403933064 325.98625017595833 16 7
234.27768431247327 312.87445423482654 14 6
67.972131000670799 795.23014434631318 12 5
868.15067870039286 548.55136056696244 10 4
992 956.5685424949238 8 3
428.75514688555307 663.15343348500778 6 2
447.93835213060152 4 4 1
2 840.19581127001618 2 0
442.93422624222774 589.16119353595354 26 12
494.0391054386418 521.73677900993141 10 4
801.41901868746072 944.11111111111109 8 3
713.88302938770755 201.58574422187112 6 2
996 967.88225099390854 4 1
998 469.80106531508079 2 0
606.62094055493992 609.53063784932669 8 3
204.02993733110378 508.24858409397575 6 2
383.05326862899432 4 4 1
258.99689437998484 998 2 0
607.95372366620745 692.94016176604157 10 4
288.99136791627018 278.70426377836066 8 3
759.94175006665319 540.18302887384107 6 2
669.80008688098951 996 4 1
249.13464139846451 998 2 0
686.46937876001653 709.10742493856958 8 3
175.04455649384357 413.04522437438681 6 2
4 814.90325722775344 4 1
297.64184192581592 2 2 0
805.2805157662026 623.21727380442042 16 7
364.47464997444848 837.0082790409997 14 6
830.96331338480888 634.37047542914286 12 5
296.32754222159303 260.43103201236528 10 4
190.46396124636163 127.14670693538714 8 3
204.98679996356947 473.28625611165808 6 2
4 942.05887450304579 4 1
253.13464139846451 998 2 0
614.58985303253064 854.08000000000004 16 7
209.1849525551155 325.29841547725198 14 6
894.40077185331188 703.81578790272738 12 5
145.40744563194957 184.40616424557646 10 4
827.69520483366364 614.63929537071931 8 3
493.5244338056691 748.03081775209 6 2
204.50380113065953 4 4 1
584.88724503571234 2 2 0
329.04009025147792 4 4 1
998 773.59231308314077 2 0
366.66016648142295 121.96307623267066 18 8
87.972130326416192 795.23533762875081 8 3
615.31397225636897 876.65731831002086 6 2
4 639.90719429665319 4 1
2 345.95864532832178 2 0
805.42842905258703 125.36363910160249 6 2
945.25483399593907 996 4 1
820.84270874851825 998 2 0
491.1067031979162 818.81029671760564 8 3
453.8835385226925 559.09272898278982 6 2
996 653.47905485948718 4 1
322.52477882150021 998 2 0
143.95277495885244 996 4 1
217.33126291998991 998 2 0
200.40795881089358 828.59284794935627 28 13
429.0313529605022 329.15734881260715 10 4
545.59062195175329 203.6579167127386 8 3
188.44154688227331 49.869574668077973 6 2
950.05887450304579 4 4 1
160.67893716026066 998 2 0
550.78773373145123 329.8108628650038 28 13
