900 900 100 99
99 901 99 98
902 98 98 97
97 97 97 96
293.97692171126306 904 96 95
709.02331747073686 95 95 94
483.96639510386973 906 94 93
521.03395606961931 93 93 92
800.06528196918475 258.3412400475255 92 91
668.94206918021951 909 91 90
201.83638437260447 742.42611170444889 90 89
611.4116846680862 250.97425794534331 89 88
88 281.78095139921754 88 87
341.1339838628399 87 87 86
914 714.52763009008595 86 85
85 454.75493788273479 85 84
916 544.53939520307972 84 83
773.6129576371311 784.81616640011339 71 70
785.42457908567917 626.18533480235169 70 69
224.19026296070865 203.67069423222941 69 68
932 393.38384618155021 68 67
67 605.68538544054206 67 66
56 752.08391624810974 56 55
819.93328526267578 444.07952102648341 55 54
946 243.4922678357857 54 53
809.08139039385344 523.34008106586259 25 24
804.52200856124341 24 24 23
577.44343531063646 977 23 22
430.56849304643015 22 22 21
979 629.53351264658284 21 20
20 685.15111412538374 20 19
19 374.3808126930943 19 18
18 536.23036402380069 18 17
983 983 17 16
984 16 16 15
813.18242026704763 708.46004269559546 15 14
613.7770614193015 148.00142175625501 14 13
856.93975448871561 795.4295978176508 13 12
51.985936324632341 684.20249542613453 12 11
892.49453736712439 206.58474193060002 11 10
545.28523397089327 990 10 9
991 658.88591911711171 9 8
992 38.627416997969519 8 7
7 712.4859365016631 7 6
833.03071506386357 503.65684332786714 6 5
845.54064840515093 809.36015345967883 5 4
40.646334673281245 672.9147394760497 4 3
3 703.32078511175143 3 2
998 2 2 1
843.03555266275248 803.90813591372228 1 0
419.17952222117611 256.93496974536311 100 99
390.68147479790332 851.57644220092288 14 13
76.895758497096622 686.32399473940495 13 12
143.35548929122638 198.49968216459962 12 11
11 345.46714810349238 11 10
608.60965666422612 990 10 9
9 658.31829839538625 9 8
8 402.60131864111361 8 7
7 558.68030834444437 7 6
825.02771845237771 691.11965887917961 6 5
995 672.30232698211046 5 4
557.93434461156676 996 4 3
997 645.40802051297032 3 2
998 998 2 1
1 707.1944338795339 1 0
254.0057178261884 370.01984106251689 100 99
392.56448433828444 755.59491129486355 82 81
842.70671861909648 367.38942562192244 25 24
197.97692171126306 976 24 23
613.53260470839678 23 23 22
315.33415393019266 192.90263818926553 22 21
296.80452084989082 256.84182879980608 21 20
797.98248763589697 372.36367561176212 20 19
399.44420866740796 981 19 18
982 463.3552689196938 18 17
983 182.89523820561323 17 16
16 16 16 15
704.65535943310147 204.91324279895235 15 14
425.88301989690763 141.94179548664465 14 13
368.01174137640453 987 13 12
311.34672921759579 226.66801163842752 12 11
165.48076809271922 989 11 10
583.20110293219057 10 10 9
991 488.81111304240949 9 8
961.37258300203052 8 8 7
993 437.01869464009309 7 6
994 203.09424808233737 6 5
626.28061116481638 995 5 4
4 413.91502714009835 4 3
594.05668303647258 997 3 2
2 2 2 1
999 638.69866403649451 1 0
573.25075977140091 733.76672149112608 100 99
783.38096210309402 966 34 33
16 984 16 15
519.65486256541146 200.99119455356833 15 14
478.62600983684672 798.13211652581776 14 13
741.33337001983671 987 13 12
187.83588180051709 276.05411063722863 12 11
389.5924527297546 952.0278068211727 11 10
770.66745750042662 10 10 9
9 510.774519901085 9 8
959.6761924206188 992 8 7
719.41978703671532 993 7 6
6 329.21907129422044 6 5
531.14309834716232 995 5 4
996 212.89220705347009 4 3
3 359.28114382255279 3 2
2 698.42180562618512 2 1
1 409.91502714009835 1 0
444.11207997457649 581.0473665280656 100 99
977 313.97630858261005 23 22
466.88539394483428 692.74954274147717 14 13
825.42855418635133 987 13 12
868.28660809819337 627.84264984072649 12 11
400.12550867785041 10 10 9
991 599.53030354254975 9 8
992 286.84698865010898 8 7
345.82284729852597 993 7 6
149.23269128344731 994 6 5
948.72347236135704 5 5 4
783.31656814110011 4 4 3
3 392.80335966998092 3 2
2 998 2 1
1 352.10039768420319 1 0
18.641651054474409 815.9615630744006 18 17
297.15290244557622 791.04464091343311 17 16
578.43733162405272 849.6507129326418 16 15
197.90692515462587 846.35185129890283 14 13
643.86410648460298 10 10 9
458.71098760537075 9 9 8
8 957.2849891178812 8 7
7 791.68189599455638 7 6
958.01001156046277 462.662120543897 6 5
5 495.98599413891139 5 4
4 572.94397435305223 4 3
594.15555408229386 3 3 2
967.6761924206188 998 2 1
999 664.88591911711171 1 0
119.80378660908492 796.0419013952536 8 7
844.50733821469021 993 7 6
661.27397192548358 6 6 5
5 642.29139587598831 5 4
996 272.88614474918381 4 3
997 446.18384603000476 3 2
599.66538475422692 998 2 1
970.50461954536502 999 1 0
104.8297087123414 795.16043038480711 7 6
473.40792606206981 6 6 5
385.98337305411945 5 5 4
4 319.30427747780499 4 3
3 486.69237672807742 3 2
998 278.54299899867618 2 1
999 207.99322756790372 1 0
291.77813314582761 7 7 6
198.61478626263181 867.80520586221121 6 5
752.61230690614354 5 5 4
806.70476968247522 996 4 3
3 726.16095345447832 3 2
2 387.90438018441455 2 1
1 396.94446439162124 1 0
223.76808209888978 104.67159442157499 30 29
23.223876977887073 191.64187060612261 23 22
978 801.52188277381219 22 21
187.26627277117404 21 21 20
780.60868578499242 912.07120913634265 20 19
10 222.45136350245224 10 9
159.770818601439 9 9 8
8 38.627416997969519 8 7
113.4751753211967 782.44231760872492 7 6
856.41723144362277 395.19269589878911 6 5
995 502.22752090740823 5 4
708.83678179245692 996 4 3
632.90965533449969 3 3 2
2 567.2871201035598 2 1
587.03509835726186 999 1 0
11.187245037657277 160.91534311707107 10 9
991 158.15660445190727 9 8
38.627416997969519 992 8 7
430.28219967460461 50.998586794967203 7 6
469.38714477787596 712.59245691176409 6 5
995 51.276527638643039 5 4
996 426.3686911864915 4 3
3 422.81749903739217 3 2
2 30.627416997969519 2 1
589.52565825252736 1 1 0
206.93966146819349 56.971624611295887 20 19
940.10161872074502 311.23596937537189 14 13
272.69934911748868 13 13 12
915.74180443612829 302.14754552857733 12 11
989 832.63458114602031 11 10
835.50587533090277 10 10 9
991 342.75129772248636 9 8
38.627416997969519 8 8 7
341.77795637393774 180.99779411988851 7 6
41.984039488809188 537.10549247108236 6 5
5 239.82859747241147 5 4
755.75557512169269 996 4 3
3 634.54542918357345 3 2
599.05453356786018 2 2 1
714.12828441458612 999 1 0
801.71372669123036 152.35405860562489 14 13
135.62845565519405 370.84570431472957 13 12
992 959.6761924206188 8 7
147.31685156026035 387.07473389651386 7 6
850.99780871573239 6 6 5
947.02708177994532 995 5 4
333.16875759579392 996 4 3
446.81656985570208 3 3 2
703.17992754296449 998 2 1
999 641.94391889783253 1 0
105.20789840476107 543.482841284443 6 5
569.05896730845961 5 5 4
4 945.97128061889646 4 3
744.86634021372868 3 3 2
799.87338460556464 998 2 1
538.96067865055647 999 1 0
991 770.16934106306019 9 8
45.713836330295614 370.46023256788601 8 7
704.34694984291104 226.91108095465935 7 6
994 848.88265795529219 6 5
995 585.52719826691816 5 4
302.36113839008596 4 4 3
384.34453979686646 997 3 2
998 196.16604485206187 2 1
589.03509835726186 999 1 0
946.7444454135491 802.64006561742281 8 7
53.222330316899232 191.33724416749368 7 6
558.82070877460262 839.69139026579182 6 5
51.276527638643039 5 5 4
860.79576768686513 4 4 3
997 509.97348759982305 3 2
321.68973463236512 998 2 1
953.19560831635658 1 1 0
724.19055675183097 509.57249727049498 61 60
719.15838342284667 388.67718209415301 60 59
883.78731797000034 456.23116729404433 10 9
425.59760232865199 991 9 8
196.99120750964929 131.63451316625259 8 7
317.52739416524946 803.72849234606065 7 6
790.29887960640394 498.67801934103227 6 5
995 144.74019658690852 5 4
996 782.16934106306019 4 3
997 478.41880819699622 3 2
314.75217194629408 2 2 1
1 504.774519901085 1 0
870.08751185585584 339.61727839262392 14 13
99.747634244276028 698.72527591658468 13 12
891.26384019469765 324.53208306456918 12 11
122.20632791216423 543.2517692570417 11 10
228.96078848092239 990 10 9
9 841.30075377360276 9 8
804.5107414691181 56.384564509080583 8 7
108.22062160483115 716.8418011128764 7 6
6 145.24935232725926 6 5
5 51.276527638643039 5 4
559.60855911359113 4 4 3
3 521.16682474649826 3 2
866.45262193635756 2 2 1
1 338.83389852278157 1 0
113.07305356636365 370.29841851649479 4 3
821.49257130972057 3 3 2
627.09726467464736 2 2 1
1 323.30427747780499 1 0
585.03465406966734 453.57575853767059 89 88
218.95891647742221 564.22643506896588 88 87
587.80124830102216 590.5037350516784 44 43
642.79889569821125 358.7902512642525 22 21
229.26627277117404 21 21 20
614.36482305709501 54.394958005901302 8 7
253.51498407713834 7 7 6
244.45272186575207 994 6 5
146.35441073644026 5 5 4
855.09034345894861 996 4 3
481.89320743630839 3 3 2
553.9517048640987 2 2 1
972.50461954536502 999 1 0
653.1712112246164 387.37598830339886 6 5
208.77237123925485 5 5 4
254.25068083688478 996 4 3
997 332.35899287707309 3 2
563.59119886105918 998 2 1
999 494.81111304240949 1 0
654.66220721778268 523.9533390772599 10 9
789.27411653464867 706.36409120775977 9 8
197.97692171126306 944 8 7
578.61904785714057 947.0230432641921 7 6
408.11902336133375 151.51359921276457 6 5
5 854.71716163860151 5 4
137.41013882644108 4 4 3
3 939.04307738862099 3 2
2 152.17755555753476 2 1
636.37375694963748 1 1 0
617.72093511785943 634.25087599577182 9 8
295.55104724041445 170.34984036502976 8 7
377.03018450432745 964.91925425861837 7 6
442.42605249126132 153.18137166113419 6 5
995 947.02708177994532 5 4
139.43473231231459 996 4 3
997 59.022494331057871 3 2
2 231.39563541245138 2 1
298.36113839008596 1 1 0
319.38926081510544 653.02110049340808 44 43
684.00220790447565 451.04133790282765 10 9
771.33803449028426 704.84851841246814 9 8
824.35323713107982 552.59363977646512 8 7
951.00192080591353 629.20554703609048 7 6
270.4489709318193 262.70570026122465 6 5
439.01401019365073 995 5 4
996 858.68061692642493 4 3
355.52174537960775 997 3 2
2 934.14409790305467 2 1
1 850.24502568360197 1 0
275.79316021921375 803.6339159974832 6 5
995 756.00051279674142 5 4
676.41874651726334 436.31459845124465 4 3
450.38068385637638 997 3 2
790.66560210069235 2 2 1
478.42910582117065 1 1 0
322.04817120191387 702.95035239602441 6 5
51.276527638643039 995 5 4
64.841233391630851 192.74347878695676 4 3
997 609.92260838796301 3 2
736.59141497491726 2 2 1
999 336.75129772248636 1 0
336.06040922028194 601.6589275365269 10 9
756.00077408723473 447.01789043860674 9 8
312.96210223841962 713.60133126139749 8 7
312.20044772322672 280.22912098404356 7 6
501.70325945026599 190.09440853216276 6 5
995 356.50566835237868 5 4
388.3471544510939 937.07958845920177 4 3
3 862.46312833101638 3 2
2 481.79339724251105 2 1
802.70181173031085 999 1 0
783.87150135449508 546.15370626273216 9 8
960.11334094912286 185.17577268000827 6 5
41.580662496324905 814.28771897453601 5 4
21.674399775285089 661.20959401089385 4 3
997 817.76995958308407 3 2
815.23051515916575 998 2 1
566.4196259858054 999 1 0
815.57082156733736 354.59711968451097 5 4
878.92519647469067 443.10258113388045 4 3
635.89664589650295 997 3 2
379.44556031130008 998 2 1
999 431.72719201796389 1 0
637.95214403468492 548.86867147353519 20 19
326.24560190178954 575.43547320074447 18 17
545.94085549661168 626.17876153044165 11 10
371.81488233956139 665.96537365857648 10 9
96.787115854168661 676.92538300717263 9 8
318.12505221689293 600.13479855216099 8 7
910.04684235312391 321.66872316463412 7 6
577.87933464142418 871.64363541619036 6 5
890.86045016453954 222.50107816147766 5 4
180.25115537556513 261.96610421124217 4 3
997 746.65238689850401 3 2
260.99829885068624 2 2 1
390.45550900911906 1 1 0
670.27059248807518 627.35642095763194 44 43
538.13643109548968 190.51156520120821 6 5
179.97353980915872 295.5602102680063 5 4
874.66523559139705 466.85131856782448 4 3
373.44497270564693 3 3 2
133.77787806282223 998 2 1
601.88296069260639 1 1 0
878.77754775802089 198.34798309816196 5 4
184.95322401493075 47.348913552879722 4 3
939.28111508753045 997 3 2
699.17992754296449 998 2 1
358.98584699474549 999 1 0
669.02580951872847 335.61377630684871 13 12
533.12844495521574 636.7347687446678 5 4
57.706589439270147 370.04325191224166 4 3
763.18195222636984 997 3 2
998 787.82619531255261 2 1
235.28534380125916 999 1 0
804.37833678791378 68.383834028530302 4 3
728.84337402303993 997 3 2
327.51190334630155 998 2 1
999 760.47264875174096 1 0
785.11409831355695 873.06991285396691 18 17
334.06337840692203 541.3197529164562 17 16
185.3952137312989 465.79128962807232 16 15
691.52878987391091 318.95196742743002 15 14
548.03952287509173 560.18863664918399 6 5
