900 900 100 0
50 950 50 1
975 25 25 2
990 990 10 3
5 995 5 4
100 100 100 0
950 758.57864376269049 50 1
200 25 25 2
10 10 10 3
5 981.62277660168377 5 4
900 617.15728752538098 100 0
850 758.57864376269049 50 1
250 25 25 2
990 680.40284072874852 10 3
15 995 5 4
900 125 100 0
50 241.42135623730951 50 1
225 68.301270189221924 25 2
990 61.754446796632415 10 3
995 661.87864707537676 5 4
100 808.57864376269049 100 0
150 950 50 1
990 188.24555320336759 10 3
995 75.896582420363359 5 4
350 100 100 0
50 667.15728752538098 50 1
25 312.13203435596427 25 2
286.75444679663241 10 10 3
995 174.10341757963664 5 4
100 525.73593128807147 100 0
50 384.31457505076196 50 1
75 312.13203435596427 25 2
10 462.49037808470388 10 3
227.63932022500211 5 5 4
900 417.15728752538098 100 0
950 275.73593128807147 50 1
975 517.15728752538098 25 2
990 231.01457173807569 10 3
272.61231117290146 5 5 4
700 900 100 0
850 275.73593128807147 50 1
800 975 25 2
10 711.87864707537676 10 3
300.89658242036336 5 5 4
284.99011822970579 884.59611647363693 100 0
150 667.15728752538098 50 1
800 825 25 2
990 713.85728421269471 10 3
995 47.612311172901464 5 4
550 100 100 0
691.42135623730951 50 50 1
762.13203435596427 25 25 2
10 442.49037808470388 10 3
251.86140661634508 54.942197070499461 5 4
450 273.2050807568877 100 0
691.42135623730951 150 50 1
812.13203435596427 25 25 2
990 485.53451092369721 10 3
5 476.63251370843483 5 4
249.99999999999997 273.20508075688775 100 0
628.56742013183862 227.77777777777777 50 1
787.13203435596427 68.301270189221924 25 2
990 553.91173432201344 10 3
995 461.87864707537676 5 4
350 446.41016151377545 100 0
727.35191959003043 243.32199428407063 50 1
450 25 25 2
990 320.45729083806725 10 3
995 568.0538699457444 5 4
655.97682806127148 375.25226491693672 100 0
496.82458365518539 415.7093205728263 50 1
747.32305567480421 100 25 2
168.3772233983162 10 10 3
995 539.76959869828249 5 4
511.02148205366302 565.03596948675363 100 0
203.17541634481455 415.70932057282641 50 1
761.55521866742708 176.57520161039866 25 2
990 208.24555320336759 10 3
5 428.34824246097293 5 4
327.77777777777783 645.1717595137568 100 0
788.19660112501049 517.15728752538098 50 1
156.93757385415364 356.65797069995023 25 2
843.75481095764803 10 10 3
154.23508777458525 5 5 4
701.23840200001871 639.37950974760315 100 0
863.75481095764803 10 10 3
739.77135458096632 5 5 4
500 900 100 0
600 788.19660112501049 50 1
231.19646421715788 485.27814172236037 25 2
768.37722339831623 990 10 3
995 699.71514858896376 5 4
10 745.33309055932295 10 3
5 334.49271413096216 5 4
10 622.4359279753852 10 3
729.77135458096632 5 5 4
400 975 25 2
646.69999668731373 10 10 3
784.49271413096221 5 5 4
600 975 25 2
626.69999668731373 10 10 3
5 415.93735165244573 5 4
507.50494088514711 750.18786476953733 50 1
795.90747195867766 212.90594195261798 25 2
413.24555320336759 10 10 3
5 731.190954935592 5 4
449.45055117584661 673.82025360371222 25 2
10 871.82419696605803 10 3
399.10341757963664 5 5 4
411.6743524880066 778.76229962760306 50 1
122.683362468102 402.81129963460381 25 2
431.62277660168377 990 10 3
612.55786106358278 5 5 4
883.75481095764803 10 10 3
427.38768882709854 5 5 4
255.93382209476579 528.72999007470492 25 2
368.37722339831623 990 10 3
5 352.69179844907819 5 4
575 717.48592300635573 25 2
486.75444679663241 10 10 3
5 763.85728421269471 5 4
674.25889036300418 777.67912984835266 25 2
990 340.45729083806725 10 3
5 853.30000331268627 5 4
131.67584827843817 313.50886617926238 25 2
990 803.30000331268627 10 3
744.72135954999578 995 5 4
713.22891463410122 514.95592835415539 25 2
636.75444679663246 990 10 3
505.27864045000422 5 5 4
10 196.69999668731373 10 3
995 354.5994264617982 5 4
663.50578780199896 520.21051283236773 25 2
10 602.4359279753852 10 3
5 273.04413283899328 5 4
831.62277660168377 990 10 3
655.27864045000422 995 5 4
125.34598697817255 263.91115599099464 25 2
563.24555320336754 990 10 3
995 364.5994264617982 5 4
574.87014409391088 280.13809238824001 25 2
