936 936 64 0
32 968 32 1
968 32 32 12
16 16 16 2
872 984 16 11
992 992 8 3
64 992 8 10
996 4 4 4
4 996 4 9
2 2 2 5
9.6568542494923797 998 2 8
999 999 1 6
8 1 1 7
64 80 64 0
96 968 32 1
888 996 4 4
4 48 4 9
13.65685424949238 998 2 5
56 998 2 8
6 1 1 6
1 8 1 7
936 122.50966799187809 64 0
904 32.000000000000014 32 1
32 170.50966799187808 32 12
984 186.50966799187808 16 2
141.25483399593904 984 16 11
8 125.25483399593904 8 3
992 77.254833995939038 8 10
996 170.50966799187808 4 4
896 996 4 9
52 998 2 5
2 53.656854249492383 2 8
16.485281374238571 999 1 6
1 6 1 7
808 936 64 0
186.50966799187808 968 32 1
32 234.50966799187808 32 12
141.25483399593904 952 16 2
16 279.76450198781714 16 11
8 202.50966799187808 8 3
936 8 8 10
4 112 4 4
996 90.509667991878089 4 9
48 998 2 5
72 998 2 8
880 999 1 6
884 999 1 7
872 825.14874831559189 64 0
965.96773353931871 844.79728651779931 32 1
957.43589462230011 781.36852549652406 32 12
161.36809354968972 927.11111111111109 16 2
129.75705372306834 922.13696182909734 16 11
38.627416997969519 8 8 3
992 890.74516600406093 8 10
856 996 4 4
4 136.5685424949238 4 9
76 998 2 5
944 2 2 8
1 64 1 6
999 82.911688245431421 1 7
936 250.50966799187808 64 0
32 904 32 1
54.627416997969519 8 8 3
8 936 8 10
4 144.5685424949238 4 4
163.88225099390854 996 4 9
2 218.50966799187808 2 5
998 99.882250993908571 2 8
999 174.50966799187808 1 6
1 62 1 7
744 825.14874831559189 64 0
904 996 4 4
996 154.50966799187808 4 9
30.627416997969519 2 2 5
2 928 2 8
999 178.50966799187808 1 6
1 116 1 7
64 343.76450198781714 64 0
4 257.13708498984761 4 4
996 879.4314575050762 4 9
2 106.34314575050762 2 5
169.53910524340091 998 2 8
892 999 1 6
18.485281374238571 999 1 7
936 378.50966799187808 64 0
95.999999999999986 170.50966799187808 32 1
968 469.01933598375615 32 12
984 314.50966799187808 16 2
70.627416997969519 8 8 3
992 423.76450198781714 8 10
996 871.4314575050762 4 4
848 996 4 9
2 150.22539674441617 2 5
158.22539674441617 998 2 8
20.485281374238571 999 1 6
1 221.33809511662426 1 7
817.60632433298838 73.858485456872344 64 0
849.60632433298838 164.36815344875043 32 1
852 989.07179676972453 4 4
996 218.50966799187808 4 9
46.627416997969519 2 2 5
2 920 2 8
1 96 1 6
1 132.5685424949238 1 7
936 559.52900397563428 64 0
904 469.01933598375621 32 1
152.59708301227124 879.91927522658023 32 12
189.08090647079177 911.11111111111109 16 2
108.29713802498159 898.39939627929823 16 11
86.627416997969519 8 8 3
992 501.01933598375615 8 10
996 210.50966799187808 4 4
996 162.50966799187808 4 9
2 944 2 5
2 250.50966799187808 2 8
1 98 1 6
27.798989873223327 1 1 7
680 936 64 0
94.853662176323809 852.32041021073815 32 1
32 840 32 12
744 984 16 2
984 623.52900397563428 16 11
102.62741699796952 8 8 3
8 872 8 10
996 410.50966799187808 4 4
996 202.50966799187808 4 9
948 2 2 5
2 214.50966799187808 2 8
999 106.50966799187809 1 6
1 247.68124086713189 1 7
277.01933598375615 936 64 0
145.77777777777777 130.28314888437671 32 1
159.20987654320987 67.708563606041253 32 12
125.25483399593904 16 16 2
200.57868674366247 881.24807294020854 16 11
218.50966799187808 992 8 3
744 903.01515499505877 8 10
996 330.50966799187808 4 4
996 346.50966799187808 4 9
62.627416997969519 2 2 5
998 227.88225099390854 2 8
999 875.4314575050762 1 6
999 198.50966799187808 1 7
64 471.76450198781714 64 0
4 40 4 4
996 298.50966799187808 4 9
998 493.01933598375615 2 5
998 352.16652224137044 2 8
900 999 1 6
45.171572875253808 999 1 7
405.01933598375615 936 64 0
32 562.27416997969522 32 1
32 776 32 12
16 407.76450198781714 16 2
157.25483399593904 16 16 11
8 530.27416997969522 8 3
63.999999999999993 194.50966799187808 8 10
840 996 4 4
4 295.76450198781714 4 9
2 262.79393923933998 2 5
202.50966799187808 998 2 8
1 119.59797974644665 1 6
852 999 1 7
936 687.52900397563428 64 0
32 712 32 1
32 648 32 12
341.01933598375615 984 16 2
189.25483399593904 16 16 11
992 732.78383797157335 8 3
8 808 8 10
4 303.76450198781714 4 4
996 591.52900397563428 4 9
154.22539674441617 998 2 5
2 864 2 8
999 306.50966799187808 1 6
1 287.76450198781714 1 7
616 825.14874831559189 64 0
234.50966799187808 32 32 1
206.6850076428081 110.62839500221477 32 12
77.087964365211917 214.62695381216065 16 2
67.777087639996637 808 16 11
8 616 8 3
8 744 8 10
173.25483399593904 4 4 4
4 311.76450198781714 4 9
94.627416997969519 2 2 5
998 145.13708498984761 2 8
999 104.50966799187809 1 6
999 414.50966799187808 1 7
533.01933598375615 936 64 0
123.03341280327254 228.51996528647794 32 1
193.252908877376 173.20298028055024 32 12
469.01933598375615 984 16 2
597.01933598375615 984 16 11
992 748.78383797157335 8 3
105.75739332659796 922.26463662728202 8 10
4 423.76450198781714 4 4
996 65.941125496954271 4 9
2 186.50966799187808 2 5
2 546.27416997969522 2 8
999 194.50966799187808 1 6
999 354.99494936611666 1 7
756.10153755486556 186.11337935187208 64 0
842.49521322187718 227.97186480874444 32 1
864.44582472000673 314.50966799187808 32 12
82.322120640879518 917.0889246814703 16 2
145.52242818140846 178.28246967731747 16 11
619.64675298172563 992 8 3
39.701118926619642 275.98866279285238 8 10
996 57.941125496954271 4 4
211.88225099390854 4 4 9
2 266.79393923933998 2 5
2 880 2 8
999 214.50966799187808 1 6
999 302.50966799187808 1 7
341.01933598375615 825.14874831559189 64 0
796.98691292542753 272.97180485457295 32 1
247.05160244443746 844.79728651779931 32 12
78.565759462921136 246.59281249997298 16 2
99.806956045231004 270.52629464845415 16 11
869.90216053743052 198.83667579541412 8 3
344.45362226958474 897.06679666026662 8 10
4 32 4 4
357.01933598375615 996 4 9
113.94112549695427 2 2 5
998 401.13708498984761 2 8
999 69.941125496954271 1 6
1 307.76450198781714 1 7
808 714.29749663118378 64 0
144.13389921329082 288.94156302487471 32 1
185.91029458697767 240.45720689239218 32 12
190.75130980258155 850.79445800769338 16 2
8 680 8 3
8 594.27416997969522 8 10
996 512.33304448274089 4 4
4 431.76450198781714 4 9
952 2 2 5
217.53910524340091 2 2 8
999 362.50966799187808 1 6
1 183.68124086713189 1 7
469.01933598375615 825.14874831559189 64 0
147.62669081363438 816.11257337331301 32 1
95.603711359994008 768.88888888888891 32 12
279.76450198781714 16 16 2
67.777087639996637 680 16 11
811.43428628582853 786.21554497585851 8 3
619.43428628582853 897.06679666026662 8 10
996 902.05887450304567 4 4
4 503.76450198781714 4 9
611.64675298172563 998 2 5
909.65685424949243 998 2 8
199.68124086713189 999 1 6
999 304.50966799187808 1 7
343.76450198781714 64 64 0
254.16013874240633 153.54822639838829 32 1
211.52374244842943 902.60704659578357 8 3
868.56571371417147 897.06679666026662 8 10
4 439.76450198781714 4 4
437.01933598375615 996 4 9
2 210.50966799187808 2 5
998 52.284271247461888 2 8
999 97.053823869162386 1 6
999 230.71067811865473 1 7
471.76450198781714 64 64 0
255.58344136145604 781.36852549652406 32 1
562.27416997969522 32 32 12
407.76450198781714 16 16 2
79.939883273748066 709.59841891675296 16 11
804.56571371417147 864.08195165532527 8 3
22.461387483049879 601.12021059198264 8 10
4 391.76450198781714 4 4
125.25483399593904 996 4 9
2 924 2 5
2 860 2 8
999 885.08831175456851 1 6
223.19595949289331 1 1 7
233.58933090561817 323.78012988316203 64 0
248.87737276894919 229.00526097802961 32 1
135.55417527999327 407.76450198781714 32 12
215.85976655990663 808.31346305927877 16 2
254.41548833877565 105.54890560544754 16 11
600.79517517872091 960.29888107338036 8 3
836.616040590838 267.53744744282733 8 10
325.01933598375615 996 4 4
996 760.09754647055809 4 9
2 824 2 5
2 190.50966799187808 2 8
844 999 1 6
999 394.50966799187808 1 7
817.60632433298838 510.87782144062851 64 0
849.60632433298827 601.38748943250664 32 1
785.60632433298827 601.38748943250653 32 12
862.59952216928832 444.72941141844001 16 2
142.28535689705427 360.23881215549443 16 11
274.29978158478849 118.98820923720497 8 3
472.45362226958474 897.06679666026662 8 10
309.01933598375615 996 4 4
996 520.33304448274089 4 9
2 948 2 5
998 907.7157287525381 2 8
108.2842712474619 1 1 6
999 176.50966799187808 1 7
706.12349617641371 303.95308140501612 64 0
193.49541396460901 765.8418756979238 32 1
796.26799430443259 336.96776688356653 32 12
857.71464310294573 362.03535782420079 16 2
857.52088705068536 394.03477123432771 16 11
199.04237886657404 71.365305141778691 8 3
614.85318594848127 967.93905994545537 8 10
996 338.50966799187808 4 4
996 721.47012947258861 4 9
112 998 2 5
2 194.50966799187808 2 8
1 28 1 6
1 828.68629150101526 1 7
246.4974263864305 685.79947019161057 64 0
154.96383653301601 714.74082345207319 32 1
755.48485429320704 386.29053536653765 32 12
829.90546015744519 377.86726686586979 16 2
145.66326861293996 761.83115617933311 16 11
985.48759946378766 809.88346641327973 8 3
84.861865339263119 893.22368433348652 8 10
996 607.52900397563428 4 4
295.76450198781714 4 4 9
2 538.27416997969522 2 5
2 664 2 8
329.01933598375615 999 1 6
1 299.76450198781714 1 7
136.37208729396002 620.55830458454625 64 0
626.27416997969522 32 32 1
690.27416997969522 32 32 12
110.64404869709401 696.30834108591148 16 2
829.71170410518482 409.86668027599677 16 11
517.01933598375615 8 8 3
38.448952968811767 601.75088470630408 8 10
996 290.50966799187808 4 4
4 511.76450198781714 4 9
2 154.50966799187808 2 5
998 536.90158697766481 2 8
999 506.67619023324852 1 6
1 103.51471862576143 1 7
341.36672341991562 254.72918012272018 64 0
658.27416997969522 87.42562584220407 32 1
594.27416997969522 87.42562584220407 32 12
170.66130548082197 375.03088915540798 16 2
285.26331373694063 197.6992982892088 16 11
160.89264048833877 196.71495658603078 8 3
56 936 8 10
317.01933598375615 996 4 4
996 599.52900397563428 4 9
998 715.81327522309618 2 5
2 445.42135623730951 2 8
110.2842712474619 1 1 6
287.76450198781714 1 1 7
247.93526362842056 557.80754613362342 64 0
157.07493507720707 526.81721384167247 32 1
196.74476285735491 476.59466149819423 32 12
297.51681143493653 758.01060447857958 16 2
148.83458870639132 479.52982977690328 16 11
56 744 8 3
838.74931795043165 442.05214439424736 8 10
229.82337649086284 996 4 4
996 282.50966799187808 4 9
998 740.78383797157335 2 5
2 820 2 8
181.25483399593904 1 1 6
999 142.30865786510142 1 7
680 714.29749663118378 64 0
335.96997954451149 729.28163195367426 32 1
397.34831481750967 747.4117163195956 32 12
112.35225017938065 544.2494097885326 16 2
84.366980334794036 559.7679365138913 16 11
868.56571371417147 753.23069997091716 8 3
128.66943844689496 744.88389279294483 8 10
373.01933598375615 996 4 4
996 446.39191898578662 4 9
119.59797974644665 998 2 5
2 321.13708498984761 2 8
331.01933598375615 999 1 6
353.01933598375615 999 1 7
392.29895837826496 651.54459995767797 64 0
456.48249167306574 722.93419341355354 32 1
586.03226646068129 733.9460348333912 32 12
556.44004726665833 771.7388987520319 16 2
295.2133165291707 622.34269712836328 16 11
884.19794108604128 434.26479005422192 8 3
604.48801370301919 944.73087080766368 8 10
996 435.07821048680188 4 4
365.01933598375615 996 4 9
998 276.85281374238571 2 5
206.50966799187808 998 2 8
999 61.941125496954271 1 6
999 158.50966799187808 1 7
576.94625148565569 638.3769795284777 64 0
670.91398502497441 618.72844132627029 32 1
523.94423906383429 718.41938503479093 32 12
713.16972937677451 641.4979839056748 16 2
739.04761657875213 660.32177082440398 16 11
680 858.13359332053312 8 3
126.6360657092913 44.49333481638493 8 10
4 375.76450198781714 4 4
257.13708498984761 4 4 9
2 608 2 5
998 48.284271247461888 2 8
999 896.40202025355336 1 6
860 999 1 7
640.94625148565569 527.52572784406959 64 0
721.57898394146173 579.62527157249792 32 1
259.16592431353195 462.46672454824011 32 12
505.39021386791217 674.15034225059367 16 2
742.41055064480804 628.49896965185849 16 11
852.46660178562649 417.49653162137901 8 3
550.60720616039373 795.01931895075404 8 10
445.01933598375615 996 4 4
423.76450198781714 4 4 9
206.22539674441617 2 2 5
2 586.27416997969522 2 8
1 549.10259710444143 1 6
133.25483399593904 999 1 7
512.94625148565569 527.52572784406959 64 0
482.97851794633704 618.72844132627029 32 1
722.27416997969522 87.425625842204084 32 12
453.38629875231402 580.93557740762958 16 2
295.79524625819187 129.66271149606774 16 11
215.04171490997075 71.511065803367984 8 3
740.56571371417147 753.23069997091716 8 10
996 655.52900397563428 4 4
439.76450198781714 4 4 9
998 582.15642097360376 2 5
431.36248173426378 998 2 8
999 84.911688245431421 1 6
999 756.09754647055809 1 7
347.27790381075255 382.59261487396947 64 0
419.0292833396237 547.41550145407359 32 1
427.39821510905387 483.9650406122592 32 12
183.43408508644359 404.37123852528111 16 2
720.84085188585175 531.6309473135974 16 11
53.404685979563766 596.06528446436801 8 3
56 872 8 10
485.01933598375615 996 4 4
4 383.76450198781714 4 9
2 816 2 5
2 952 2 8
224.16652224137044 999 1 6
999 166.50966799187808 1 7
480.19451150509195 403.78679489147964 64 0
565.74254788169378 447.34748212329009 32 1
574.111479651124 383.8970212814757 32 12
312.10264420491029 180.27373258731217 16 2
220.05758673496132 434.63620296059179 16 11
872.62723824652824 412.68411850300862 8 3
209.35639124546188 831.41554325824507 8 10
493.01933598375615 996 4 4
996 768.09754647055809 4 9
268.4507934888324 2 2 5
2 582.27416997969522 2 8
1 419.76450198781714 1 6
999 45.455844122715696 1 7
543.9096450353203 292.77156278693838 64 0
355.50596507733712 159.77612937998188 32 1
412.04564121972396 189.76387723996646 32 12
246.24090667560787 416.23963379985588 16 2
217.21735046960993 402.76249815620827 16 11
537.27073263610703 786.17972201786176 8 3
195.17378586276843 39.25867598979265 8 10
996 647.52900397563428 4 4
141.25483399593904 4 4 9
998 489.01933598375615 2 5
2 884 2 8
999 342.50966799187808 1 6
999 322.50966799187808 1 7
626.27416997969522 177.93529383408216 64 0
437.17246500664049 248.62509304784157 32 1
368.26403825349774 508.4425635183012 32 12
716.05819473103327 499.99036908658866 16 2
468.33322127928392 676.42010729117226 16 11
208.32417578498871 617.93209785635918 8 3
839.82609928294744 346.03535782420079 8 10
501.01933598375615 996 4 4
391.76450198781714 4 4 9
78.627416997969519 2 2 5
928 2 2 8
999 539.73001410241102 1 6
369.01933598375615 999 1 7
690.27416997969522 123.20271348220072 16 2
735.52900397563428 16 16 11
658.27416997969522 8 8 3
594.27416997969522 8 8 10
453.01933598375615 996 4 4
383.76450198781714 4 4 9
2 604 2 5
924 2 2 8
1 455.76450198781714 1 6
175.19595949289331 999 1 7
415.80014660043469 315.35644720305106 32 1
544.4963922019175 127.65214494970544 32 12
295.68326182833943 493.61931771204644 16 2
400.5394638252929 143.16336348992414 16 11
758.15642097360376 8 8 3
484.37910460298411 694.26750565514112 8 10
237.82337649086284 996 4 4
581.01933598375615 996 4 9
998 911.7157287525381 2 5
998 710.15642097360376 2 8
145.25483399593904 1 1 6
441.01933598375615 999 1 7
413.90937969098786 355.31173471915014 8 3
774.15642097360376 8 8 10
573.01933598375615 996 4 4
311.76450198781714 4 4 9
2 856 2 5
2 888 2 8
1 291.76450198781714 1 6
999 543.52900397563428 1 7
408.73057240131664 439.74378875598239 16 2
316.72358276280329 598.65074814652041 16 11
196.13800495508528 436.59926370234734 8 3
231.07705651570188 186.21581453885562 8 10
303.76450198781714 4 4 4
539.64675298172574 4 4 9
650.27416997969522 2 2 5
202.22539674441617 2 2 8
333.01933598375615 999 1 6
395.76450198781714 1 1 7
384.14777539659627 463.14679225465062 16 2
432.38664927243923 146.28694782447792 16 11
275.98866279285244 39.701118926619657 8 3
205.10047629856476 932.58274648558938 8 10
712.90158697766469 4 4 4
375.76450198781714 4 4 9
2 370.10764773832477 2 5
2 542.27416997969522 2 8
1 507.76450198781714 1 6
999 43.455844122715696 1 7
531.06429343648529 190.22673022804091 32 1
692.76333289674005 399.01887986661035 32 12
352.14788090292808 463.22896520704444 16 2
327.31072300951308 483.40607074221901 16 11
305.27204962598694 317.02825333982253 8 3
823.02737811067698 439.08219360759534 8 10
431.76450198781714 4 4 4
785.4701294725885 4 4 9
998 865.77460325558377 2 5
254.39191898578662 998 2 8
999 356.99494936611666 1 6
999 712.98484809834997 1 7
502.80008623264746 151.43066610887382 16 2
320.67503855786907 514.71050640009673 16 11
201.16546481440659 54.094436278382396 8 3
319.2126517567014 622.52132701557207 8 10
996 639.52900397563428 4 4
531.64675298172574 4 4 9
2 578.27416997969522 2 5
210.50966799187808 998 2 8
1 315.76450198781714 1 6
137.25483399593904 1 1 7
327.22771793493467 568.42388684261402 16 2
484.69616781393489 177.81718042752908 16 11
107.66223768094468 814.42660605303411 8 3
758.15642097360376 24 8 10
630.96046148071036 996 4 4
503.76450198781714 4 4 9
80 998 2 5
2 752 2 8
999 575.52900397563428 1 6
135.25483399593904 1 1 7
748.09979119672846 36.444444444444457 8 3
294.16009564504776 153.60694425621972 8 10
565.01933598375615 996 4 4
793.4701294725885 4 4 9
998 532.90158697766481 2 5
382.39191898578662 998 2 8
1 140.5685424949238 1 6
435.76450198781714 1 1 7
532.45395450317642 770.92198141126732 8 3
680 792.16390331065065 8 10
638.96046148071036 996 4 4
996 776.09754647055809 4 9
2 736 2 5
559.36248173426372 998 2 8
1 387.76450198781714 1 6
535.64675298172574 1 1 7
275.27798687555082 382.48324703566595 8 3
538.29766204290445 756.02731517834604 8 10
801.4701294725885 4 4 4
996 784.09754647055809 4 9
642.27416997969522 2 2 5
998 440.73506473629425 2 8
147.25483399593904 1 1 6
999 643.52900397563428 1 7
371.86012616974386 556.30766721294106 16 2
699.25762665695424 472.7554482607768 16 11
820.62593937580266 305.23938035194283 8 3
881.7873403510024 188.12488319104287 8 10
646.96046148071036 996 4 4
996 792.09754647055809 4 9
510.39191898578662 998 2 5
2 696 2 8
1 661.17157287525379 1 6
507.76450198781714 1 1 7
722.88269427607872 476.98110560511941 8 3
543.68336167300856 67.417253514410589 8 10
996 800.09754647055809 4 4
809.4701294725885 4 4 9
750.15642097360376 2 2 5
998 452.04877323527899 2 8
999 234.50966799187808 1 6
999 764.09754647055809 1 7
673.12723855546756 454.28377216829176 16 2
470.42136623100316 324.3860037653734 16 11
875.66851478290459 738.89367737283203 8 3
66.621387483049872 883.96604061228743 8 10
817.4701294725885 4 4 4
996 968 4 9
370.10764773832477 2 2 5
525.98989873223331 2 2 8
954.82842712474621 1 1 6
1 157.33809511662426 1 7
463.91014871126839 293.05544286374413 16 2
724.45717879465212 453.0328071582407 16 11
529.58504969792762 864.08195165532527 8 3
576.94625148565569 494.5408828391283 8 10
825.4701294725885 4 4 4
996 976 4 9
998 664.90158697766481 2 5
834.34314575050757 998 2 8
999 95.053823869162386 1 6
999 796.09754647055809 1 7
641.84789252281087 447.53080898393125 16 2
799.84406941940654 432.87460163282225 16 11
117.52796212519243 520.81413710281413 8 3
350.96178854770324 544.5068416216867 8 10
833.4701294725885 4 4 4
980.68629150101526 996 4 9
2 728 2 5
494.39191898578667 2 2 8
1 917.17157287525379 1 6
999 286.50966799187808 1 7
757.92650691132781 114.13651163141641 8 3
298.49092699961727 469.78411231570061 8 10
841.4701294725885 4 4 4
972.68629150101526 996 4 9
666.27416997969522 2 2 5
2 732 2 8
1 417.76450198781714 1 6
517.01933598375615 999 1 7
769.7446263741333 564.66683396637882 8 3
852.78383797157323 8 8 10
498.51901528862749 692.93295735297056 4 4
351.86081052676479 556.47311754534667 4 9
998 525.98989873223331 2 5
2 668 2 8
608.81832585697941 999 1 6
299.76450198781714 1 1 7
770.6941559207678 446.07621301256972 16 2
470.89673530601385 148.94547000955535 16 11
868.78383797157323 8 8 3
213.09935396007745 211.11857961697157 8 10
149.15394535478111 253.29329326690038 4 4
474.35706736531381 471.53577455844561 4 9
670.27416997969522 2 2 5
766.15642097360376 2 2 8
361.01933598375615 999 1 6
999 429.42135623730951 1 7
656.95186191405082 367.05736322462343 16 2
605.39689967790525 420.30062678625882 16 11
64.9356692335856 584.97310590488439 8 3
407.76450198781714 96.984845004941292 8 10
880.09754647055797 4 4 4
577.01933598375615 989.07179676972453 4 9
2 792 2 5
578.27416997969522 2 2 8
82.828427124746185 999 1 6
999 206.50966799187808 1 7
612.33148521709541 911.40381925835175 8 3
285.78589634157413 107.84957521889054 8 10
301.12807994008648 738.33933762095921 4 4
192.18683839630665 518.87024930732321 4 9
2 800 2 5
2 692 2 8
220.3675323681471 1 1 6
1 892.68629150101526 1 7
94.147218186194848 678.87691592631347 8 3
738.2850279287992 472.64888699910767 8 10
177.51622949540229 275.4649156325882 4 4
548.01694643666906 408.69773369704365 4 9
860.78383797157323 2 2 5
707.24473272817227 2 2 8
999 914.54415587728431 1 6
999 972 1 7
408.45362226958474 864.08195165532527 8 3
416.62932723802385 110.304562467534 8 10
989.07179676972453 206.50966799187808 4 4
361.98713137838229 754.16350910258154 4 9
998 485.01933598375615 2 5
262.79393923933998 2 2 8
999 725.47012947258861 1 6
1 789.17157287525379 1 7
700.83211117552764 448.80714981389809 8 3
450.72219599156159 338.09522299469126 8 10
439.56455872714616 517.84689538685063 4 4
938.74312062829335 812.13506902043957 4 9
582.27416997969522 2 2 5
303.36248173426378 998 2 8
1 453.76450198781714 1 6
999 516.33304448274089 1 7
338.87297950436709 589.40930756700027 8 3
522.47664893444028 758.41384911311559 8 10
773.95653184148875 308.71535737986852 4 4
964.10860622091309 621.44754930994952 4 9
321.13708498984761 2 2 5
602.27416997969522 2 2 8
642.96046148071036 999 1 6
999 418.10764773832477 1 7
269.0496266381158 423.70704926117128 8 3
381.12357215005176 129.05580698798866 8 10
128.90302630508822 688.14686225479477 4 4
424.77542282484416 350.21967161926864 4 9
998 962.34314575050757 2 5
606.27416997969522 2 2 8
419.76450198781714 1 1 6
1 451.76450198781714 1 7
605.62625374126981 444.2995308594372 8 3
349.47530653361878 577.42637547319282 8 10
124.30730454541525 941.38014851687512 4 4
689.3662281588696 865.6351778248893 4 9
445.42135623730951 2 2 5
250.39191898578662 998 2 8
1 56.485281374238575 1 6
199.39696961966999 1 1 7
621.32568306046232 392.54681876012353 16 2
457.5134730593557 205.148163632353 16 11
603.46665996688864 896.04949152477423 8 3
429.90705671580599 585.90802081013055 8 10
131.25502559083608 163.22384816227122 4 4
525.04650274352321 594.44047897934979 4 9
646.27416997969522 2 2 5
718.55844122715712 2 2 8
385.22034611053283 999 1 6
585.01933598375615 999 1 7
868.06941948210363 119.4378231875957 4 4
520.24562114646199 600.83981768666945 4 9
610.27416997969522 2 2 5
250.50966799187808 2 2 8
1 415.76450198781714 1 6
489.01933598375615 999 1 7
338.21171583694712 534.84063006438919 8 3
160.92270440705272 458.79634336464198 8 10
987.57139377908697 603.85045864131905 4 4
546.97082996549022 416.62904130227048 4 9
920 2 2 5
967.02943725152284 998 2 8
1 379.76450198781714 1 6
261.01933598375615 999 1 7
759.04729660026157 552.76863512331704 8 3
758.51857027584799 646.29030753201891 8 10
508.80467175687011 132.35332476679221 4 4
815.74539054301442 868.44255092636945 4 9
2 522.27416997969522 2 5
2 796 2 8
999 662.07315985291859 1 6
1 449.76450198781714 1 7
714.0370148958566 126.56830429073122 8 3
475.03475630061791 271.78943463504766 8 10
369.23295402576179 715.51302531902559 4 4
564.62555910318281 483.33014928497619 4 9
2 624 2 5
885.7544007200504 2 2 8
999 772.09754647055809 1 6
637.58787847867995 1 1 7
91.766747317087606 808.70443493479218 8 3
298.21274538958835 453.78653077998587 8 10
626.27416997969522 103.91804834467472 4 4
601.90132475413043 701.63236916576523 4 9
586.27416997969522 2 2 5
243.48023074035521 998 2 8
999 780.09754647055809 1 6
882 999 1 7
402.15794034477227 787.12150733248689 8 3
777.88918755567465 423.18011029239722 8 10
470.64017359961144 908.92898043566697 4 4
451.72244625072631 600.86624711170521 4 9
963.02943725152284 998 2 5
2 517.42135623730951 2 8
245.82337649086284 1 1 6
999 667.73001410241102 1 7
736.13714424919044 513.13707157228055 8 3
817.60632433298827 625.38748943250653 8 10
427.18752229396085 11.230693741524936 4 4
157.5480104463565 218.28558452670435 4 9
674.27416997969522 2 2 5
998 805.75440072005051 2 8
359.76450198781714 1 1 6
999 595.52900397563428 1 7
318.94360783428647 545.89893357206677 8 3
744.36209701032089 526.86114356557653 8 10
233.82337649086284 989.07179676972453 4 4
412.02079095441053 780.28599873019846 4 9
998 861.77460325558377 2 5
724.21529547664954 2 2 8
1 723.31370849898474 1 6
291.76450198781714 1 1 7
229.70397779062142 77.915599136772784 8 3
161.5984737728345 324.92751355357603 8 10
278.08703196429207 753.26890966320798 4 4
692.10025125786751 781.21224776646386 4 9
652.61731573020279 998 2 5
2 688 2 8
781.4701294725885 1 1 6
613.10259710444143 1 1 7
573.51196519982716 566.45893118380297 8 3
313.76719023541199 637.56615831473118 8 10
208.82509865590535 914.29966485180614 4 4
862.36720421468226 125.04894972724766 4 9
2 498.10764773832477 2 5
2 628 2 8
1 599.93102422918764 1 6
999 406.50966799187808 1 7
451.27937852838232 181.97196753853967 8 3
118.95936802714992 732.16718990093727 8 10
492.1228921594406 336.84119208617983 4 4
975.55555555555554 504.21754020281986 4 9
2 632 2 5
2 756 2 8
1 100 1 6
327.76450198781714 1 1 7
277.03160912866707 398.38685697156973 8 3
66.621387483049872 732.03395938771257 8 10
124.65733458891475 511.16157017616098 4 4
48.492422502470646 202.50966799187808 4 9
2 760 2 5
2 672 2 8
1 435.76450198781714 1 6
999 651.52900397563428 1 7
171.54482450685938 425.21939150991614 8 3
811.92036622502451 393.75866064495676 8 10
586.71861442413967 122.62383006126775 4 4
938.4808027792925 868.0452678794901 4 9
656.61731573020279 998 2 5
998 857.77460325558377 2 8
999 398.3086578651014 1 6
999 671.52900397563428 1 7
678.3584765135505 366.02645478781864 4 4
180.01268611027166 554.56355734032365 4 9
998 809.75440072005051 2 5
959.02943725152284 998 2 8
25.798989873223327 1 1 6
1 634.82842712474621 1 7
616.27037603886913 360.94865629903364 16 2
480.32021048307308 227.5948277071239 16 11
55.26912919233628 272.2958242685541 8 3
661.26258672158508 433.42160457092189 8 10
885.53690485088475 76.930330261154737 4 4
693.80812182883756 646.51078284036873 4 9
546.27416997969522 2 2 5
998 813.75440072005051 2 8
149.25483399593904 1 1 6
1 700.68629150101526 1 7
477.07784203494316 251.37479925560501 8 3
196.28101903249001 822.19412029363468 8 10
996 819.41125496954294 4 4
442.72463604056418 347.04167675191826 4 9
998 981.65685424949243 2 5
998 9.6568542494923797 2 8
1 36 1 6
721.38686835190333 1 1 7
67.999999999999986 147.88225099390854 4 4
988 512.33304448274089 4 9
998 13.65685424949238 2 5
998 825.06810921903536 2 8
999 788.09754647055809 1 6
1 427.76450198781714 1 7
825.63431933211177 316.14424762363581 4 4
148.96002031434688 197.98482893522259 4 9
998 829.06810921903536 2 5
2 984 2 8
107.31370849898477 999 1 6
497.01933598375615 999 1 7
700.74592071211293 232.15418390564116 8 3
835.57553481579544 283.50357871286587 8 10
527.07596576063156 24.444444444444422 4 4
12.428606220913068 427.44304732213232 4 9
998 833.06810921903536 2 5
2 988 2 8
428.53405460951757 999 1 6
999 454.8772003600252 1 7
261.2842758200826 390.24056944072726 8 3
740.99903499980326 544.65583324570446 8 10
892 989.07179676972453 4 4
584.69164202867012 570.81953045484715 4 9
984 2 2 5
990.34314575050757 2 2 8
1 289.76450198781714 1 6
1 764.68629150101526 1 7
545.55267601686751 865.09925679081766 8 3
288.94179160696802 173.98287358902013 8 10
670.6337718411304 784.66231880629448 4 4
61.130559463309822 754.84791959748236 4 9
113.05346199534907 881.03917213647946 2 5
717.92990186610245 12.222222222222264 2 8
259.01933598375615 999 1 6
999 456.8772003600252 1 7
131.82024665943635 447.58984287846846 8 3
805.64028372070084 636.00887691555636 8 10
553.90544435556365 162.40081021284851 4 4
529.61367310727496 16.857611019174541 4 9
820.99005793081665 783.26813454145338 2 5
772.7128701925302 122.23800359563205 2 8
999 334.50966799187808 1 6
1 327.76450198781714 1 7
75.807134498505661 270.43374344458385 8 3
590.69705746566922 347.49758984968457 8 10
608.64584707133054 705.93485899292227 4 4
425.56130866012586 358.180977005567 4 9
272.28203098950837 751.75168730548978 2 5
116.76996177760921 882.51823581612962 2 8
349.01933598375615 999 1 6
704.41630560342605 1 1 7
445.0868870812356 167.21889837727647 8 3
628.87614171441328 415.32818338375785 8 10
173.31864680673493 558.94417805007538 4 4
510.46544870636325 595.4804599645795 4 9
52.243214754648733 197.82655391244325 2 5
559.66005686216988 790.77127302687893 2 8
874.44069222106566 1 1 6
1 395.76450198781714 1 7
690.27416997969522 70.933203339733438 4 4
59.999999999999986 147.88225099390854 4 9
54.288489846928151 994.38465312923756 2 5
991.52786404500046 972 2 8
177.25483399593904 1 1 6
999 266.50966799187808 1 7
171.66151034160444 202.00942937219429 4 4
336.56240312157649 601.184758164718 4 9
102.35864805975136 559.2203121218771 2 5
839.53650600081176 394.78446333976075 2 8
821.4701294725885 1 1 6
455.76450198781714 1 1 7
667.89974874213249 869.08524886471992 4 4
129.53086419753089 98.157803763802676 4 9
589.96887325528087 573.67449640576217 2 5
926.2884898469282 5.6153468707624699 2 8
999 577.52900397563428 1 6
172.3675323681471 999 1 7
823.1190165273465 197.63108364452822 4 4
882.13194333533397 420.00945680064581 4 9
313.01933598375615 991.52786404500046 2 5
315.92591236070461 497.34831182788304 2 8
197.25483399593904 1 1 6
427.76450198781714 1 1 7
691.94478841479724 218.79229518117009 8 3
852.59285261402931 266.67635652102581 8 10
936 452.52691348128553 4 4
706.50627065927767 545.57798216186359 4 9
693.56697195607592 455.67866726799684 2 5
227.23489771546508 174.30952201405546 2 8
999 660.07315985291859 1 6
307.76450198781714 1 1 7
394.30536929431952 119.98716739611082 8 3
760.06804982108645 467.59564305052186 8 10
10.928203230275509 387.76450198781714 4 4
273.36992709747869 255.38924821392763 4 9
119.59797974644665 994 2 5
5.4641016151377544 818 2 8
589.01933598375615 999 1 6
387.22034611053283 999 1 7
728.89722278250076 416.17527814024913 8 3
147.72724319139994 445.86721078423056 8 10
110.52275218694169 137.56896871398357 4 4
275.80020551567355 495.77896390236481 4 9
5.6153468707624681 862.2884898469282 2 5
494.49739213962761 688.48025623483693 2 8
727.04372260139576 1 1 6
487.76450198781714 1 1 7
829.57236494527558 636.00887691555647 8 3
146.09775313537392 328.89332491058781 8 10
84.957892550654677 690.23816109571976 4 4
333.27394544074173 892.70619738922244 4 9
684.22404435076146 65.457375567640071 2 5
795.00994206918335 867.0293620897304 2 8
477.01933598375615 999 1 6
499.76450198781714 1 1 7
161.82468091338288 437.92839652691873 8 3
481.46490845603694 203.62214186363335 8 10
508.64771101275215 124.35486470720537 4 4
418.91866859859903 776.23392716051899 4 9
6.2143031104565241 192.67039532472046 2 5
558.53654041461164 414.11988130131743 2 8
491.56349186104046 1 1 6
116.76955262170047 999 1 7
163.62942114730512 340.79809176491199 8 3
230.37260904043188 881.15400775375701 8 10
317.4047012189713 760.12527701542444 4 4
546.56494091545881 360.71970039047329 4 9
157.8836982540133 748.61521507067289 2 5
62.372069144818546 760.718068974689 2 8
999 635.52900397563428 1 6
1 573.58787847867995 1 7
603.63010532967337 460.17452350569948 8 3
719.28260413653891 428.96430110108253 8 10
806.6754504624837 231.56972470884782 4 4
885.42608709238175 167.96601334885383 4 9
950.3152362283405 814.61452110556741 2 5
63.999999999999993 181.99879328495416 2 8
377.01933598375615 999 1 6
129.25483399593904 999 1 7
755.8482123273094 102.31785300947288 4 4
558.98937883298299 710.18299149387587 4 9
269.80511515865066 495.53628796385709 2 5
165.05608787599061 747.20844521330218 2 8
999 603.52900397563428 1 6
1 317.76450198781714 1 7
727.05877967052174 47.712812921102049 8 3
180.51161492175328 440.03669508728905 8 10
427.47046789484426 446.73065621512751 4 4
405.36889717654788 231.75698487660028 4 9
199.36067152724706 831.70809635580429 2 5
966.34112901844833 627.01673614094068 2 8
165.25483399593904 1 1 6
513.22034611053277 999 1 7
739.93837544771088 497.59517203022341 8 3
805.7494724983095 408.52077670647009 8 10
624.55702683678089 67.959024172337365 4 4
211.08314309869377 843.29065706979907 4 9
314.18636648093769 580.83046381828831 2 5
496.36618747861144 698.53343344169923 2 8
743.52900397563428 1 1 6
509.76450198781714 1 1 7
563.63810427040391 213.44195901769717 8 3
790.46880960637941 641.09084240131824 8 10
86.978250586152114 407.76450198781714 4 4
328.44519123083603 614.8558058422567 4 9
446.03792382651238 190.48825502829982 2 5
470.79795741357037 243.5925727655673 2 8
1 44 1 6
829.4701294725885 1 1 7
178.51911463974881 687.51677391284272 4 4
398.39827382894748 104.48642950929748 4 9
520.79028218345195 152.02467760005609 2 5
480.09647634476482 469.78672208164659 2 8
986.82842712474621 1 1 6
956.20101012677662 999 1 7
541.15289983835476 83.215885192608553 8 3
282.25418420558998 413.51050433475245 8 10
265.27706984993745 196.95764116544717 4 4
482.90508885893979 262.73085497698764 4 9
169.48686031210079 392.99253380576414 2 5
5.6153468707624681 670.2884898469282 2 8
701.58787847867995 1 1 6
577.01933598375615 999 1 7
19.850559463309821 528.38625038221289 4 4
444.04435908974403 598.61969919359626 4 9
564.44254372412956 707.68039430895658 2 5
944.6952895222513 812.89116786172895 2 8
797.4701294725885 1 1 6
1 359.76450198781714 1 7
331.16035401724884 689.57184094078298 8 3
647.09243267394299 345.17605487573104 8 10
67.090003343763769 895.95688708678983 4 4
12.428606220913068 299.44304732213232 4 9
199.95390849969749 30.475144377968256 2 5
5.6153468707624699 945.7115101530718 2 8
847.12698372208081 1 1 6
999 140.30865786510142 1 7
987.57139377908697 294.8311226575629 4 4
884.62380330546932 62.340781164216281 4 9
387.97073353688478 480.73613536511391 2 5
731.2876223941804 547.0408836022691 2 8
1 954.82842712474621 1 6
313.01933598375615 999 1 7
283.47523691187047 219.05599986235057 4 4
630.96046148071036 988 4 9
50.062902144450618 804.80506146704079 2 5
614.00075442914545 714.61306608159634 2 8
954.20101012677662 999 1 6
999 631.52900397563428 1 7
211.63851978746456 851.27135608264064 4 4
432.06305845430529 353.51972721458952 4 9
329.06745847931057 620.82345055951964 2 5
144.28076470592072 932.77001497890205 2 8
789.4701294725885 1 1 6
1 269.62236636408619 1 7
594.92244861209122 468.43144269440086 4 4
154.43557385403642 210.91586686190965 4 9
594.54963522877802 356.72567982427842 2 5
991.40741103032269 651.66789965748933 2 8
999 326.50966799187808 1 6
999 633.52900397563428 1 7
60.000000000000021 539.64675298172574 4 4
223.06113988121524 871.63862974057099 4 9
129.97012409468641 169.08465255631069 2 5
155.33529271298363 332.72318947112967 2 8
461.01933598375615 999 1 6
625.30360723121805 999 1 7
307.62026137831913 477.57226060665221 4 4
238.39226281760756 93.579935562131851 4 9
669.7913742006275 863.39123857980019 2 5
482.39766070932791 337.82357685609361 2 8
999 16.485281374238571 1 6
999 611.52900397563428 1 7
686.16982828376422 586.12078507097897 4 4
846.48742089316261 432.88035270190619 4 9
783.60632433298827 567.4463639355522 2 5
392.64710605388029 784.03216580212904 2 8
999 587.52900397563428 1 6
1 361.76450198781714 1 7
203.14669318278723 633.40945271970531 4 4
487.78035930657506 138.22431146172698 4 9
237.88993406770302 432.18520548926301 2 5
859.00994206918335 756.17811040532229 2 8
323.96551211459382 1 1 6
289.76450198781714 1 1 7
758.94340850167691 658.28278486082274 4 4
468.0484733764028 476.45529098621324 4 9
65.797958971132715 874 2 5
415.78404040365302 870.88378743544547 2 8
587.01933598375615 999 1 6
507.5634918610404 999 1 7
747.92161010603343 515.40121919752539 4 4
523.59998340026038 682.42103107189291 4 9
994 825.06810921903536 2 5
680.17079959769546 586.01282756210162 2 8
361.76450198781714 1 1 6
999 147.96551211459379 1 7
64.305821487673512 546.38914879599599 4 4
460.01219347245609 468.72271745233604 4 9
158.85393610547089 987.77777777777783 2 5
418.00939391457291 867.02936208973051 2 8
549.10259710444143 1 1 6
999 294.50966799187808 1 7
868.98252102751906 571.04670826829044 4 4
874.73262126891041 349.00867981484868 4 9
744 919.87548450340296 2 5
205.48429228388724 608.34382055018102 2 8
1 853.17157287525379 1 6
459.01933598375615 999 1 7
424.75134358693128 770.75853653696674 4 4
540.20350543894733 371.80366422785477 4 9
391.76087944695803 479.45754474245342 2 5
593.864518352559 574.58221292321264 2 8
999 959.51471862576136 1 6
999 404.50966799187808 1 7
988.76930625847501 167.08664768573436 4 4
488.07971057494979 705.68264978214415 4 9
334.5665369517244 898.56531056322206 2 5
989.13325055526229 648.37727750754971 2 8
1 325.76450198781714 1 6
1 495.27922061357856 1 7
271.18852077417552 408.86818887556007 4 4
368.1170132926145 451.18791829572194 4 9
163.064527494191 750.67740575583446 2 5
874.30717522349357 355.05768788154887 2 8
131.25483399593904 999 1 6
917.17157287525379 1 1 7
473.30167785623081 582.77342265336551 4 4
720.84407429415796 376.491741509257 4 9
33.528725795447741 283.85641743024809 2 5
745.09433359859509 916.02809136323833 2 8
399.76450198781714 1 1 6
999 707.32799384885755 1 7
730.55286447686251 486.2097831426114 4 4
219.36238580009945 144.32237195740711 4 9
5.4641016151377544 584.27416997969522 2 5
460.11766383851665 474.7217903808712 2 8
837.4701294725885 1 1 6
387.76450198781714 1 1 7
491.11333424878114 210.75711766751022 4 4
55.152281233766999 206.94208061698143 4 9
350.79908939638119 759.87734245369666 2 5
985.94568464826375 799.8939640250843 2 8
417.76450198781714 1 1 6
999 613.52900397563428 1 7
137.35609549144363 39.100658164687069 4 4
857.16187988854381 566.18928521344299 4 9
85.26907097497984 684.24623586352311 2 5
479.78404040365302 890.26496088014642 2 8
479.01933598375615 999 1 6
133.25483399593904 1 1 7
436.09447433505352 757.34827118740816 8 3
641.51724637802874 405.51989745381479 8 10
183.51480195847196 424.37107564428209 4 4
670.3614995343695 121.33574917192225 4 9
43.489125293076057 680 2 5
677.77464648908017 848.38434710600779 2 8
321.01933598375615 999 1 6
497.22034611053289 1 1 7
887.86201601757693 613.07089876941222 8 3
742.73661264574446 424.20467962561202 8 10
494.15775030029977 133.39431310632779 4 4
360.44235628989986 988.76930625847501 4 9
581.87420639476727 119.08381440523563 2 5
124.8006139397243 54.323447572686021 2 8
116.76955262170046 1 1 6
315.76450198781714 1 1 7
130.4232739529053 552.8190130335322 4 4
181.29630685414747 136.15120582437663 4 9
524.10365061573555 19.23240619828567 2 5
215.90293430684147 220.71753462463977 2 8
999 324.50966799187808 1 6
1 990.82842712474621 1 7
613.5191972207075 757.19401619508199 4 4
658.27416997969522 48.492422502470646 4 9
860.6571875075507 411.75943256943555 2 5
204.00285966719071 442.77535148973129 2 8
179.25483399593904 1 1 6
999 957.51471862576136 1 7
293.12964783642781 738.49771654368078 4 4
299.33199875303291 513.28366918506424 4 9
700.639632239609 490.70231596992068 2 5
563.95619355483905 569.4063416182081 2 8
1 399.76450198781714 1 6
351.01933598375615 999 1 7
119.37625610036154 720.17443357328625 4 4
614.84405803488858 694.83719790174405 4 9
20.510874706923943 936 2 5
220.17814990431725 152.44168466488307 2 8
300.53405460951757 999 1 6
1 397.76450198781714 1 7
891.11462462943791 173.59100585458236 4 4
746.72594581732881 507.49107464077315 4 9
483.70889526927425 889.49326516044243 2 5
584.56265982662342 5.6153468707624699 2 8
813.4701294725885 1 1 6
999 955.51471862576136 1 7
839.00301037141367 430.0548263541379 4 4
344.13975244148952 554.37901581816016 4 9
73.711510153071856 994.38465312923756 2 5
167.89401777333893 494.58450608054477 2 8
999 703.52900397563428 1 6
449.01933598375615 999 1 7
612.0951703931554 956.26030358201581 4 4
66.347383829217307 573.05643430999339 4 9
940.68311407943486 448.77612122910745 2 5
268.688169393934 749.99550997052165 2 8
1 487.76450198781714 1 6
457.01933598375615 999 1 7
577.69138768410869 768.96645375199523 4 4
789.4701294725885 10.928203230275509 4 9
721.25789411901076 657.57845625888774 2 5
751.69720209762318 520.06436246286091 2 8
265.62236636408619 1 1 6
1 981.17157287525379 1 7
469.01933598375615 958.97825058615217 4 4
376.90524593488652 717.77928586476582 4 9
886.48443070205496 603.16624033519759 2 5
205.21489283944786 919.09199350944391 2 8
1 367.27922061357856 1 6
952.20101012677662 999 1 7
800.98691292542753 237.19471721457634 4 4
762.2221731894083 574.01630978503408 4 9
562.35597815681047 203.52449197067142 2 5
8.4721359549995796 507.76450198781714 2 8
379.76450198781714 1 1 6
522.67619023324858 1 1 7
339.45071040342037 547.89728111476325 4 4
989.07179676972453 875.4314575050762 4 9
667.98568013276702 5.6153468707624681 2 5
406.00797297180725 457.53669330657323 2 8
976.68629150101526 999 1 6
293.01933598375615 999 1 7
418.20919327524501 126.9220377692357 8 3
618.37632645202586 453.96574241673483 8 10
731.23919463607706 427.94452483819271 4 4
413.53738169022341 367.30596739520854 4 9
937.2849014961497 446.66610908724607 2 5
463.32633525169172 966.92400097608595 2 8
318.3086578651014 1 1 6
1 365.27922061357856 1 7
880.2226180697719 627.12933392397588 8 3
608.57033919936998 926.95546806590096 8 10
217.7256877910705 865.67767755205523 4 4
330.72544664077401 187.56696434249372 4 9
46.054303110456537 745.04072733284238 2 5
488.26900363996623 132.24424233876152 2 8
1 271.76450198781714 1 6
233.82337649086284 999 1 7
834.90815008966081 335.08940991037207 4 4
756.10025125786751 758.2339971803118 4 9
104.12013133329881 678.14138662008486 2 5
880.59566658038921 444.35687103834391 2 8
999 585.52900397563428 1 6
415.76450198781714 1 1 7
794.37246247993403 376.92282862926169 8 3
868.17975334056371 274.68432710122676 8 10
758.01731589542646 567.21049057370851 4 4
741.91854533431524 964.10860622091309 4 9
994 525.98989873223331 2 5
345.31066366220142 483.35984845649756 2 8
1 58.485281374238575 1 6
831.51471862576136 999 1 7
594.27416997969522 48.492422502470646 4 4
350.87280570187227 589.34472250936903 4 9
154.23902106807924 256.47794473763082 2 5
5.6153468707624699 539.98568013276702 2 8
379.01933598375615 999 1 6
151.39696961966999 999 1 7
321.59631567761244 988.76930625847501 4 4
168.61892869685613 102.45722886918432 4 9
555.35612762205119 705.40811080026026 2 5
187.13426781469687 893.21668186783552 2 8
999 482.19090885900994 1 6
246.3086578651014 999 1 7
736.10833846041953 35.991607528028823 4 4
896.44444444444446 504.21754020281992 4 9
860.92954806107798 759.68739991117423 2 5
443.89552996342513 513.69446379192652 2 8
167.25483399593904 1 1 6
745.52900397563428 1 1 7
291.3206425273429 777.02658436047284 4 4
510.99737456144027 654.95243223525722 4 9
5.4641016151377544 926 2 5
897.87298334620743 990.29983040736249 2 8
271.76450198781714 1 1 6
169.25483399593904 1 1 7
179.72282049760329 672.9483220564515 4 4
863.38410211076598 561.16097032500534 4 9
870.55396491703016 113.97641000218425 2 5
849.37170498633054 377.98513473744725 2 8
888.58282784479661 1 1 6
912.48528137423864 999 1 7
94.33560536342813 410.90605107724639 4 4
869.91854533431524 964.10860622091309 4 9
567.71481487311871 490.69633110079616 2 5
761.40397092432283 761.03944860560023 2 8
999 916.54415587728431 1 6
677.10259710444143 1 1 7
301.43239248596382 328.39737964957339 4 4
709.1514035159995 440.15906476842315 4 9
294.73140853254802 604.3491492657879 2 5
89.39222813484065 694.28002550794611 2 8
549.01933598375615 999 1 6
569.01933598375615 999 1 7
629.9452178162461 328.38400251087756 16 2
866.0365238047325 646.48791676217502 16 11
545.56787245934152 810.20500681299586 8 3
388.6594962387199 573.44771287465358 8 10
369.63980345747763 192.88556327191162 4 4
615.53984169032265 437.53781702517938 4 9
164.7157491695599 488.0026535295309 2 5
187.03577316906615 432.45808313231868 2 8
453.76450198781714 1 1 6
551.01933598375615 999 1 7
165.94064360985308 207.60153844101086 4 4
586.31247964452541 487.03929833477213 4 9
526.54710453130974 156.52813968785719 2 5
80.982368907806276 407.54223435797257 2 8
999 150.50966799187808 1 6
999 274.02438661763949 1 7
722.91550966561022 624.03316880325406 4 4
448.54940303421586 608.21007423018762 4 9
83.114195504752786 277.26066511184962 2 5
302.94583290081277 201.0650843815348 2 8
448.24978336205572 1 1 6
605.01933598375615 999 1 7
374.15310954139721 580.19787916799328 8 3
315.63745461926567 156.53546990162758 8 10
934.0252636213288 861.40085889058435 4 4
170.84262876504633 848.88542177291788 4 9
332.68007646612836 619.10618783025529 2 5
674.18838505833264 361.71248477689846 2 8
634.96046148071036 999 1 6
450.24978336205572 1 1 7
341.01933598375615 958.97825058615217 4 4
738.48847990904892 43.629337994896332 4 9
433.60639327249328 450.53663167777665 2 5
8.5925889696773385 435.90339766967213 2 8
999 615.52900397563428 1 6
659.445742854949 999 1 7
140.73672554115282 455.62080822218053 4 4
18.690605737940786 130.70560907439409 4 9
89.036137442761202 228.08953752068135 2 5
518.91603559466762 17.818479036285009 2 8
864 999 1 6
829.51471862576136 999 1 7
449.59631567761244 988.76930625847501 4 4
746.84715192376996 118.7460553246334 4 9
47.167802681714058 678.4292254552854 2 5
389.4168182294527 157.31563380070241 2 8
999 360.50966799187808 1 6
575.445742854949 1 1 7
188.05032629733523 384.91127148823642 4 4
376.70726297527597 196.63403175440968 4 9
655.74736675820009 458.96779355066695 2 5
211.17474057593182 940.52650589085226 2 8
363.76450198781714 1 1 6
999 984.48528137423864 1 7
593.52604640717175 889.32757200306219 4 4
488.44235628989986 988.76930625847501 4 9
555.09485181136836 412.08155366369255 2 5
185.92568016122306 508.82736925932193 2 8
805.4701294725885 1 1 6
862 999 1 7
430.19813758028897 126.40704801151806 4 4
936 485.51175848622682 4 9
115.4125735809987 995.91329409013406 2 5
122.73691683915227 262.51867246988803 2 8
999 225.05382386916236 1 6
999 196.50966799187808 1 7
328.44995706476118 459.43312462023886 8 3
897.8121410151565 183.54807742523167 8 10
496.84889203296308 216.3341578237499 4 4
193.10050385465294 932.60846312139074 4 9
270.42836544126851 31.389494935968457 2 5
875.4877321653064 966.34112901844833 2 8
999 223.05382386916236 1 6
984.68629150101526 999 1 7
10.928203230275509 140.5685424949238 4 4
640.73423423887164 355.35315233327054 4 9
780.24194489065496 565.28281338888019 2 5
599.01835786459196 936.35931987553897 2 8
397.76450198781714 1 1 6
999 528.81832585697953 1 7
726.07801470263348 35.752959239816363 4 4
427.4209870858794 115.55242657859691 4 9
469.00143499020805 468.83074186682819 2 5
792.37920653911726 870.04253824967327 2 8
999 953.51471862576136 1 6
149.39696961966999 999 1 7
619.90907428662581 746.12642446279233 4 4
105.58689293138421 19.629337994896325 4 9
65.097468969504462 719.78187302727872 2 5
660.27416997969522 121.36675133915836 2 8
661.445742854949 999 1 6
1 26 1 7
231.5960296052389 485.61625814556413 4 4
825.8780309382895 294.44977729069655 4 9
983.31599902391406 641.5160032435698 2 5
5.4641016151377544 626 2 8
999 18.485281374238571 1 6
556.53405460951751 999 1 7
162.02036006390571 356.99386993653832 4 4
766.38674404475773 655.35076235185227 4 9
945.7115101530718 5.6153468707624681 2 5
859.00994206918324 894.11938622586149 2 8
914.48528137423864 999 1 6
367.27922061357856 1 1 7
320.09700940024453 141.16952147156155 8 3
685.02218524030377 235.11461340363184 8 10
73.523766624784002 576.59190174323248 4 4
980.68629150101526 988 4 9
243.48023074035521 994 2 5
281.09945046118656 180.18752388965618 2 8
916.48528137423864 999 1 6
298.53405460951757 999 1 7
626.46455358017113 296.57386298783069 16 2
635.72932015949493 265.94439841153348 16 11
796.05055183878221 395.7955679443242 8 3
746.69680800319566 52.382814441362726 8 10
487.86477840405132 246.11723292042561 4 4
642.10219345076712 657.83727825791743 4 9
625.46375117176763 73.890116060037556 2 5
224.61897547341187 496.06330991134433 2 8
481.01933598375615 999 1 6
827.51471862576136 999 1 7
861.44864523601257 258.57852119073993 4 4
591.51008064142638 897.06939879209222 4 9
994.53589838486221 863.77460325558377 2 5
65.040727332842394 982.05430311045654 2 8
999 268.50966799187808 1 6
999 854.94617613083756 1 7
244.91673942470456 83.508629539403515 8 3
107.4114381427965 721.092655356043 8 10
317.20532449622885 318.29195855515241 4 4
130.83743731976509 851.23970376296529 4 9
611.53667244101291 711.46214558819111 2 5
290.13694842157406 476.49511239927546 2 8
825.51471862576136 999 1 6
505.01933598375615 999 1 7
884.53334003311136 754.24800510640955 8 3
789.8796581120672 410.55768400583753 8 10
867.74002362915689 253.63700746372501 4 4
403.79459453780271 799.00937354356256 4 9
196.42313810681631 927.61245455190738 2 5
563.82972553525076 199.30563210994217 2 8
999 270.50966799187808 1 6
1 24 1 7
159.14249429879209 776.60648950585619 4 4
715.29106557002592 621.61080379498037 4 9
725.8992812515919 406.63523901154264 2 5
473.71412459722495 197.30349093372911 2 8
999 852.94617613083756 1 6
1 493.27922061357856 1 7
845.02112641768952 276.10217348884066 4 4
130.89473872899734 459.55409944002275 4 9
223.25678821338161 791.90358583066973 2 5
183.21614601326428 667.0516822065515 2 8
999 850.94617613083756 1 6
1 489.76450198781714 1 7
257.79454336220903 194.12712931059792 4 4
884.10025125786751 892.06349945087209 4 9
779.77174345964443 307.23775329349519 2 5
989.50533428676704 289.15134501114454 2 8
426.53405460951757 999 1 6
890.58282784479661 1 1 7
211.69596966643746 59.848432069252809 4 4
94.627416997969519 16.944271909999159 4 9
158.39647915601364 352.21187378791842 2 5
945.11111111111109 443.87776154156779 2 8
424.53405460951757 999 1 6
296.53405460951757 999 1 7
988 760.09754647055809 4 4
754.58112573676976 422.27919017185485 4 9
287.18670067941684 145.47071399537654 2 5
232.98992495944643 813.8413625886368 2 8
554.53405460951751 999 1 6
981.17157287525379 1 1 7
981.30939426205919 885.29439092560585 4 4
721.20111725222159 616.21902402260685 4 9
162.8485373788576 215.47410551418611 2 5
385.18146506914161 544.20221679061501 2 8
422.53405460951757 999 1 6
918.48528137423864 999 1 7
918.92847068416029 770.54363281121891 8 3
655.66934802305911 252.5879284886727 8 10
330.60926706129777 548.7118315082256 4 4
125.26737873108962 373.26549016484654 4 9
664.37937125359235 120.87299520670274 2 5
162.20745882825372 350.99678780833801 2 8
892.58282784479661 1 1 6
663.445742854949 999 1 7
668.25892932023976 242.71359596633584 8 3
751.93004246636292 481.37144924451519 8 10
601.75727623426178 917.07709911989218 4 4
616.27608337706602 313.78418183788222 4 9
417.34915180702717 156.180060073802 2 5
751.5120306745863 106.46484332469996 2 8
999 918.54415587728431 1 6
999 848.94617613083756 1 7
573.02618658469635 226.39818958295299 8 3
613.97454564307748 276.07996873292302 8 10
249.87166277110975 193.01899432821438 4 4
538.99748448933894 798.05483582941577 4 9
298.82418087004817 333.80082597267153 2 5
731.13990931062835 642.53366394551097 2 8
999 835.89653634378158 1 6
999 846.94617613083756 1 7
601.62784892672664 335.81350674338677 8 3
536.68785076666074 849.74492905724014 8 10
221.70787221094179 975.55555555555554 4 4
265.89905519501502 402.86639298708832 4 9
188.59310719669764 514.06555409691111 2 5
313.91816885836124 556.30547509113921 2 8
999 844.94617613083756 1 6
999 837.89653634378158 1 7
280.92841027038196 856.97767614720044 4 4
41.021749413847886 407.76450198781714 4 9
986.66392662545354 645.23046335198319 2 5
439.30985829680219 351.97516364869904 2 8
999 20.485281374238571 1 6
999 839.89653634378158 1 7
299.18752229396085 11.230693741524936 4 4
217.50726559850389 257.70920454184636 4 9
989.82410721516851 800.87265620985113 2 5
795.34311281879593 9.7001695926375433 2 8
999 841.89653634378158 1 6
461.01933598375621 968.99999999999989 1 7
50.850693719467351 611.86012930486481 8 3
324.27177675850959 675.13066704977325 8 10
913.02174941384783 314.50966799187808 4 4
438.1645162243654 127.13972208585355 4 9
122.58521196013027 529.44108465725196 2 5
97.999999999999972 136.5685424949238 2 8
730.8234906293078 481.21711236580137 1 6
327.35248604821561 191.25791772082962 1 7
290.68780716424931 427.10734234184713 8 3
645.18432290050362 389.94579877112005 8 10
297.99072166640894 166.10144828775981 4 4
806.37916238414471 852.21976787992492 4 9
360.69031615256625 542.19259214476801 2 5
769.86457367631294 119.42958643365186 2 8
767.16920942036245 573.29047748372284 1 6
622.60565148337162 905.48953034855413 1 7
652.05697047496506 399.78280620820425 4 4
691.32712653319766 206.80820181537814 4 9
78.627416997969519 14 2 5
870.05133964910101 381.1123969293148 2 8
996.04157469715369 97.609681889751059 1 6
281.43514142110047 223.62086682520282 1 7
648.0800199062254 424.3540838425983 8 3
896.21727902498276 626.71602903911196 8 10
604.26002920669623 324.10574747981553 4 4
173.08433101806645 449.46195125431359 4 9
445.54305861241568 517.33941226217348 2 5
91.794762407176705 204.24860657607047 2 8
27.798989873223327 2.9999999999999996 1 6
8.3420004880429737 816.99349963396776 1 7
456.91908472588858 892.06349945087197 4 4
452.38385078645274 560.96071575414771 4 9
167.92024595399113 317.17927527061431 2 5
991.40741103032269 158.37077231002309 2 8
657.1614932242353 43.617799395207967 1 6
934.93500358234246 808.89496955216134 1 7
451.5357076332196 687.27568352232106 4 4
131.99663715917751 343.08823647549394 4 9
307.22556118464195 326.83558695249224 2 5
79.854034688452742 279.57828273601928 2 8
424.75983711959196 15.601774236568405 1 6
993 764.09754647055809 1 7
868.18023724060663 28.402140099896599 4 4
194.70479912269158 729.86219549451721 4 9
334.41052323726069 615.49986643965826 2 5
656.7540207808895 347.75553452320042 2 8
124.14432311822218 532.00412433636609 1 6
808.88623512164281 627.61460508872574 1 7
277.40195287183775 864.15849074000619 4 4
531.14978540772131 796.50125315560081 4 9
138.66480199884941 744.5794137883147 2 5
220.85185426296854 452.6186705080101 2 8
154.15048611435856 253.47925142854274 1 6
290.2787186433211 473.46645313544815 1 7
131.4466493150897 335.10716428114841 4 4
402.22804420318334 224.39933290061592 4 9
46.054303110456537 937.04072733284238 2 5
259.96493458549662 427.88656721293052 2 8
885.01453173669665 4.9073344987240688 1 6
526.81392198342644 29.437573028691784 1 7
630.64734047257446 374.85199739648112 4 4
495.34884305484132 194.74409716424694 4 9
218.16785655490963 980.39996358492795 2 5
728.05303312195394 366.20334573661705 2 8
312.97738744764621 559.15414677058084 1 6
561.49420692254375 414.6220852716886 1 7
848.24018735362438 637.36155884025663 4 4
707.62448804905625 431.80829992154247 4 9
926.88888888888891 494.16091042594456 2 5
171.10139438462309 911.96968268256819 2 8
735.91148799135033 523.76482200467672 1 6
313.91702703878809 314.52538188244438 1 7
964.10860622091309 312.42821332619332 4 4
888.45099300187439 635.86396877477227 4 9
842.94986743929587 9.814668997448166 2 5
988.73246822620945 797.02449764791731 2 8
9.4286062209130268 295.44304732213237 1 6
186.51289273025145 511.90390940511094 1 7
761.87580181431645 265.02134093457369 4 4
644.57763646672504 248.00819762855815 4 9
466.21232850277102 904.88000676344006 2 5
501.94567372542019 172.67378215307724 2 8
430.66508451932168 451.12714231994676 1 6
279.48114557993108 488.47233519089269 1 7
135.2224132751997 323.82114757479741 4 4
65.910123329718175 827.91267044532572 4 9
731.00994206918335 756.17811040532229 2 5
209.02932799109647 920.29618804267659 2 8
130.14500343485668 939.13253463559977 1 6
178.08362150854944 449.37772185465786 1 7
610.34612107439773 308.41430780873281 4 4
180.63319920333458 932.48286167809579 4 9
869.93230353410843 248.0518567210552 2 5
65.078425157005455 783.86242895881344 2 8
159.12876909513869 362.54086895875133 1 6
212.84695281923939 259.520691444759 1 7
466.96956015323423 168.5561124090126 4 4
637.03717719902988 606.54805169686915 4 9
718.9659171722584 53.586957674528122 2 5
62.633689365544797 697.24950591148524 2 8
238.92226270764002 98.551766222619563 1 6
874.86888420297987 963.40565168085493 1 7
113.70459880033452 804.05887379844319 4 4
559.0191443888591 94.711445671810878 4 9
169.27181307889782 415.4811463369727 2 5
71.454926848448693 825.62025819211431 2 8
971.14118297177833 501.86949533706536 1 6
407.07078705988772 779.58068926322017 1 7
774.04639666911316 300.71586212624419 4 4
399.81839265246788 577.8612183779062 4 9
149.62384808298327 207.331554500496 2 5
611.98544991745155 285.88014721059864 2 8
425.61014443831203 110.89186342531262 1 6
720.01536216137526 417.62874018203092 1 7
989.07179676972453 61.941125496954271 4 4
533.12856951829144 462.58980528321314 4 9
860.92954806107798 890.61009672000966 2 5
681.57177262713924 582.26619246233929 2 8
912.48528137423864 997 1 6
75.357816691600547 407.76450198781714 1 7
267.16663840366829 189.18399783167172 4 4
625.93214659227272 981.77777777777771 4 9
351.78404040365302 890.26496088014642 2 5
787.67156206803531 452.0568217199442 2 8
997 959.51471862576136 1 6
508.11934988162915 996.04157469715369 1 7
173.26995674601559 677.67701631633395 4 4
309.27740570265917 146.35952877668134 4 9
162.45243065222238 491.30074226227856 2 5
522.62069030022155 157.29186168302806 2 8
997 712.98484809834997 1 6
874.26726222071966 358.16098041074378 1 7
628.84600022778818 594.44047897934968 4 4
594.80815013144195 904.35793346231424 4 9
834.63278426306374 194.89343965173896 2 5
826.035759956231 777.78538022168641 2 8
118.61188233619754 884.88621568425549 1 6
219.35982734518731 971.14118297177833 1 7
758.15086118039835 666.2434298562697 4 4
405.67232725422747 123.83323899420745 4 9
469.7898984666931 258.22212563500318 2 5
365.41587459897937 759.08730031740868 2 8
389.59163371904299 483.26055264430516 1 6
767.46205714873156 555.96109575923924 1 7
621.48397763887135 432.18363661869597 4 4
607.52237082144688 316.80115117415528 4 9
5.6153468707624681 606.2884898469282 2 5
202.16292693232703 625.8085826418187 2 8
205.19501144532498 823.43538548041806 1 6
51.700068230114766 674.47465413803968 1 7
342.64017359961144 908.92898043566697 4 4
197.14556686882514 512.59243026438844 4 9
12.222222222222252 262.16539987828526 2 5
581.31748711820615 417.12462210344836 2 8
2.7320508075688772 57.485281374238575 1 6
997.26794919243116 405.50966799187808 1 7
498.8109715941016 208.57849899965493 4 4
624.06302406307168 752.96343413477348 4 9
36.536548569885753 403.77915716091428 2 5
233.84175936297711 807.50851906723904 2 8
3.1071515552282669 396.68413832139595 1 6
827.08791463697344 286.49695535138858 1 7
742.59914206221697 461.45118994820274 4 4
403.68975702467515 514.84712826115833 4 9
160.01243614116518 206.6761432777466 2 5
941.13449486663706 444.3096449102971 2 8
888.11344231638498 622.80095169627657 1 6
221.38581236340661 149.69549614533344 1 7
367.27604833814905 317.59973668365262 4 4
869.10526127100263 262.72007053967246 4 9
303.1734444693667 195.90285259077905 2 5
728.37920653911726 759.19128656526516 2 8
436.13955190419307 452.14383650188739 1 6
318.3086578651014 2.9999999999999996 1 7
170.97005113153259 350.29099181888176 4 4
137.95695598119536 496.31306862689127 4 9
204.22539674441617 5.4641016151377544 2 5
213.37309164476974 143.96410456992467 2 8
967.87168010580262 309.13590791252608 1 6
280.52092745774883 757.63653518824231 1 7
760.98713851891989 344.12746066485738 4 4
270.19314581998947 622.06162522862132 4 9
206.37866489038706 62.628048934684372 2 5
346.82964303067996 559.74226936597836 2 8
611.71262665930351 892.4433809735591 1 6
609.51036439350378 452.41825517063302 1 7
388.34148168167343 11.23069374152494 4 4
899.87419571109876 308.11979092595976 4 9
107.71588715889459 804.4267499673939 2 5
685.01632594841647 580.23270963308357 2 8
430.56015222883212 358.28850828289558 1 6
125.48261491482342 101.09236978709444 1 7
272.2958242685541 55.269129192336251 8 3
544.00666851338349 826.12865721857577 8 10
552.91807448825159 218.83463566939503 4 4
405.56374398130845 115.83397592359637 4 9
94.249962117940569 688.87638809660768 2 5
43.489125293076057 872 2 8
750.83996422412179 418.96200604427287 1 6
4.9073344987240803 52.91698526613871 1 7
260.88075355274106 82.436131091921723 8 3
612.43833508632781 260.15388769817594 8 10
899.87419571109876 320.89954505779639 4 4
659.74020149788521 421.51856532749082 4 9
715.23199488843989 615.61109458081194 2 5
576.94625148565569 511.40121234747249 2 8
651.87744674684905 995.09266550127597 1 6
937.11267675545992 480.63713537896416 1 7
225.19199413881893 891.97811183867714 4 4
809.62083761585529 798.07772875125886 4 9
697.18170329447844 778.02181751340663 2 5
384.31373087523144 119.57831326294934 2 8
469.28054099880967 241.00463006445997 1 6
397.69416958115602 222.29125773313785 1 7
637.47557564993645 380.74932032407997 4 4
644.7558519785764 643.46206369597064 4 9
227.85642861119283 490.30831360189984 2 5
578.04058508425078 507.55381920730787 2 8
415.90231823975392 150.44228540460875 1 6
77.321437920704454 408.14422776862801 1 7
414.28841620307253 420.53154338290631 4 4
242.976378640864 187.76698601926219 4 9
749.01852112115171 109.59252778879323 2 5
184.28380839909175 867.59241697882612 2 8
714.50580018575965 480.2716443755304 1 6
180.90632039121954 549.64406369037192 1 7
65.370893925967451 596.96521078547732 4 4
927.19167863014138 761.84194363948484 4 9
111.80765368309136 131.7081643199441 2 5
631.9246320014912 982.07797541318371 2 8
136.2739399952705 43.982147638413537 1 6
544.17427711901234 801.3135563111141 1 7
706.32314068267192 612.23292782778924 4 4
144.21364280242591 34.980701262286317 4 9
163.11355763645054 781.10433965546156 2 5
133.00862274470373 968 2 8
730.34745803626606 364.27057200113109 1 6
23.508815546096844 935.88886618507775 1 7
586.14420003403097 886.24401170312501 4 4
819.16831262604501 427.71964047965258 4 9
369.07004567308428 721.51081331699845 2 5
497.01933598375615 991.52786404500046 2 8
804.51035802845854 398.86667185547947 1 6
650.64154019017167 432.98186535553265 1 7
983.0557280900008 740.78383797157335 4 4
12.428606220913068 35.678545334315189 4 9
112.43082888205956 823.21640343162312 2 5
898.44115441324425 313.94614421413615 2 8
657.32255116702379 120.83014498000472 1 6
127.1258469278973 456.26845572963629 1 7
236.78305443897676 398.61723240078283 4 4
580.4963922019175 127.65214494970542 4 9
74.463855756583953 196.81925732973698 2 5
842.8574174645463 634.7109384749017 2 8
144.1850307099273 253.84996844342368 1 6
4.9113358919488732 316.680747190413 1 7
66.661797502346559 262.66439268492036 4 4
706.70838204305585 622.57046450578923 4 9
561.65774846828833 704.80899824030917 2 5
870.01478877629972 377.11256392858871 2 8
474.55458883458056 905.81813595735537 1 6
479.44876789761486 338.79107298248084 1 7
459.59796338035909 165.44812897628054 4 4
964.10860622091309 184.42821332619332 4 9
468.43706471458472 261.98641053909273 2 5
750.22328097246952 759.44280662126948 2 8
331.77161774451366 897.47516074546104 1 6
225.01584282964683 138.0688848184144 1 7
414.56540597505978 715.79571132097806 4 4
414.87415354055349 375.19349178630648 4 9
217.88786468815968 826.19884306592598 2 5
214.22996561975572 892.98019061124864 2 8
292.15288436206191 463.39433802199272 1 6
731.5629276645401 479.35882474787809 1 7
616.68727704831099 980.37066200510367 4 4
936 48.492422502470646 4 9
619.1651145004987 759.224685560034 2 5
638.3669125918957 662.53277364236294 2 8
860.91963633357875 996.89284844477174 1 6
47.462000488042975 874.84650036603227 1 7
201.96621092448689 426.10964906794675 4 4
555.4932895765844 871.8211763125297 4 9
345.22764697281076 568.37334348078957 2 5
382.39970705708049 138.97404673600155 2 8
986.82842712474621 3 1 6
61.74945256110253 576.55597911981147 1 7
531.98126438097165 359.71716559223819 4 4
584.01821886901757 231.21225504370841 4 9
806.16085811143853 240.23285664721499 2 5
127.74011983898583 843.69017832498105 2 8
62.577454478288956 824.18529625875499 1 6
449.24978336205572 2.7320508075688772 1 7
975.55555555555554 433.82113176469244 4 4
815.46557391927399 152.94847038885518 4 9
990.29983040736249 212.38265133808551 2 5
600.32429560862897 53.968250274563999 2 8
56.489902198995807 752.9866565437552 1 6
94.198984712707656 137.55885094684959 1 7
358.05340056209576 585.81781771148576 4 4
448.07988344093405 757.93985259742431 4 9
328.94450289567999 624.82156035346657 2 5
328.2150016224071 319.4055453094013 2 8
183.69849441273954 387.37329489353061 1 6
847.48216539899829 380.31529356205647 1 7
764.49857273338364 257.46349251679663 4 4
296.99170371775625 731.49168169010659 4 9
638.98996922634478 283.64660639988489 2 5
138.65746203591948 848.90819709253833 2 8
713.25629000157971 55.681684046952782 1 6
278.08839140731436 500.22465904770439 1 7
509.50709163188594 647.0924667906844 4 4
637.44454932876761 362.64547522739929 4 9
489.36624998725199 195.20080296411408 2 5
748.95462928149698 501.92035026987281 2 8
995.76393202250017 859.77460325558377 1 6
523.56525601001988 153.16464262665255 1 7
277.95001230653151 431.75584637337755 4 4
374.77063361846399 320.3981632908887 4 9
984.40755322477401 755.29189082671837 2 5
805.4701294725885 8.4721359549995796 2 8
598.62981002172944 951.563253234645 1 6
391.74458131947921 128.61516629202598 1 7
191.90731238725888 806.80351633597729 8 3
312.20614820364466 461.54440920669254 8 10
549.0442543344052 837.02006342236041 4 4
525.36260781253441 460.66890997510444 4 9
373.71961092336414 188.48611205144135 2 5
458.81071018438377 897.75750973579181 2 8
18.268274284942891 937.99267241345137 1 6
969 306.50966799187808 1 7
802.84679323559055 385.90561835515501 4 4
275.08216757833537 269.90671802860049 4 9
615.75484747392341 750.45567377284885 2 5
236.0175755890898 88.06986654562084 2 8
497.22034611053289 3 1 6
167.34006460147765 398.89561028465914 1 7
30.10261267811277 610.37286845436665 4 4
811.15975243160051 146.20607457458496 4 9
698.63623876970973 495.46538837041948 2 5
20.510874706923943 872 2 8
637.61531696191048 397.40972194204988 1 6
840.81082230147831 390.90847373132095 1 7
128.91525889406742 504.38882474970427 4 4
981.30939426205919 71.804058917483985 4 9
177.22020770989462 143.22044380889324 2 5
653.59105590026036 52.24321475464874 2 8
864 968.99999999999989 1 6
331.20799853230136 319.61040989239069 1 7
932.2508211880272 755.64476068438432 4 4
755.88924601751671 350.29280672522879 4 9
160.74816829401016 210.60789838192974 2 5
811.66278261478624 242.30229476945806 2 8
448.89281431971511 564.5401939825922 1 6
499.99154588338411 170.39751670788434 1 7
738.90343572835422 680.321251114711 4 4
324.90023736979072 633.08784819776724 4 9
6.2143031104565338 689.83927266715762 2 5
236.99159798838338 488.24072796303432 2 8
693.64693819604645 237.68631254085764 1 6
277.69169715882862 212.92002831092785 1 7
636.71338843013268 428.20112021969419 4 4
860.78383797157323 16.944271909999159 4 9
441.22678438404563 341.23164745637553 2 5
361.55913507693464 760.14822456498632 2 8
900.85881702822167 501.86949533706547 1 6
785.55689309864556 454.32842747787123 1 7
503.44530334879516 652.31307238879117 4 4
138.63345450687447 338.62139693356852 4 9
362.68648398302446 448.63657523417902 2 5
632.45560730239902 602.67387858738039 2 8
11.65685424949238 995.76393202250017 1 6
166.83270501370512 391.59415629879464 1 7
320.74256649333853 659.52474910483295 8 3
273.9713164745707 91.635976872673623 8 10
249.28796069003556 389.94320888415626 4 4
576.94625148565569 550.50397843022165 4 9
206.85393610547089 12.222222222222218 2 5
690.2086257993725 786.90625805138359 2 8
702.46396909737928 609.05380929032174 1 6
302.47431859623924 461.71363578776487 1 7
191.34664794956205 422.73945425074555 4 4
363.58405993446945 574.51499342162288 4 9
882.53399874181753 636.85854352131184 2 5
598.28732504989614 437.50687853041779 2 8
4.1060591824487673 318.51146547052542 1 6
226.18248774391242 171.04825624426206 1 7
756.10025125786751 892.06349945087209 4 4
336.61079534987834 450.63535680765335 4 9
211.56987499398792 944.50694164484548 2 5
626.76470441989682 890.26496088014642 2 8
101.38826298694404 16.914286137260767 1 6
279.32188758693229 216.27217346958901 1 7
550.98712669153247 742.18242837430626 4 4
333.85852217049995 608.96548767277909 4 9
640.90951485136213 314.10870249561532 2 5
412.12290259107868 786.28512976841193 2 8
189.21061573097728 442.34480793572612 1 6
158.9143879016909 259.43669640711016 1 7
980.20771070753005 751.00687941129024 4 4
974.30861231589131 879.81770543640334 4 9
865.99665433669304 555.75962133916823 2 5
581.20538324561505 350.6453065618997 2 8
761.32986582566332 561.47437333045661 1 6
695.94285218759649 210.72907708486198 1 7
228.54055373375778 757.60548215700874 4 4
72.811687267009319 594.02674273972514 4 9
447.87591225863946 514.09013636356156 2 5
566.18154706575888 573.26076696392317 2 8
844.38254855094317 262.98977176116057 1 6
871.00422883171359 32.528284970518293 1 7
407.01655713021546 581.35212487211265 4 4
407.76680904521442 269.39303462803309 4 9
173.26905870451225 98.665620910560961 2 5
453.97856364573835 756.84186724167046 2 8
540.27663630021186 766.47162754867054 1 6
759.54899014471675 476.58066264161721 1 7
635.34819446124402 347.64037401159408 4 4
148.94516086931182 459.53013543431928 4 9
49.794699342500635 808.79605974529477 2 5
418.20854531452034 720.56305185352608 2 8
734.88336889620905 522.0493130055147 1 6
991.57284331069866 881.75530854341196 1 7
274.27621535546274 812.13506902043957 4 4
824.00790541623542 189.68061972452901 4 9
987.3052487343698 641.22293883490022 2 5
544.90761696660149 366.48626586123174 2 8
4.907334498724083 444.68148725395582 1 6
826.59982396695602 625.04548894446373 1 7
403.93112299479935 281.36929847520292 4 4
742.48608327691215 687.47419711917746 4 9
161.36809354968975 945.11111111111109 2 5
272.03109595225288 109.24895538997794 2 8
749.3568699188379 25.888888888888939 1 6
797.28966630863317 405.44967279531483 1 7
896.44444444444446 67.198204219063712 4 4
189.88835194374246 723.47456396378584 4 9
242.39166727690673 492.04077230753791 2 5
134.61212295905798 501.29424238957199 2 8
278.15402794984391 48.436746765354968 1 6
621.16282686618138 312.72600507023469 1 7
655.36681503732746 414.81979746566651 4 4
464.75810618711853 176.24438083277039 4 9
462.06113550409128 340.32672339131244 2 5
762.99727067967831 662.70615477998729 2 8
337.92522340366668 890.87163659393423 1 6
339.27489130865013 580.41828610658888 1 7
763.67854533431523 987.57139377908697 4 4
555.68333411692038 67.391536878609287 4 9
107.83837376818413 132.20295413098916 2 5
63.999999999999993 159.02054269880199 2 8
4.9073344987240795 107.08301473386129 1 6
265.05528902031631 90.40941483389129 1 7
990.31146246294372 440.76692648005803 4 4
868.98252102751906 134.02737228453418 4 9
20.510874706923943 744 2 5
228.40215334282485 494.76424670719149 2 8
29.827865943203591 6.1111111111111054 1 6
711.49968318428989 545.83455837870906 1 7
262.60923508729769 262.28342134289835 4 4
561.089392358532 225.16817185860543 4 9
994.53589838486221 491.01933598375615 2 5
311.76842953059776 577.64399541201453 2 8
883.14424492346404 997.19232656461872 1 6
654.53986743529288 350.22934246654137 1 7
873.84782162836336 428.19230891289288 4 4
551.38572899542839 92.317501346782592 4 9
334.64593987291499 503.360884536561 2 5
369.91381610060603 727.32818375801139 2 8
16.537999511957022 533.12067034572749 1 6
416.86524550446148 424.81639469322073 1 7
406.64017359961139 852.21976787992492 4 4
623.14876591305654 440.00849955692917 4 9
572.96090665875283 554.98917927418381 2 5
174.1363686624567 843.87031683999703 2 8
463.70421613280712 963.94789512452633 1 6
199.61233297105571 730.8193326462158 1 7
290.44307477198998 444.64146552630785 4 4
92.54016773507783 541.51419695949198 4 9
753.37518834880643 44.939748140478393 2 5
815.0951528208019 423.31403391517682 2 8
996.89284844477174 175.42930432545688 1 6
498.48497028976897 167.87389494020485 1 7
868.18344270076147 19.98497081843702 4 4
374.08637651655425 445.86187823760417 4 9
420.39541996689815 717.21378637363534 2 5
188.72578095373296 729.36085555469333 2 8
295.10475589320492 180.54167463849313 1 6
460.20250437370771 337.97183691397026 1 7
838.14330387868222 357.91678028228148 4 4
381.6655635613007 443.30142442221381 4 9
101.97231833910031 137.03831585820345 2 5
623.11051697767959 423.49871405166215 2 8
125.21328339806985 516.1305661433156 1 6
129.67370573508433 735.94009901100458 1 7
562.87513594972518 874.90473661246688 4 4
756.64742024973486 541.01105911879199 4 9
264.41695467809404 120.51455530946912 2 5
164.88014057699758 848.21554521161795 2 8
995.09266550127586 351.42665325801676 1 6
865.46388801924365 966.37929514837083 1 7
896.19165242259055 433.87634652482762 4 4
939.80960049292071 820.06366414809906 4 9
92.41310730444421 405.22239017838876 2 5
908.53654856988567 310.52432316497521 2 8
536.83101639034248 858.74379029654119 1 6
57.650832180141492 732.76137780751117 1 7
312.30947043684148 535.89952253981983 4 4
324.38669327198164 648.09144949268352 4 9
321.94148442083156 165.20066975305147 2 5
831.72358188034934 340.1745377671956 2 8
752.03003600951024 353.4718786203112 1 6
364.43512473984839 749.8037696032286 1 7
274.32329894403239 103.63081360941963 4 4
88.137794128354344 668.49005776356535 4 9
341.01933598375615 919.87548450340296 2 5
151.15102153715173 247.63540614167351 2 8
162.65123787667585 426.59928891603761 1 6
465.05510660973448 340.51682078365059 1 7
636.81485481509958 598.55114149619772 4 4
301.30583124126701 432.69818885198066 4 9
830.80235477663507 196.04574601269394 2 5
217.06114026010607 871.64076203737727 2 8
141.67615367051792 934.25863895904547 1 6
732.34532940756435 32.699228013432986 1 7
805.23911279824006 371.8320614120675 4 4
302.28433909476274 641.05100116365429 4 9
156.22595467148614 348.85198934614567 2 5
388.38176801169635 563.45157026703168 2 8
707.54901028631593 454.79741410986128 1 6
621.6941478293985 907.26974412470429 1 7
275.81972948986515 66.740052955975159 4 4
132.24950717301493 490.70726555311143 4 9
693.46910851265443 105.4885279866547 2 5
648.27416997969522 5.4641016151377544 2 8
813.53525285082435 794.96688427294725 1 6
331.83374652218492 621.98433404370326 1 7
149.50104524717435 968 2 5
503.55779024006989 646.31412692318713 2 8
829.98058928589751 273.61780812125454 1 6
892.63694513288442 437.39260250022392 1 7
821.60632433298827 578.76007243453705 4 4
746.88939245439951 680.79506032708707 4 9
756.3151759426429 572.96398686562861 2 5
221.79995118595303 747.0043288118361 2 8
173.25483399593904 10.255437353461971 1 6
231.60518909722174 480.61626653520051 1 7
732.30406140473849 759.96298228496926 2 5
708.26235978436148 118.40415348717038 2 8
486.19209997716086 211.64111610858916 1 6
295.10717831114221 510.60955396058677 1 7
406.31415702258272 419.89030199124966 4 4
272.56890515072485 79.718206843060329 4 9
635.01285935753219 357.16032400944795 2 5
890.92792006825437 74.296520297226081 2 8
47.462000488042975 869.15349963396773 1 6
125.53059493097345 261.4253460230853 1 7
254.45256935387317 189.14403692457822 2 5
869.64654841770846 628.85363984777598 2 8
483.71530082495678 703.24299252462492 1 6
79.171922072677418 692.61577378727884 1 7
770.04198498012909 992.41975802634443 4 4
535.83680447852203 837.77514542446534 4 9
8.5925889696773385 44.13889568185499 2 5
716.3562159301913 659.21369172232426 2 8
560.10235071761747 995.09266550127597 1 6
718.21142400730787 420.0282744040129 1 7
932.53869565793468 867.21378549344195 2 5
216.48389084577533 889.67567535549438 2 8
129.68922083075427 52.959635295595682 1 6
817.30859382509709 157.59640300742231 1 7
307.50854307387453 437.75055126194599 4 4
397.27394544074178 868.44255092636945 4 9
830.07482029432799 343.81892869469783 2 5
277.21099808798732 128.55506966638981 2 8
50 995.76393202250017 1 6
166.0379429354754 349.46982877637106 1 7
410.08975961671547 119.77290756403532 2 5
574.35026681510385 773.9501182008421 2 8
335.27455367438859 465.30039665380457 1 6
460.04470319276192 565.29378562064358 1 7
656.44421898355392 240.6129723303153 4 4
197.91248388255318 418.16891834113466 4 9
299.86317413793182 604.95365390516531 2 5
221.13618304422167 877.32145836509517 2 8
210.10830078491574 55.107197259348581 1 6
605.98721818463218 312.04265284152109 1 7
222.32898075082574 194.42989820119962 4 4
281.49977157212936 746.03335796557644 4 9
65.44736936449867 833.89479872610286 2 5
360.42962560826106 317.91624968728831 2 8
581.74815021084987 122.08116487498323 1 6
302.64949730015263 478.11217215423176 1 7
919.88605604560269 758.58190090168546 4 4
629.54848886007653 431.75980173832016 4 9
126.07834792745611 901.19735525043097 2 5
750.7694900555681 755.48027515293506 2 8
162.12109978899909 747.82960938581846 1 6
847.80530904569594 568.43667238747821 1 7
353.52559880094992 564.29798048357986 4 4
591.44542957041085 480.90310855133549 4 9
812.68999945794189 415.72001871675252 2 5
844.32473287874484 427.28367685348564 2 8
313.60572326685218 499.25008010208688 1 6
238.13839561767693 100.64418822839559 1 7
364.40629218785011 762.95779684306774 2 5
161.81047894525915 160.26568535603371 2 8
315.98969159827629 991.10716519393407 1 6
600.13919117973899 326.93747733197011 1 7
100.12580428890124 401.37462492189883 4 4
881.83282455027984 200.12479699021728 4 9
986.54511061548101 882.36398578868182 2 5
85.120721060727632 801.23246498037088 2 8
72.005560823045471 262.27604538753076 1 6
332.79476639929914 467.31491577748938 1 7
878.37193100801517 207.33743977141134 4 4
60.957276538868697 605.39043196151238 4 9
392.3484388938565 484.44377926170421 2 5
991.52786404500046 595.52900397563428 2 8
447.38198947304022 603.34826946475505 1 6
572.84264731401765 776.54378036850096 1 7
909.6956629420265 185.21598228270946 4 4
563.6621579445208 67.973232957429602 4 9
744.10763024559003 554.16039192024959 2 5
356.43332003369039 756.43401115005281 2 8
2.4221343842640524 118.19173162001451 1 6
190.17819241298514 731.98583192659328 1 7
557.50925534232977 864.07934952349967 4 4
872 913.02174941384783 4 9
636.4021710244059 311.58198610606371 2 5
854.84312674253295 17.785669612131784 2 8
716.18319963311842 482.99082868767039 1 6
772.95309587516579 313.61363424642985 1 7
414.80794265534126 583.16714872839123 4 4
344.47719873479519 600.02027956853249 4 9
306.26727049653806 198.83617157532132 2 5
482.414775933719 893.2781370400894 2 8
310.22157105676132 614.35819363502981 1 6
874.27433245876784 760.18854964081106 1 7
393.28718517521008 107.62916283772941 2 5
461.96925855770729 895.30321305988332 2 8
157.49266325192124 205.04803253623325 1 6
377.93558118635201 995.08866410805115 1 7
761.44068602276946 634.65152582766541 4 4
106.99455006958488 733.08541168369402 4 9
737.12940329010382 49.473387168529015 2 5
883.55950826367314 599.60386924617808 2 8
558.54637721514098 220.86316616981895 1 6
237.05215648667735 435.06585276456951 1 7
746.05610434575374 466.35520990841951 2 5
449.33085472243596 509.94501981913118 2 8
280.25306447675598 389.98315389255333 1 6
36.480412039797429 284.39265274698585 1 7
885.53690485088475 513.94966624491087 4 4
494.52048362343805 241.67858582557471 4 9
159.4040232578181 782.60078701295333 2 5
862.35529454995537 264.50962454690625 2 8
943.36423313158161 446.31669928670095 1 6
178.70735664431419 128.12842484808854 1 7
382.17910015384047 541.55914945977213 2 5
673.77671902753059 870.29405830567759 2 8
53.772193156678092 587.07279101289578 1 6
574.71872517304973 764.9460958580579 1 7
207.08510387281521 862.33599912104557 4 4
289.11958724162372 869.08524886471992 4 9
288.56649651171404 742.39356689857937 2 5
46.100309612866106 268.30423968105953 2 8
611.17477308235505 995.03736013417256 1 6
933.4885539815109 804.07369839245257 1 7
101.55884558675571 407.20097821007516 2 5
338.21232850277102 904.88000676344006 2 8
229.2253002795095 991.03589838486221 1 6
205.77520866508553 508.33503088031767 1 7
314.26169588553921 442.03948202640294 4 4
22.588902973884792 613.11953306450573 4 9
491.39950874202214 204.76394620663757 2 5
945.35041910915584 817.7616369844925 2 8
99.287731500424499 916.00816191264005 1 6
417.0237948579782 139.0080259097933 1 7
61.130559463309829 925.15208040251764 4 4
800.25460945698558 781.85494570481433 4 9
190.65230647532672 80.645858530557774 2 5
530.35022240997864 591.63502755406125 2 8
503.50142779707471 692.51395186891534 1 6
141.19513248532806 256.07267727986323 1 7
463.64949152316677 901.80887234502507 2 5
819.52193732178262 148.52739405533768 2 8
505.87509106029205 997.19232656461872 1 6
455.47428279613877 466.62334452363433 1 7
762.66145855229695 995.50647629143953 4 4
579.51605447795509 482.81927405104938 4 9
219.45008634681724 790.67516371303464 2 5
578.24197586239961 117.40843344565165 2 8
935.11320832683532 480.59102677961999 1 6
642.38929807152158 316.71834646009296 1 7
731.89974874213249 892.06349945087197 4 4
621.31539840485516 252.07937552474669 4 9
158.85393610547089 948.22222222222217 2 5
809.45469504298194 804.07542803060574 2 8
46.206553652222098 681.27105590471422 1 6
866.44740208021528 258.46703122466158 1 7
157.58508243214916 991.57119449041272 2 5
323.66953562461913 638.96027301332947 2 8
596.75404544056369 952.257160459023 1 6
827.83859877686336 446.68825406628628 1 7
313.78319828188143 669.30059659225628 4 4
831.04931673274029 354.21876103230312 4 9
123.18252975623381 442.55100901534803 2 5
875.98534482690286 908.53654856988567 2 8
748.92672410105308 114.19903656950714 1 6
133.55392503795724 374.82517899888438 1 7
319.64320376408102 686.2020857499781 4 4
888.85761101917456 501.67983285617652 4 9
102.03535012744928 563.20722552035579 2 5
165.11628745386176 784.56686377500955 2 8
852.74750730476649 568.53733007919743 1 6
266.7177824134618 379.70423649822072 1 7
339.92500238516106 916.02809136323833 2 5
602.55328947825899 402.52666040189575 2 8
322.59812214898653 162.24065241761153 1 6
452.37933598375616 980.51999999999998 1 7
62.777828680076482 613.18052759001034 4 4
309.54623267744034 449.8429200111475 4 9
5.6153468707624699 881.7115101530718 2 5
695.48404034407918 490.35544957723363 2 8
538.79417332772073 777.30959640098718 1 6
806.96982132788389 226.57839765148094 1 7
641.55386566833363 651.86238607119049 2 5
466.65150293883698 265.56576371319954 2 8
843.18644593821671 261.38685612400781 1 6
876.27179464006713 760.28927120890307 1 7
455.41679713302483 311.1624298844593 4 4
569.84375325759299 878.8339060942385 4 9
708.85240086298768 238.00952160414099 2 5
274.52566517742508 748.44017622581464 2 8
4.2962944848386613 188.44022015095055 1 6
162.0953299511597 783.92625609308107 1 7
550.90182280216959 844.80141545061144 4 4
554.2111858523142 856.79081485327765 4 9
330.68631439033663 449.68639666095197 2 5
919.0176310921936 314.28740036203351 2 8
2.807673435381234 290.90874691128124 1 6
56.346035740747695 734.2771305088927 1 7
421.03656411104868 370.09205120930773 4 4
273.20973549083544 820.06366414809895 4 9
109.39451317973902 128.51806198442563 2 5
991.52786404500046 788.09754647055809 2 8
558.68235228585002 705.19242692667956 1 6
729.48787370275465 646.26434160904546 1 7
153.09529531360747 336.03716165731169 2 5
67.048215382102171 787.34379743530565 2 8
797.19262651842234 7.3381155977224903 1 6
417.98497309679402 137.25413412486844 1 7
576.30269004955994 883.55430178923859 4 4
82.842330240441157 662.49355359765275 4 9
146.84438256683734 916.47805796130638 2 5
29.999999999999957 268.45079348883235 2 8
487.9129480910081 143.22255317399367 1 6
646.66942960767562 252.54960726164259 1 7
402.25913139413325 509.02018135001902 2 5
649.37892382870302 414.43880025612572 2 8
995.76393202250017 909.7157287525381 1 6
840.35062813070112 633.06290715368232 1 7
116.97860978936149 37.370586389365236 4 4
989.07179676972453 334.50966799187808 4 9
966.34112901844833 189.99740015718447 2 5
295.05509593998715 872.51211640949737 2 8
95.406848957373597 545.61079783945786 1 6
644.47041740981126 638.47021763394571 1 7
617.96315027873618 443.02667624047371 2 5
737.77671902753048 890.85469000991429 2 8
880.41954122660172 618.13148855576105 1 6
664.56149253923752 253.97708863185198 1 7
73.278535321510986 655.24553133301765 8 3
842.0647011703179 647.65055152174841 8 10
760.08476201516544 35.844049173632669 4 4
724.32145466568477 987.57139377908697 4 9
769.06505651771761 253.57154880607638 2 5
222.13104394431676 886.81762892457141 2 8
423.8882775765972 775.68348496936744 1 6
572.86157426991895 764.20380849928063 1 7
553.03283749166394 74.939706699135584 4 4
108.5827324072033 27.047218139191198 4 9
891.60003641507205 63.658188563031572 2 5
888.07446345474943 71.493346140159687 2 8
290.90874691128124 2.8076734353812349 1 6
997.26794919243116 355.99494936611666 1 7
268.26321575817622 72.975726672166658 4 4
614.26756894508901 248.2941278570172 4 9
711.47406831058265 616.9814915435328 2 5
396.39831425203636 110.1432980503475 2 8
369.10442988279021 446.2863870576856 1 6
158.02582980123799 493.8309166984069 1 7
578.60716865656696 121.39172783887545 2 5
475.23945821533977 307.04282096548138 2 8
967.76930623487658 995.09266550127597 1 6
732.78044551900382 503.0508149012075 1 7
97.095846376802783 930.56991232628764 4 4
529.85857589062391 450.2354838795419 4 9
882.93188675019326 520.28903256757019 2 5
908.53654856988578 318.49501281878094 2 8
820.78696909335281 392.21484926549613 1 6
153.82562121703322 963.44444444444446 1 7
341.17076425303941 605.02702412141878 2 5
638.27142027598632 422.40693893436094 2 8
846.69632047819789 410.58973398186907 1 6
984.39822576343158 169.51433286010325 1 7
717.95801501987091 992.41975802634443 4 4
459.96715239835737 658.25396043831461 4 9
404.38338016575034 274.34807337839703 2 5
171.9271609795955 208.00354563220586 2 8
64.855766292548481 780.87070319763836 1 6
683.19974585514149 364.77661033262746 1 7
313.36515348186794 322.90206555829911 2 5
883.55542596110524 508.28629786475426 2 8
178.11058907247497 2.807673435381234 1 6
81.973271068675203 657.56965918814626 1 7
307.02644469032299 647.49401556070143 4 4
467.75608436994634 656.42843620074359 4 9
630.14686525120237 65.778724536815275 2 5
882.93188675019326 83.269696583814039 2 8
239.77988874970458 183.92219052720861 1 6
91.582418184258799 687.50372303845347 1 7
338.17183157022617 553.75940265308088 2 5
821.02262176962518 871.29751687728447 2 8
53.484506602532583 202.22842728019361 1 6
703.09653375349012 626.02800003462482 1 7
124.46561784658113 192.54846561362692 4 4
923.89974874213249 869.08524886471992 4 9
534.1361501707554 12.914617079248538 2 5
170.25223561287177 842.91453943226963 2 8
2.9232489994491981 316.89871624296632 1 6
365.25565897040133 447.08759496179425 1 7
905.71040966114344 761.52793190714044 8 3
258.04111667881153 66.690132793172296 8 10
407.76450198781714 41.021749413847886 4 4
185.49055654384958 816.94379465790087 4 9
512.13757518183729 601.24275057249042 2 5
77.172429868963462 664.45626340236583 2 8
757.25079648760209 637.38004661429954 1 6
324.02400085198133 984.39822576343158 1 7
874.81746849476588 726.92389374005722 4 4
173.25483399593904 28 4 9
829.98626334648588 347.81794828292055 2 5
744 952.12451549659704 2 8
3.107151555228262 418.84486565423833 1 6
196.26921931051979 936.47618109970176 1 7
179.23785430208275 33.310693741524936 4 4
752.26681532481655 254.00516755499993 4 9
940.68311407943486 52.243214754648733 2 5
683.64579155104661 867.44531732666201 2 8
270.58737907067126 100.307727287967 1 6
62.906049263519392 764.4321082767467 1 7
718.55844122715712 6 2 5
608.97512451209411 696.08444258704822 2 8
208.4862616916102 77.677591008204644 1 6
299.3849878950864 323.83578623923376 1 7
149.09843067541095 340.51209998805263 4 4
744.44710376798525 453.66755085494992 4 9
597.59928782104112 359.31404206061688 2 5
287.22796178312853 863.39123857980007 2 8
720.79425767727207 420.09215910645747 1 6
458.05947438655863 662.8757311599428 1 7
990.62380959006703 644.66537317637926 2 5
936 20.51087470692395 2 8
364.35066502134237 747.80555376004497 1 6
828.07554361952054 198.28898879312104 1 7
549.86914268688031 752.84913398368576 4 4
650.86405881413782 648.6282817763464 4 9
307.90339766967213 8.5925889696773226 2 5
276.01828238749175 263.98019383105617 2 8
58.227115656219219 880.72008921134545 1 6
55.006500366032228 194.1676675038351 1 7
658.27416997969522 20.510874706923943 2 5
761.34092071553425 352.79864849736748 2 8
967.87168010580262 618.15524389628229 1 6
253.17512301261522 87.086212594334327 1 7
533.51653524947233 92.472554996898964 4 4
224.23954419486162 621.54539109661266 4 9
712.090415358982 993.67326280078157 2 5
379.76450198781714 8.4721359549995796 2 8
192.31202049146535 513.87181660866133 1 6
62.782029417229822 723.89397599446033 1 7
453.35787283640144 760.79341667438734 2 5
806.08213223335622 143.00954941085143 2 8
179.3020080094862 692.45510135962274 1 6
645.5599736789062 354.04462688189591 1 7
700.01612647140666 434.28071455176638 4 4
810.30954221517982 381.86726686586979 4 9
269.37247103466359 870.44448568998689 2 5
48.398190459946818 265.03013772592442 2 8
396.76450198781714 2.7320508075688772 1 6
357.46829654405377 318.39638526551755 1 7
391.99671421413103 871.29751687728447 2 5
810.66917939527048 306.16832097979369 2 8
280.02979253100972 47.742839540977059 1 6
789.69291739739572 871.37814696747535 1 7
774.51933784831544 639.82027141207027 8 3
504.25141027882256 225.77887717477975 8 10
68.613973321661973 607.70883537256123 4 4
108.1346435243928 288.71006821857463 4 9
337.10822038169698 522.05560920026312 2 5
155.57825378628522 781.43310214506857 2 8
136.99011066124802 343.34362320991761 1 6
608.58997567150254 758.03233291259028 1 7
477.65978125578044 281.43874777043578 2 5
268.30423968105953 46.10030961286607 2 8
576.94625148565569 516.16791115246906 1 6
701.81995399681352 607.16033508921851 1 7
762.55139839875233 421.59016644682492 4 4
300.03171296141522 440.59607607635576 4 9
828.88295472000755 261.19714911275156 2 5
359.05509593998715 888.63663190609452 2 8
995.09266550127597 963.08301473386132 1 6
158.52419306600956 333.38616581830735 1 7
746.83365587387345 251.45943025892484 2 5
665.41787401214049 124.73583250854293 2 8
4.907334498724083 370.84751672167846 1 6
146.3023444729437 934.98659235078946 1 7
380.11448317407172 310.60950862957668 4 4
222.85414945886134 204.12973387701524 4 9
43.489125293076057 808 2 5
754.20862579937238 752.53998689539196 2 8
4.2360679774997898 694 1 6
536.21439685077144 72.438664121419762 1 7
445.34926787466839 690.80863773190345 2 5
340.79706835391158 952.9823689078064 2 8
329.08728253360016 179.55119480726299 1 6
158.75543627449446 213.43356197218696 1 7
482.22785052354493 132.46500193589205 4 4
106.34729090073584 525.17218608952919 4 9
407.20202056444822 106.96901320506517 2 5
558.91049152942469 574.88909593797507 2 8
752.47367720139175 522.96213512703378 1 6
372.21925227567158 719.52326505781753 1 7
592.9274205413252 966.47127420455229 2 5
923.53109437583976 783.91106758027058 2 8
56.489902198995814 927.0133434562448 1 6
120.51719775901113 195.61603449012728 1 7
112.47704514247668 932.20678325028848 4 4
889.36513510248506 197.42956086973768 4 9
811.99165079418322 376.10788228690279 2 5
750.22328097246952 890.85469000991429 2 8
253.03773738424596 386.63576655759084 1 6
60.71258283399699 823.4626249985572 1 7
308.39945858021906 531.34849987660755 2 5
733.52487487390408 55.34102456085067 2 8
611.29739946480083 313.32298068680814 1 6
17.514156888729893 936.14029368524029 1 7
721.09129587335894 661.57498538108189 2 5
714.71000190738835 437.90030760501452 2 8
346.55458883458056 905.81813595735537 1 6
281.87415672574809 228.54455661692904 1 7
66.80877959070429 930.78748776888017 4 4
753.15925762752408 430.15181940737142 4 9
239.02612780300606 192.28312577772877 2 5
119.96447502915699 937.2401205226804 2 8
379.66682485143832 573.08458573387861 1 6
982.14688689413538 890.22375255681311 1 7
866.4667635976067 425.10686204953544 4 4
558.28059307892261 86.745609748155971 4 9
236.72280473080926 812.40414005452794 2 5
862.78383797157323 22.601126159491535 2 8
995.76393202250017 807.75440072005051 1 6
32.200410491978204 595.27356142309463 1 7
710.29593292809398 517.04312073887013 2 5
232.25707817380106 493.69674750460496 2 8
311.58128367139796 617.7503500562259 1 6
419.3759449673941 348.16214283717608 1 7
195.30774534480625 388.27725853060673 4 4
627.90246916036847 247.53949679708651 4 9
558.55557436321976 158.60920225422518 2 5
497.43379847122117 339.6330148147012 2 8
167.38289678626555 745.31478201857476 1 6
442.82728733668421 692.43332667629534 1 7
579.03233671582063 983.31599902391406 2 5
540.35170927965623 57.988568965128579 2 8
826.32641354433372 627.61460508872574 1 6
324.26485775901028 149.14630278098289 1 7
226.73618709937944 981.77777777777771 4 4
412.77795454439291 412.67543075784431 4 9
431.32902781022437 748.55676850476095 2 5
298.76726178807957 599.90395884416705 2 8
9.4286062209130268 423.44304732213237 1 6
725.25401198782436 982.65912985693001 1 7
945.1111111111112 494.16091042594456 2 5
125.6690420563387 367.2789497137054 2 8
71.261375514465314 572.13302447827539 1 6
16.642880105802647 32.987839920648042 1 7
241.40890661665674 391.32903243308755 4 4
445.20643615613363 130.93595227836894 4 9
419.70889526927425 871.65548315514945 2 5
476.81058260849437 194.77130851841116 2 8
849.5926755104548 642.17516204218691 1 6
776.89322385334515 124.5284316709199 1 7
788.67109005427812 446.98716809347758 2 5
488.06532167543998 327.94842376794583 2 8
754.0333153479861 16 1 6
364.7934651648448 713.21282127290397 1 7
131.86582982859949 467.49494209532537 4 4
751.89844447107123 493.37140764305519 4 9
490.30047875434303 128.79850455714381 2 5
273.35775173931756 870.10164796581876 2 8
642.53685605907526 638.98143236665589 1 6
737.88604711628773 416.62364974541458 1 7
63.999999999999986 152.35438694890811 2 5
520.0292780529395 867.0293620897304 2 8
731.35602615573646 34.437410706915699 1 6
297.57603870274977 171.4432324551226 1 7
190.53150786066047 377.30576440127538 4 4
475.63735824702934 657.80157933764121 4 9
177.30077827619934 281.46104611583689 2 5
468.79706835391158 952.9823689078064 2 8
856.44876302557384 258.54420090900373 1 6
386.55722447159457 541.53626741627158 1 7
794.97737823037482 778.99997975389931 2 5
733.79137420062762 897.75750973579181 2 8
494.04898036923601 991.10716519393407 1 6
871.230857001608 383.98306869471787 1 7
304.67405387325874 161.70450951028243 4 4
635.74183607574196 245.94440232773786 4 9
219.7098585462717 625.48010174988292 2 5
224.90730252282594 752.83060146339324 2 8
326.45279740821383 637.84069548408854 1 6
101.78125182174509 396.65662815780473 1 7
856.93061120382879 890.70231391869788 2 5
662.59602907567705 871.89070029000845 2 8
763.84483815704039 639.0355938603584 1 6
590.53725868253559 968.28431758207739 1 7
415.27533715932918 383.18342618553817 4 4
131.20987654320987 90.335980604010757 4 9
274.18522145421616 73.940013214678871 2 5
726.81829670552156 888.87306919781474 2 8
144.80071510310853 255.75284330215536 1 6
881.48196211974891 85.896047391690018 1 7
487.37026595324232 258.72308832752861 2 5
436.96780709354158 348.73251100598418 2 8
8.9641016151377553 135.97046628357049 1 6
314.01753044353887 753.9208279322205 1 7
184.58840077646749 824.89276408615876 4 4
590.56767190961841 235.80623641817698 4 9
403.77915716091428 36.536548569885781 2 5
854.01300073206448 983.31599902391406 2 8
117.91177503046302 42.282734863587073 1 6
821.01110364735916 295.59564759086015 1 7
923.46712503517256 779.91157912254823 2 5
68.754669938412405 613.70718551756238 2 8
541.00709974267795 764.60979426955544 1 6
271.17345927286777 868.04522718664668 1 7
67.68309767778571 938.73956723796255 4 4
813.60632433298827 578.76007243453705 4 9
560.90797537399953 869.23637889004749 2 5
454.00882617069891 316.99489229490371 2 8
659.38684673515513 43.617799395207975 1 6
997.26794919243116 224.05382386916236 1 7
676.26450761975434 585.15208196491676 2 5
444.53347620128642 521.20990878783255 2 8
222.04014612012352 789.16136373592383 1 6
130.11058907247497 997.19232656461872 1 7
67.999913799174394 743.95451580072245 4 4
180.88881099121835 569.15537362470741 4 9
179.3476056358584 926.25253953965398 2 5
64.530039708195787 552.38495784812449 2 8
496.43528325968077 221.31702123575147 1 6
855.36000000000001 980.51999999999998 1 7
381.81506292244057 316.36346626927462 2 5
860.13368387280082 196.69731522445258 2 8
276.5253714780581 259.26780087710898 1 6
743.65713411028514 922.85582726584994 1 7
61.130559463309822 946.84791959748236 4 4
742.37916238414471 741.3685161955168 4 9
93.723650348263476 207.75280281925237 2 5
452.78177504357075 320.80203630733791 2 8
336.76570068507374 455.99097296157669 1 6
179.43774673385153 420.89483618957934 1 7
317.49217155895332 450.77138933819089 4 4
867.07588237822358 464.22203051593078 4 9
942.31680123029616 491.29877271262973 2 5
359.15925242491835 579.92060721350526 2 8
430.11810126160049 360.23904434828108 1 6
865.4332461993132 266.11363876696447 1 7
476.95287409371036 261.97511733164737 2 5
651.92543700743363 462.44533536462632 2 8
234.40173267318741 489.75486060225217 1 6
314.41138583449083 756.12027227022975 1 7
533.72819288612698 804.07435125844495 4 4
413.07939601967462 275.37437391274153 4 9
353.86337126900753 893.68203318730991 2 5
370.17687408155035 474.49641411818635 2 8
712.58695640831047 614.19554824153693 1 6
142.07397946904851 848.64205840956447 1 7
407.48391461733644 35.028313777459793 2 5
422.52125750260558 724.55733038225571 2 8
422.63692649309058 117.00596166400942 1 6
506.67279070624136 592.22227867832316 1 7
296.03204320398874 435.55951017924542 2 5
706.58607541752178 520.63998066648458 2 8
610.65591238668344 436.46672666622089 1 6
794.65375986484116 633.12302015592388 1 7
766.15642097360376 14 2 5
680 809.02423281899473 2 8
175.12728258823779 145.36978427404475 1 6
184.440230492659 664.3127741782846 1 7
526.3330072747907 781.24351254900637 4 4
95.197114453672299 533.96829514893614 4 9
473.0694193041781 193.35578842655897 2 5
419.99117728956998 713.23426531478583 2 8
632.56757672595415 379.79457084794058 1 6
615.07476610907918 717.41422636108166 1 7
868.81104761576751 558.602013020605 2 5
205.74276583112729 627.59317039775465 2 8
777.54210820521166 305.23058448340714 1 6
155.32384390040895 993.54269146037575 1 7
59.29743194990246 620.38377953622148 4 4
225.37815037125031 256.27771130255104 4 9
756.96641562209334 576.91061667850806 2 5
465.34252796464705 481.8104622653226 2 8
611.18831959341367 900.67290721148174 1 6
368.72814794284091 573.01666815214162 1 7
389.47110986591218 161.31526533600794 2 5
545.5339618003859 744.68502555922566 2 8
283.38740422879027 224.05522834480493 1 6
644.20472213876769 4.2962944848386693 1 7
845.2784671951124 449.62645691359086 2 5
309.22822565780541 582.28555270410186 2 8
881.30284138727222 415.07867694754748 1 6
936.4656170876824 478.74469943914067 1 7
465.73674208129347 184.18429719168958 4 4
692.04960224809452 435.01180401235302 4 9
917.964240043769 872.51211640949737 2 5
128.76083738971695 904.16455094415585 2 8
146.25483399593904 2.7320508075688772 1 6
359.74982493226446 448.0233594323692 1 7
602.27799664893644 247.79397172606403 8 3
746.09087093012306 439.84913395811202 8 10
725.33854144770305 995.50647629143953 4 4
983.52112431043349 436.53711469056145 4 9
418.78679308750412 277.22521661543965 2 5
553.61065679580236 701.80903708682877 2 8
963.40565168085493 626.39788817861415 1 6
217.59305746553818 150.91941757827601 1 7
984.40755322477401 507.52738883890117 2 5
461.54634620966368 171.12296856436328 2 8
18.09191407838096 934.22556220803347 1 6
47.044176444740572 871.10936851220026 1 7
769.42841206490675 19.029321455070644 4 4
781.78380295179807 649.37158267075529 4 9
