488 188 12 0
467.21539030917347 191 9 3
6 194 6 1
496 4 4 2
3 3 3 4
446.43078061834694 188 12 0
20.696938456699069 191 9 3
8.5033839725648992 182.26402672609106 6 1
432.57437415779594 196 4 2
31.089243302112333 197 3 4
418.71796769724494 188 12 0
484 9 9 3
401.74740494876778 194 6 1
38.017446532387844 196 4 2
497 10.928203230275509 3 4
384.77684220029062 188 12 0
494 171.02943725152286 6 1
496 17.856406460551018 4 2
32.859862204621287 191.26720759994939 3 4
360.77684220029062 188 12 0
42.153086348789593 183.67537086525553 9 3
401.74740494876778 182 6 1
496 25.856406460551018 4 2
372.77684220029062 197 3 4
488 154.05887450304573 12 0
472.5272470167003 173.80162279984819 9 3
11.48528137423857 6 6 1
460.90825872260575 179.63249846493434 4 2
44.945649762663351 197 3 4
336.77684220029062 188 12 0
455.56364687637728 167.78196580968404 9 3
53.430931136901918 194 6 1
489.07179676972447 21.856406460551018 4 2
348.77684220029062 197 3 4
372.77684220029062 167.21539030917347 12 0
393.70165375688993 168.9908511847797 9 3
468.05855160664822 159.48272754455076 6 1
322.92043573973962 196 4 2
3 9 3 4
463.21539030917347 12 12 0
68.127869593600991 191 9 3
6 17.485281374238568 6 1
56.817537281565926 184.5909140284019 4 2
484.52082444922075 173.40906659987581 3 4
28.45584412271571 12 12 0
310.92043573973962 191 9 3
477.74028666560184 22.631433856024024 6 1
409.09529140091109 175.21703864920281 4 2
489.66361706159324 28.831343646084115 3 4
52.45584412271571 12 12 0
9 32.18221983093764 9 3
82.824808050300064 194 6 1
496 33.856406460551014 4 2
40.45584412271571 3 3 4
290.13582604891309 188 12 0
491 133.2742648122192 9 3
6 46.879158287636713 6 1
449.35898384862247 4 4 2
14.134530459215551 21.336179218650237 3 4
488 47.712812921102028 12 0
491 115.2742648122192 9 3
69.426406871192853 6 6 1
276.27941958836209 196 4 2
18.743530984773408 25.17767816507823 3 4
435.50257738807147 12 12 0
26.911075593815369 33.969220410856821 9 3
40.45584412271571 25.416407864998739 6 1
15.409085971598092 43.492552142972706 4 2
497 59.712812921102028 3 4
99.795370798777199 188 12 0
491 97.274264812219201 9 3
80.321424077735159 182.26402672609106 6 1
496 66.641016151377542 4 2
77.911688245431421 3 3 4
12 63.849721036113849 12 0
491 78.641016151377542 9 3
266.4814606172294 194 6 1
488.02689692202432 65.985556535554352 4 2
274.17187822143927 189.32480192153753 3 4
89.911688245431421 12 12 0
9 84.634330726940377 9 3
69.426406871192853 18 6 1
113.65177725932821 196 4 2
423.50257738807147 3 3 4
12 105.4189404177669 12 0
251.78452216053034 191 9 3
106.88225099390856 6 6 1
416.57437415779594 4 4 2
120.57998048960373 197 3 4
12 129.41894041776692 12 0
120.57998048960373 185 9 3
118.88225099390856 6 6 1
127.50818371987924 196 4 2
3 117.4189404177669 3 4
230.99991246970382 188 12 0
404.57437415779594 9 9 3
130.88225099390854 6 6 1
417.22983377361913 11.973103077975658 4 2
134.43638695015474 197 3 4
12 153.41894041776692 12 0
20.304113571075053 173.00428693801675 9 3
389.87743570109689 6 6 1
4 167.27534687831795 4 2
3 141.41894041776692 3 4
147.85281374238568 12 12 0
144.82869179556801 191 9 3
214.02934972122668 194 6 1
380.0794767299642 4 4 2
3 174.20355010859345 3 4
197.05878697274954 188 12 0
168.63742343321221 9 9 3
214.02934972122668 182 6 1
372.0794767299642 4 4 2
28.435889585101119 181.82892397631528 3 4
165.61330148639453 188 12 0
186.63742343321221 9 9 3
362.28151775883151 6 6 1
183.20238051219852 196 4 2
31.691626619054784 176.78906521185149 3 4
207.42203312403873 12 12 0
36.870159030084892 165.96396465490926 9 3
224.39259587251587 6 6 1
352.48355878769883 4 4 2
132.6657680476458 191.26720759994939 3 4
241.363158620993 12 12 0
466.63894121239423 32.7190564267067 9 3
224.39259587251587 18 6 1
479.63615813857712 32.450072832886271 4 2
25.482645982105161 162.17918638107454 3 4
265.36315862099298 12 12 0
340.48355878769883 9 9 3
452.88259709954605 26.738839319535206 6 1
28.616748157991658 155.92000084690929 4 2
253.36315862099298 3 3 4
29.534447747395003 89.031654425453397 12 0
29.233687939614086 141.41894041776692 9 3
282.33372136947014 6 6 1
354.15248143607539 11.823982182605974 4 2
18.536602162519415 77.350566645517233 3 4
67.123606076262348 170.02402672609105 12 0
88.115705894711738 169.44805345218211 9 3
162.37771009881405 22.631433856024024 6 1
36.06056423037829 152.9891985198189 4 2
449.62529665639664 18.348964837574307 3 4
299.3042841179473 12 12 0
320.08889380877383 9 9 3
282.33372136947014 18 6 1
24.552345720150278 73.771344740015593 4 2
182.09826981400411 189.08762417354694 3 4
348.77684220029062 167.21539030917347 12 0
177.2166063342286 24.823957177359524 9 3
192.89713676761036 22.631433856024024 6 1
182.19100048850933 182.08823841321012 4 2
253.36315862099298 21.000000000000021 3 4
247.38719846201732 170.46555225260499 12 0
267.93828078348929 179.07091178259105 9 3
61.883934538536344 27.333333333333336 6 1
51.905553548936012 27.990534083776229 4 2
382.18701809688702 10.675198078462468 3 4
306.52311204122657 170.46555225260499 12 0
285.73850235040004 167.46555225260499 9 3
371.25604821804706 13.966040612287406 6 1
318.83353896383477 180.68579632909962 4 2
454.96437676872904 35.494762652284088 3 4
186.1979212913358 166.59809362112128 12 0
456.5927095476444 149.81140571772795 9 3
324.41977131884391 172.39158099093478 6 1
361.45808924691437 15.966040612287401 4 2
199.65406902412218 173.2262221800305 3 4
414.17241251008892 27.67826704456045 12 0
473.80162279984819 138.58612151974606 9 3
478.85957359490618 124.46460836588142 6 1
206.4193142254347 175.02384765996723 4 2
468.57308294228181 150.49744749857271 3 4
258.64315862099301 35.040000000000013 12 0
108.95280335472873 20.856406460551014 9 3
124.88225099390854 16.392304845413268 6 1
203.68716587919135 167.50484736643619 4 2
270.64315862099301 26.039999999999992 3 4
389.87743570109689 24 12 0
216.67885220579251 167.039996432045 9 3
321.65332079638068 160.71481981727183 6 1
231.46159077978325 172.00666222647686 4 2
273.21042385060076 31.463020306143697 3 4
437.13554463884213 157.71195846495226 12 0
203.76083105632313 154.50505608189326 9 3
231.4985755954215 162.00673062054014 6 1
330.82105350672094 164.70890005579449 4 2
333.34551436344128 171.23784310830206 3 4
149.22601549408103 170.46555225260499 12 0
333.92156518063791 152.08405045827828 9 3
167.22171276801109 170.07200476491673 6 1
136.91558857147285 180.68579632909962 4 2
174.22831138993953 175.72068388053219 3 4
80.292534193665773 149.95964703872815 12 0
221.07541840921184 149.58519177490399 9 3
131.32935621646365 172.39158099093481 6 1
27.972441675640141 128.48026746179451 4 2
276.62326458615621 26.528193245979036 3 4
35.9651947811019 62.557653273244462 12 0
241.05327834777924 150.44352797965871 9 3
417.64601239009613 170.03194746725524 6 1
426.75256205706205 174.16362426524938 4 2
444.01480846094711 171.04146442976122 3 4
56.331807614531307 148.58721059212704 12 0
54.942835427420782 40.630744477224113 9 3
25.416407864998732 117.41894041776692 6 1
408.02975046520669 167.28831728227749 4 2
42.620663682328434 155.43155295366412 3 4
440.63494552485776 39.929556923404796 12 0
413.66060259023948 155.5710861952837 9 3
23.260309553222946 49.806735998537398 6 1
52.274959446815856 164.06435448058733 4 2
46.352252198361832 32.252088273237035 3 4
232.24106189567942 34.198814187564693 12 0
290.06112797978273 30.856406460551014 9 3
275.93452765880232 40.040855606622578 6 1
27.993337773523141 104.95726210768746 4 2
403.49832578724619 161.95294565623584 3 4
461.04222462506704 121.90686019865058 12 0
475.4115427318801 106.2742648122192 9 3
398.71193119153207 154.33123805399086 6 1
457.53981187556292 42.003766724374351 4 2
461.92339015328878 136.88095607492551 3 4
472.32173295543953 69.042977799084582 12 0
443.32671228591391 137.64533335842646 9 3
386.65300597866008 155.75013502218277 6 1
51.245826356035359 171.99788364997093 4 2
245.12666557867297 26.520193365774936 3 4
207.23213240308351 133.79394633470733 12 0
188.99658755003389 144.20859486033774 9 3
477.99978302481588 86.123953983414779 6 1
42.230714719297481 37.910085163362361 4 2
443.99656655553622 25.31109243338053 3 4
314.45002856035507 144.21898455613962 12 0
425.51210205898786 140.22208760800109 9 3
295.59746591909186 156.16064900882586 6 1
43.044716407599296 45.868564996310468 4 2
36.922967317000897 42.473835541441105 3 4
94.040386808917106 35.642204807755796 12 0
72.705941485559137 37.720063600293699 9 3
465.76338457472241 47.693481309627202 6 1
218.46806651424896 26.056050638062892 4 2
473.2663089080861 42.722955537858297 3 4
366.20972248103675 31.244194349188447 12 0
132.73953688311838 157.45801509101014 9 3
331.08943422671655 137.3538422364017 6 1
81.550805132744685 25.641687343433354 4 2
455.98427383000904 136.02837335251525 3 4
205.07661805181903 35.885121480515963 12 0
117.38798353919928 166.85640909896736 9 3
255.52000078056651 154.40760946881724 6 1
432.44674436115457 179.78290250073118 4 2
304.57948394070405 155.59200829674634 3 4
66.892515494155404 57.899361859709749 12 0
100.33439846989019 156.23050633657556 9 3
263.8057604736195 163.08782757143302 6 1
354.65553902820284 20.176184377280237 4 2
438.24038925323202 172.67121373979978 3 4
150.65894572397531 146.50836729785175 12 0
116.92451224549242 148.86237691160287 9 3
130.56245001724358 142.61684624288921 6 1
48.364514647786166 51.843491496586822 4 2
32.090506984195002 48.066732168066203 3 4
185.555433577066 123.49245479191941 12 0
171.68917908405916 139.26353548840839 9 3
69.079386201448131 135.87897546011993 6 1
79.883292916599757 48.559142271257343 4 2
158.92642496706063 159.02430861143873 3 4
99.262460918401715 135.25788251680257 12 0
120.74811799918814 131.27317456924791 9 3
166.74998241972995 154.57549429919973 6 1
455.99958749615547 49.854098491954559 4 2
190.7702417685378 31.376507764397818 3 4
360.77684220029062 146.43078061834694 12 0
184.94720458663588 41.868992597752957 9 3
135.73918122797585 131.79088420841717 6 1
460.70819324703086 56.321635262845248 4 2
346.98261356623067 152.32308546376021 3 4
271.93856279216868 147.02988478764527 12 0
448.35401390511248 60.368146449993652 9 3
342.79608320064506 139.99095615150267 6 1
101.11347343755092 169.20714080760712 4 2
286.62188547734883 155.49811166361428 3 4
431.70326970605964 120.15546250147528 12 0
314.777037101247 26.198377200151821 9 3
80.42145318362499 131.96010871425915 6 1
177.76572949356208 150.75594755554076 4 2
272.7407966991446 162.00841678375551 3 4
163.36117476982992 40.60454703212303 12 0
132.03868477751777 117.25450480981357 9 3
328.89855025511162 21.140426405093798 6 1
375.94199359020229 151.53158284163104 4 2
445.57694131727209 125.8582018453554 3 4
43.825475420963222 126.31663138573005 12 0
345.30836660310302 29.211136931414327 9 3
253.79716215968133 142.53192729530036 6 1
288.78451753718537 148.8405578655765 4 2
301.37483647876746 26.856406460551014 3 4
403.75737007348056 137.05282532340351 12 0
380.55723985711592 139.37841445245203 9 3
37.993269379459861 104.92027729204922 6 1
153.38822184582699 27.011970461213821 4 2
41.229185044869425 141.09023203970071 3 4
460.39367796367748 89.868959267277162 12 0
148.65796644450705 124.16822138436841 9 3
328.08821682662943 33.113035132296247 6 1
457.17431083061228 74.196190677696706 4 2
39.888883165963662 146.93861565172563 3 4
367.08032487473838 123.273360507874 12 0
388.07885940760883 123.02527287850231 9 3
447.62914136935899 77.177757372566631 6 1
418.53946479599222 129.25019945697238 4 2
392.93011970039208 147.43408966636559 3 4
241.4365253766654 129.44702537291846 12 0
268.96945131464685 53.325723371116368 9 3
167.6052123612686 124.83019852819231 6 1
353.71712110115493 132.07249597141163 4 2
232.81285382576863 141.72026003140411 3 4
350.6530777117066 49.519609625478978 12 0
286.73777933635279 50.447091871070093 9 3
259.27472987943526 131.85502456672265 6 1
160.80200785652065 132.15934639588997 4 2
339.36818410772429 39.637748649589902 3 4
69.20830519140732 117.87943713565095 12 0
196.97580429760896 55.259765129357632 9 3
413.70648446880335 120.49564057847911 6 1
222.96178373116331 136.72278041963554 4 2
60.255074165689628 134.10936615420871 3 4
176.84639083242581 61.243636246594626 12 0
371.55443358964033 51.552667043253102 9 3
86.779898835927327 121.78316571123916 6 1
302.7414285139439 33.721712441306153 4 2
221.70088431726955 129.83727879171892 3 4
117.64652739142205 39.972346468142078 12 0
141.3730023050538 31.975285823652769 9 3
333.00086226508364 45.998347092522096 6 1
298.66270284474876 40.603863043803081 4 2
120.14604565088975 25.182065589450573 3 4
362.39616306865724 70.450446835188757 12 0
317.72301488866373 43.955663447662936 9 3
381.66454043872147 40.471794356494051 6 1
296.331840500662 146.18765076487014 4 2
305.64393383921544 40.091599633146387 3 4
52.84364066414858 94.748430227386251 12 0
194.21544717701892 73.046851134850712 9 3
44.384819032083726 78.859807360790427 6 1
303.70231969893871 46.816934905850452 4 2
136.02937305756484 21.230723177114733 3 4
436.4348053675069 91.27338937250326 12 0
416.42819443823254 105.74463061840147 9 3
56.251182037151963 77.073910098362376 6 1
46.84132121450731 109.57988872695594 4 2
49.31965361471287 71.333360148321091 3 4
343.31659905862341 119.91399519036069 12 0
322.71083471734141 124.91201478777108 9 3
289.5188921187555 138.86755962162079 6 1
54.771860116812455 110.63181682289442 4 2
54.46815486184537 68.252299469224511 3 4
280.88795935365096 70.615869874954768 12 0
203.79097843011562 113.077806266289 9 3
449.19934196182538 103.96459126721381 6 1
126.92279448816952 26.935825891324029 4 2
298.49447256049854 139.53009696683236 3 4
248.2369034915192 56.66660061545273 12 0
299.37785568744732 127.56265637784166 9 3
403.76181250396417 113.77972667851424 6 1
459.02749166996728 105.81052553320218 4 2
245.33005582546133 41.950954634173691 3 4
102.09344442028973 58.250793067705011 12 0
281.42669480396125 126.23758168741848 9 3
263.21898630633319 67.179681368315599 6 1
82.781260103293775 56.015802796240678 4 2
311.61789760643376 129.48877633426304 3 4
331.46276069679078 63.932511237126526 12 0
382.82527956874526 65.587196993176434 9 3
219.91091529955997 121.01707409366118 6 1
384.50405440795214 52.696048284110752 4 2
86.686683199913503 50.206528277302091 3 4
147.63602276849593 103.19310204923563 12 0
169.50465271041054 109.95094698921861 9 3
436.28185161582269 73.27403924118336 6 1
209.35854374408387 51.301512509739446 4 2
310.7887995891565 123.54633605456759 3 4
73.437645652678583 82.424187510999928 12 0
189.02673492382638 102.7813450447335 9 3
82.959537068472642 66.014213536137618 6 1
68.575123379206474 97.667411485605413 4 2
428.42605126307006 105.51784523373225 3 4
125.69958500279468 62.580934728091293 12 0
380.17298419925817 106.85439976694812 9 3
218.67787051306766 47.675199151395731 6 1
392.55349048038227 110.81963169245351 4 2
346.46275730861652 63.922429311896181 3 4
111.6164259865072 112.36253732494706 12 0
396.00251748252998 98.285509755179419 9 3
78.358291243632792 99.73855284641499 6 1
345.86744502742192 70.897069323241496 4 2
161.14697014825231 118.56193660657365 3 4
214.34486064220206 67.062980017613711 12 0
380.66687440846761 88.861176807699067 9 3
127.05441892211596 103.10681616881374 6 1
131.64250653545506 47.725575975888717 4 2
440.37740076158326 105.74598214500287 3 4
261.76729394076909 85.121046680792873 12 0
396.49640769173942 80.29228679593038 9 3
85.328747312887444 109.87123223017997 6 1
93.995612061780179 114.85976462201631 4 2
384.8031157196026 77.596563728855216 3 4
206.8113208284951 89.849945104594738 12 0
143.88927101623094 52.086396971114986 9 3
189.01980479879705 87.118286750225039 6 1
94.87986770890717 106.90878405666942 4 2
376.4317594633381 75.742141634175425 3 4
309.48089883156979 108.60346499147185 12 0
91.675303742440377 92.835134989541288 9 3
327.36395152384722 110.65198309127709 6 1
182.80806380011279 79.281560790663548 4 2
255.35680042142758 71.559867792566365 3 4
259.68579599562122 113.85971893863942 12 0
174.13384646262773 88.964429868683439 9 3
408.24494455996739 89.618158415027864 6 1
268.2233287623165 127.39155304409626 4 2
176.1455510226985 77.134254689803356 3 4
327.41277932439556 92.652049317901884 12 0
421.61093606662632 76.398817145026896 9 3
90.84882629408574 77.857921128900813 6 1
420.55017208838331 89.355467166635961 4 2
408.49188966457211 80.621546935403344 3 4
237.06215733748505 105.84904019922624 12 0
105.4583652858399 81.258122659459687 9 3
291.28565837265307 114.93267844363938 6 1
104.60027907910512 94.229772055809079 4 2
101.08446821645697 100.28279394393118 3 4
400.43781264793427 54.150472001533387 12 0
429.1742084743579 60.064898127031057 9 3
279.84189805646855 111.32153598927393 6 1
407.6823645969942 73.66851384437301 4 2
230.40009691694064 119.28842080076498 3 4
361.45340697104223 97.337182295603967 12 0
289.70086162516037 100.01663274549482 9 3
114.54625354360815 93.191700790695862 6 1
251.90635396277307 99.878292628796942 4 2
401.97484656498517 69.615831039823405 3 4
304.63250787834579 85.098293110273119 12 0
300.20828043199208 62.386338088163541 9 3
120.38797331681181 82.709606052936564 6 1
416.88003102808239 64.290202958577652 4 2
369.43494671933121 84.636984531534182 3 4
147.42126233261575 72.787243266399202 12 0
226.94073429367825 83.866073987357737 9 3
274.70787442424682 100.47525545888985 6 1
416.73388075221987 56.291538063930211 4 2
334.86080204228745 105.67230114318416 3 4
279.43626698808686 88.557235187432042 6 1
124.45517658871618 91.845133270618661 4 2
356.4582239607484 112.68228066807424 3 4
340.63612238133015 79.419584408149674 6 1
221.68181835894444 95.754883986319072 4 2
394.58780581462838 67.96269195526547 3 4
132.08646580155778 85.382670508639478 6 1
169.1477541519391 76.958644452089843 4 2
132.62396703579478 40.79472211173367 3 4
246.98177505497463 74.85515990575901 6 1
288.62815418926044 84.619061793471204 4 2
127.73150801698235 77.506482173247434 3 4
243.81493200424472 86.42974867132834 6 1
163.06212125581638 82.151434863191483 4 2
112.27271158889735 69.26816661633751 3 4
217.08032476066754 104.63329919766262 6 1
319.35353699967004 78.830015706621936 4 2
131.00408176858616 94.317347044763665 3 4
421.21405079889945 47.351287712131601 6 1
161.16933104156305 89.924294388798955 4 2
115.96771040886861 73.995426258076165 3 4
314.53543688650461 70.067258646226193 6 1
164.18617980333423 97.333654924540198 4 2
238.92796170675507 78.872135204667458 3 4
157.67673964925277 57.994502309837308 6 1
237.38494411423954 72.044317346142847 4 2
162.37614897551333 75.185127230689474 3 4
339.36783595197335 101.71166415692281 3 4
343.10189454561089 95.79078530161074 4 2
160.97792578027062 66.36720618184755 3 4
346.21644558762762 103.15960961805855 4 2
228.51939914220387 71.970368153064868 3 4
229.30873156646669 66.022515235918434 3 4
229.28439636565994 57.022548136089583 6 1
341.93310463261867 88.889051451389648 3 4
234.96015731450501 64.007226915501363 3 4
347.70740266701955 90.519230033605041 3 4
