744 744 256 0
562.98066401624385 968 32 1
498.98066401624385 968 32 12
530.98066401624385 932.22291236000342 16 2
608.23549801218292 984 16 11
530.98066401624385 992 8 3
630.86291501015239 992 8 10
627.90343907673775 980.37066200510367 4 4
635.87059706807577 981.09481222505758 4 9
522.98066401624385 998 2 5
514.98066401624385 998 2 8
512.15223689149764 999 1 6
632.15857440488946 977.74505286832891 1 7
256 256 256 0
968 968 32 1
32 968 32 12
922.74516600406093 984 16 2
890.74516600406093 984 16 11
646.86291501015239 992 8 3
554.74350893240523 928.85732155147286 8 10
4 996 4 4
592.23549801218292 996 4 9
518.98066401624385 998 2 5
521.26915386317205 994.38465312923756 2 8
630.78913915478336 976.28743594479693 1 6
628.95799189218985 975.48313519091414 1 7
437.01933598375615 32 32 1
968 32 32 12
984 872 16 2
984 922.74516600406093 16 11
868.11774900609146 992 8 3
852.11774900609146 992 8 10
996 996 4 4
658.17662350913713 996 4 9
538.98066401624385 998 2 5
586.57864376269049 998 2 8
600.23549801218292 999 1 6
633.76836840756016 976.55822378671462 1 7
904 32 32 1
32 32 32 12
391.76450198781708 16 16 2
952 922.74516600406093 16 11
992 894.62741699796948 8 3
836.11774900609146 992 8 10
996 4 4 4
906.74516600406093 996 4 9
542.98066401624385 998 2 5
622.86291501015239 998 2 8
596.23549801218292 999 1 6
654.17662350913713 999 1 7
16 77.254833995939038 16 2
922.74516600406093 952 16 11
936 8 8 3
992 849.37258300203052 8 10
4 4 4 4
996 905.94112549695421 4 9
546.98066401624385 998 2 5
638.86291501015239 998 2 8
910.74516600406093 999 1 6
598.23549801218292 999 1 7
77.254833995939038 16 16 2
16 109.25483399593904 16 11
369.13708498984755 8 8 3
968 904.85662218406264 8 10
996 838.05887450304579 4 4
938.74516600406093 996 4 9
582.57864376269049 998 2 5
998 883.31370849898474 2 8
898.74516600406093 999 1 6
999 909.94112549695421 1 7
47.999999999999993 77.254833995939038 16 2
109.25483399593904 16 16 11
353.13708498984755 8 8 3
965.62964412129065 887.44441727258004 8 10
824.80404050710672 996 4 4
407.76450198781708 4 4 9
928 2 2 5
944.40202025355336 998 2 8
999 914.74516600406093 1 6
574.29437251522859 999 1 7
32 437.01933598375615 32 1
434.98066401624385 968 32 12
77.254833995939038 48.000000000000007 16 2
16 391.76450198781708 16 11
8 131.88225099390857 8 3
131.88225099390857 8 8 10
666.17662350913713 996 4 4
996 830.05887450304579 4 9
844.11774900609146 998 2 5
924 2 2 8
999 880 1 6
930.74516600406093 999 1 7
8 147.88225099390857 8 3
147.88225099390857 8 8 10
674.17662350913713 996 4 4
816.80404050710672 996 4 9
876.11774900609146 998 2 5
413.42135623730945 2 2 8
999 888.97056274847705 1 6
900.74516600406093 999 1 7
8 163.88225099390857 8 3
466.98066401624385 992 8 10
93.254833995939038 4 4 4
341.82337649086281 4 4 9
944 2 2 5
2 123.88225099390857 2 8
912.74516600406093 999 1 6
828.80404050710672 999 1 7
936 87.42562584220407 32 1
370.98066401624385 968 32 12
982.98386676965936 77.601356741100346 16 2
978.71794731115006 109.31573725173797 16 11
8 369.13708498984755 8 3
163.88225099390857 8 8 10
996 938.74516600406093 4 4
808.80404050710672 996 4 9
679.83347775862956 998 2 5
120.5685424949238 2 2 8
882.74516600406093 999 1 6
85.254833995939038 1 1 7
4 414.39191898578662 4 4
175.19595949289334 4 4 9
2 139.88225099390857 2 5
139.88225099390857 2 2 8
579.75021663794428 999 1 6
662.17662350913713 999 1 7
306.98066401624385 968 32 1
840 32 32 12
482.27416997969522 16 16 2
794.74516600406093 16 16 11
338.98066401624385 992 8 3
402.98066401624385 992 8 10
4 175.19595949289334 4 4
996 822.05887450304579 4 9
2 421.01933598375615 2 5
474.98066401624385 998 2 8
914.74516600406093 999 1 6
87.254833995939038 1 1 7
749.49033200812187 32 32 1
242.98066401624385 968 32 12
794.74516600406093 48 16 2
197.72583002030481 984 16 11
872 8 8 3
8 353.13708498984755 8 10
772.11774900609134 4 4 4
4 61.254833995939038 4 9
803.14718625761429 998 2 5
361.13708498984755 2 2 8
999 886.97056274847705 1 6
670.17662350913713 999 1 7
968 562.98066401624385 32 1
32 501.01933598375615 32 12
67.777087639996637 469.01933598375615 16 2
984 608.23549801218292 16 11
274.98066401624385 992 8 3
8 469.01933598375615 8 10
459.64675298172568 4 4 4
4 93.254833995939038 4 9
864 2 2 5
765.49033200812187 2 2 8
999 826.05887450304579 1 6
345.82337649086281 1 1 7
96 968 32 1
32 565.01933598375615 32 12
141.25483399593904 984 16 2
16 610.27416997969522 16 11
992 630.86291501015239 8 3
8 533.01933598375615 8 10
817.37258300203052 4 4 4
220.35324701827432 996 4 9
458.98066401624385 998 2 5
465.30360723121805 2 2 8
1 169.53910524340094 1 6
999 842.05887450304579 1 7
32 655.52900397563428 32 1
685.49033200812187 32 32 12
48 610.27416997969522 16 2
984 517.72583002030478 16 11
64 992 8 3
717.49033200812187 8 8 10
333.82337649086281 4 4 4
183.19595949289334 4 4 9
290.98066401624385 998 2 5
777.77460325558377 2 2 8
576.29437251522859 999 1 6
934.74516600406093 999 1 7
122.89450626287518 991.93084897942754 4 4
4 626.27416997969522 4 9
155.88225099390857 2 2 5
811.7157287525381 2 2 8
902.74516600406093 999 1 6
999 834.05887450304579 1 7
32 904 32 1
968 472.47099602436572 32 12
952 517.72583002030478 16 2
925.23757704823686 541.17756370242364 16 11
992 646.86291501015239 8 3
175.09841302233528 992 8 10
4 587.64675298172563 4 4
996 495.09841302233525 4 9
2 155.88225099390857 2 5
258.98066401624385 998 2 8
89.254833995939038 1 1 6
1 117.25483399593904 1 7
32 840 32 1
968 408.47099602436572 32 12
169.66210654655487 968.62380330546932 16 2
197.01014523447972 952.0080041996855 16 11
8 936 8 3
71.142678448527136 445.25649106759482 8 10
4 183.19595949289334 4 4
996 592.23549801218292 4 9
266.98066401624385 998 2 5
998 489.44155877284288 2 8
999 930.74516600406093 1 6
295.66695551725911 999 1 7
32 776 32 1
968 344.47099602436572 32 12
141.25483399593904 952 16 2
927.11111111111109 497.61257046655408 16 11
8 872 8 3
56 936 8 10
4 341.82337649086281 4 4
61.254833995939038 4 4 9
2 485.01933598375615 2 5
394.98066401624385 998 2 8
880.74516600406093 999 1 6
812.80404050710672 999 1 7
91.196837833505839 631.2034127081314 32 1
527.52900397563428 32 32 12
16 730.74516600406093 16 2
76.117285820282575 922.91203563478803 16 11
992 440.47099602436572 8 3
8 808 8 10
163.78470452335051 996 4 4
996 814.05887450304579 4 9
386.98066401624385 998 2 5
824 2 2 8
999 911.94112549695421 1 6
1 119.25483399593904 1 7
466.98066401624385 912.57437415779589 32 1
591.52900397563428 32 32 12
482.27416997969522 48 16 2
121.14157444218836 927.11111111111109 16 11
992 376.47099602436572 8 3
8 708.11774900609146 8 10
325.82337649086281 4 4 4
4 191.19595949289334 4 9
2 593.30360723121805 2 5
948 2 2 8
1 97.254833995939038 1 6
999 596.23549801218292 1 7
559.52900397563428 87.42562584220407 32 1
968 280.47099602436572 32 12
640.2354980121828 16 16 2
640.2354980121828 47.999999999999993 16 11
8 687.52900397563428 8 3
503.76527370707038 928.287187078898 8 10
191.19595949289334 4 4 4
4 333.82337649086281 4 9
781.77460325558377 2 2 5
2 541.01933598375615 2 8
337.82337649086281 1 1 6
932.74516600406093 999 1 7
462.16091042594451 72.888888888888886 16 2
900.16319324868493 521.29603264788057 16 11
992 312.47099602436572 8 3
559.52900397563428 8 8 10
4 325.82337649086281 4 4
996 540.35324701827437 4 9
998 500.75526727182762 2 5
417.42135623730945 2 2 8
65.254833995939038 1 1 6
171.19595949289334 1 1 7
4 746.74516600406093 4 4
614.15642097360376 4 4 9
2 928 2 5
2 716.11774900609146 2 8
1 622.27416997969522 1 6
425.70562748477141 1 1 7
82.66499891648732 694.63217372940665 32 1
968 216.47099602436572 32 12
512.54513720597492 77.601356741100361 16 2
516.81105666448423 109.31573725173799 16 11
174.04761181526408 945.02788536320384 8 3
506.98064478468592 912.61359818441588 8 10
622.15642097360376 4 4 4
498.27416997969522 4 4 9
390.98066401624385 998 2 5
482.98066401624385 998 2 8
1 65.254833995939038 1 6
1 718.94617613083767 1 7
536.06476863355419 114.72818359439054 4 4
656.2354980121828 4 4 9
322.98066401624385 998 2 5
2 581.9898987322332 2 8
126.22539674441619 1 1 6
1 720.94617613083767 1 7
402.98066401624385 912.57437415779589 32 1
661.16474074061898 91.196837833505825 32 12
984 171.21616202842668 16 2
152.75261426880974 922.13696182909734 16 11
992 248.47099602436572 8 3
486.13085206281852 71.688098347265353 8 10
996 658.17662350913713 4 4
996 54.627416997969519 4 9
608.49956672411133 2 2 5
998 456.47099602436572 2 8
1 738.74516600406093 1 6
652.2354980121828 1 1 7
274.98066401624385 912.57437415779589 32 1
912.57437415779589 376.47099602436572 32 12
508.60412607445426 888.66857138339162 16 2
606.51287074529364 77.601356741100346 16 11
992 148.58874503045715 8 3
24 708.11774900609146 8 10
996 193.84357902639618 4 4
996 666.17662350913713 4 9
998 448.47099602436572 2 5
860 2 2 8
382.29437251522859 999 1 6
1 187.19595949289334 1 7
87.42562584220407 872 32 1
141.86183674999316 670.30658246190376 32 12
484.32872983797245 867.81898775297338 16 2
484.66088044885879 95.643039037113709 16 11
992 132.58874503045715 8 3
36.444444444444457 718.17437878296676 8 10
996 674.17662350913713 4 4
163.86991466386613 987.7667005050605 4 9
196.85281374238571 2 2 5
998 638.86291501015239 2 8
786.74516600406093 1 1 6
826.82842712474621 1 1 7
150.39367566701165 606.87782144062851 32 1
912.57437415779589 312.47099602436572 32 12
706.41957473655805 75.196837833505839 16 2
969.37258300203052 140.58874503045715 16 11
508.12169953125886 864.67342052680351 8 3
38.931519085451278 702.36885886965604 8 10
980.37066200510367 891.66794106455484 4 4
401.05990614116047 33.708626757205273 4 9
55.597979746446654 2 2 5
998 546.0101012677668 2 8
999 459.29942314911193 1 6
329.82337649086281 1 1 7
87.42562584220407 533.01933598375615 32 1
133.32999783297464 733.73534348317901 32 12
602.24695128678434 109.31573725173797 16 2
132.63935471505903 897.24807294020843 16 11
39.802469135802468 733.81802510255068 8 3
522.39181025058815 908.31290301007687 8 10
996 121.27503653147238 4 4
983.0557280900008 638.86291501015239 4 9
860.11774900609146 998 2 5
380.45079348883235 2 2 8
97.254833995939038 1 1 6
179.19595949289334 1 1 7
86.138161948443809 742.50635402059754 16 2
77.601356741100361 580.00320275341551 16 11
71.142678448527136 492.78218089991748 8 3
51.671251910702019 723.08806725350735 8 10
937.71714314291432 51.466601669866705 4 4
948.5333983301332 314.18813916728004 4 9
2 477.01933598375615 2 5
998 392.47099602436572 2 8
999 598.23549801218292 1 6
1 742.74516600406093 1 7
87.42562584220407 808 32 1
872 87.42562584220407 32 12
952 171.21616202842668 16 2
227.99679724658452 922.3986432588996 16 11
110.1965187374214 905.75213745553606 8 3
500.85726011825932 850.41761749734007 8 10
16 699.17347709609226 4 4
105.99485644564542 667.21470215252373 4 9
998 452.47099602436572 2 5
152.5685424949238 998 2 8
1 329.82337649086281 1 6
999 662.17662350913713 1 7
2 196.85281374238571 2 5
2 598.96046148071048 2 8
1 579.16147160748699 1 6
999 652.51976925964482 1 7
434.98066401624385 857.14874831559177 32 1
912.57437415779589 440.47099602436572 32 12
109.31573725173799 575.73728329490621 16 2
131.30117935813831 552.48560947588578 16 11
102.89346262379172 759.68948235273444 8 3
55.02927660206003 738.73171357309127 8 10
276.69780715915817 948.5333983301332 4 4
46.523536001420176 711.66193581691323 4 9
2 920 2 5
112 998 2 8
374.79393923933992 1 1 6
620.03448788540618 999 1 7
544.68603048924422 149.68063478190564 32 1
717.29218768811882 121.94923122256724 32 12
872.92738116887438 504.49690944596193 16 2
481.72713595678789 835.92491762579482 16 11
71.712812921102042 771.21539030917347 8 3
183.53767645310236 932.14616679891083 8 10
956.11857754191931 903.17382677979742 4 4
95.058266793360161 589.76313571564992 4 9
56 998 2 5
998 304.47099602436572 2 8
117.74011537017762 1 1 6
648.2354980121828 1 1 7
837.85778363901318 471.7230886572051 32 1
201.058674583499 645.98099119440087 32 12
738.22143041655499 78.752393389061439 16 2
133.78637545745676 520.58225854925217 16 11
85.330652740410997 485.3861423999607 8 3
199.01550499377501 928.09193152385092 8 10
932.12751550810935 559.9533126360659 4 4
104.35703848293529 916.23547997390619 4 9
2 525.01933598375615 2 5
326.98066401624385 998 2 8
1 337.82337649086281 1 6
999 670.17662350913713 1 7
177.66192897339101 540.0485320413818 32 1
857.14874831559177 344.47099602436572 32 12
774.63190645031023 72.888888888888886 16 2
185.54303621239757 908.23009412307624 16 11
575.45314558482733 124.11924536945114 8 3
115.50028895152576 769.54178817129048 8 10
951.50757749752938 376.47099602436572 4 4
23.399604729188248 696.13277818765448 4 9
503.93102422918759 2 2 5
2 481.01933598375615 2 8
256.15223689149764 999 1 6
616.23549801218292 999 1 7
115.6667939499962 494.20649759350925 16 2
136.22317231808938 781.64807186926328 16 11
876.81120503803049 480.81324604366341 8 3
750.36639269921307 99.452632304417278 8 10
67.959024172337365 841.71714314291432 4 4
466.34967702485676 876.57990436844216 4 9
129.94112549695427 998 2 5
920 2 2 8
784.74516600406093 1 1 6
101.25483399593904 1 1 7
370.98066401624385 857.14874831559177 32 1
775.40898083645266 457.71783862277528 32 12
197.58551155154251 598.10681090320998 16 2
591.98654403046112 141.51599034769097 16 11
139.471083317558 497.2652240777482 8 3
91.717042543221808 470.71596771502414 8 10
70.585700787947928 660.71918865404257 4 4
464.87808913181732 92.703452721594147 4 9
543.52900397563428 2 2 5
998 384.47099602436572 2 8
999 548.83852839251301 1 6
420.24978336205567 1 1 7
338.98066401624385 912.57437415779589 32 1
245.5491614431748 599.97450709716725 32 12
806.24294627693155 77.863038170902612 16 2
786.12968672318084 102.7519270597915 16 11
890.83424772942237 488.51741852845373 8 3
88.369789970912009 766.40237537080009 8 10
67.127845842294334 604.43246531124237 4 4
905.71714314291432 67.959024172337365 4 9
998 857.37258300203052 2 5
998 156.58874503045715 2 8
820.80404050710672 999 1 6
650.2354980121828 1 1 7
677.69631669347086 127.620827133349 8 3
154.06693210130391 507.74874686243362 8 10
932.01308322289901 517.00253357676274 4 4
80.086950358526309 453.25649106759482 4 9
998 529.03953851928952 2 5
880 2 2 8
123.39696961966999 1 1 6
1 576.33304448274089 1 7
857.14874831559177 280.47099602436572 32 1
818.76228455390208 410.63821397704783 32 12
817.74072654980216 107.72607634180522 16 2
862.45751714192943 430.50594281247811 16 11
211.6852231059259 578.68522152223534 8 3
156.60929635193307 898.44886348183195 8 10
116.22358257280447 781.51997026781157 4 4
99.06550735349596 910.23550511511098 4 9
507.93102422918759 2 2 5
701.49033200812187 2 2 8
490.27416997969522 1 1 6
1 67.254833995939038 1 7
171.59154453998818 933.28191867078897 4 4
118.53197922083505 697.72405403878668 4 9
2 792 2 5
2 55.597979746446654 2 8
551.66695551725911 999 1 6
618.15642097360376 1 1 7
992.74379973189377 95.058266793360147 4 4
465.30863459271814 100.6918587331898 4 9
282.98066401624385 998 2 5
998 534.69639276878195 2 8
1 69.254833995939038 1 6
187.19595949289334 1 1 7
96.724724601145098 481.62115548996655 4 4
959.03249974568701 597.84588937316494 4 9
998 232.47099602436572 2 5
330.98066401624385 998 2 8
1 596.13203435596427 1 6
1 85.254833995939038 1 7
912.57437415779589 248.47099602436572 32 1
794.90069726059926 149.94376294432237 32 12
865.23511504353075 398.62671838814464 16 2
223.07581959332936 557.56048929526617 16 11
877.2575308906554 464.81947246663418 8 3
180.83021087619457 580.92368257107307 8 10
51.466601669866705 809.71714314291432 4 4
494.90763461302572 63.50469513916309 4 9
418.98066401624385 998 2 5
2 549.01933598375615 2 8
999 600.23549801218292 1 6
999 159.41717215520333 1 7
51.466601669866705 873.71714314291432 4 4
582.99323931771437 114.72818359439054 4 9
998 360.47099602436572 2 5
998 48.970562748477136 2 8
99.254833995939038 1 1 6
605.67113959936512 1 1 7
306.98066401624385 857.14874831559177 32 1
672.05420488931986 167.22091014322993 32 12
927.11111111111109 191.32942158217736 16 2
839.20064224788894 131.46364189160437 16 11
768.94655839104394 119.50722773513938 8 3
759.0942525724879 132.11405406287338 8 10
948.5333983301332 250.18813916728004 4 4
434.98066401624385 896.08195165532527 4 9
998 944.40202025355336 2 5
567.52900397563428 2 2 8
1 179.19595949289334 1 6
492.27416997969522 1 1 7
910.74516600406093 968 4 4
442.89580477229964 67.51713832190417 4 9
998 432.47099602436572 2 5
998 622.86291501015239 2 8
1 89.254833995939038 1 6
169.44155877284291 999 1 7
67.959024172337365 902.28285685708568 4 4
16.944271909999159 361.13708498984755 4 9
200.85281374238571 2 2 5
709.49033200812187 2 2 8
376.79393923933992 1 1 6
1 87.254833995939038 1 7
82.371176806996289 497.01548039485704 4 4
19.629337994896321 128.92277506049385 4 9
320.16652224137044 2 2 5
2 924 2 8
1 601.78888860545669 1 6
510.7594513539338 1 1 7
338.98066401624385 873.64117081806239 4 4
63.308146868391766 597.4032477339606 4 9
998 200.47099602436572 2 5
478.98066401624385 998 2 8
318.29437251522859 999 1 6
999 126.93189078096476 1 7
165.64951892580152 639.48547769591983 4 4
893.10777248792908 342.75385288145139 4 9
998 368.47099602436572 2 5
998 506.41212152132005 2 8
999 397.15728752538098 1 6
133.25483399593904 999 1 7
192.52683566648048 709.40975221567612 32 1
904 142.85125168440814 32 12
254.72877520893167 552.8604466575116 16 2
234.83194107796504 527.79820430841596 16 11
754.97097790402972 147.57363381163921 8 3
900.68652309391962 961.45601781739401 8 10
51.466601669866705 531.30219284084183 4 4
810.24245256305414 448.62777550571974 4 9
998 296.47099602436572 2 5
575.52900397563428 2 2 8
999 203.2994231491119 1 6
538.84271247461902 1 1 7
300.53114783011586 567.21811576744005 32 1
756.31348175134144 396.63296394261801 32 12
840.97169350718025 163.41459457594482 16 2
795.3670559323383 368.72564691483171 16 11
828.68578225456918 86.367102686230226 8 3
940.78460969082653 127.13843876330611 8 10
872 48.492422502470646 4 4
932.04097582766269 278.75385288145139 4 9
453.01933598375615 2 2 5
998 320.47099602436572 2 8
698.66190488337566 1 1 6
999 901.94112549695421 1 7
258.79057753373633 529.20665706949399 8 3
819.290449010217 370.64170110020962 8 10
180.44753753794109 675.49676714031204 4 4
85.279909651319002 459.34197985514493 4 9
998 428.47099602436572 2 5
2 361.13708498984755 2 8
999 46.142135623730944 1 6
1 551.84776310850236 1 7
338.98066401624385 801.72312247338766 32 1
711.40911725184515 457.84997927364043 32 12
16.944271909999159 139.88225099390857 4 4
199.69431063301784 578.21829747374602 4 9
410.98066401624385 998 2 5
733.49033200812187 2 2 8
999 486.61313164809667 1 6
603.67113959936512 1 1 7
434.98066401624385 929.0667966602665 4 4
305.26352087332953 932.04097582766269 4 9
286.98066401624385 998 2 5
454.98066401624385 998 2 8
383.27922061357856 1 1 6
915.31370849898474 1 1 7
101.87646878854351 932.48286167809579 4 4
71.515174383010361 728.86200593572448 4 9
158.12785027385814 998 2 5
948.40202025355336 998 2 8
494.27416997969522 1 1 6
738.17662350913713 1 1 7
272.75529258906596 537.01605739368335 8 3
857.94729341455081 146.44907048192161 8 10
169.68268471594141 576.48153663622679 4 4
825.9871384620451 74.674484430207698 4 9
806.05887450304567 2 2 5
998 188.18672477690382 2 8
999 860.20101012677674 1 6
999 616.23549801218292 1 7
815.17845491077867 355.17911708180623 8 3
272.5360741304716 521.01755923706219 8 10
951.50757749752938 440.47099602436572 4 4
823.15795033809286 67.191457331547198 4 9
683.83347775862956 998 2 5
2 796 2 8
107.31370849898477 999 1 6
1 347.48023074035518 1 7
808.13479955606658 492.03427319196135 4 4
980.01502918156302 631.46331028096415 4 9
2 671.52900397563428 2 5
998 388.47099602436572 2 8
760.80404050710661 1 1 6
803.23044737829946 1 1 7
634.39379334372995 67.12784584229432 4 4
102.46624612229495 476.05025514781602 4 9
262.98066401624385 998 2 5
2 639.52900397563428 2 8
149.25483399593904 999 1 6
1 740.74516600406093 1 7
902.28285685708568 106.89222751207078 4 4
980.37066200510367 852.33205893544516 4 9
2 695.52900397563428 2 5
186.41212152132005 998 2 8
999 44.142135623730944 1 6
422.24978336205567 1 1 7
822.57383491863573 178.82623950294462 8 3
943.99998076844201 142.81202765778824 8 10
61.130559463309822 946.84791959748236 4 4
979.88142245808069 903.17382677979742 4 9
687.83347775862956 998 2 5
799.14718625761429 998 2 8
999 525.72583002030478 1 6
999 932.74516600406093 1 7
802.59513596660861 213.47954509107387 32 1
183.51776077919578 773.4491754621497 32 12
719.98083416925579 169.87387185866874 16 2
751.95487534146093 171.3833613475029 16 11
864.83843755359521 160.88901966655916 8 3
286.50078918580124 528.82695956125156 8 10
803.02431191241169 480.81315177426063 4 4
19.984970818437017 368.53668971903579 4 9
998 586.57864376269049 2 5
2 880 2 8
999 291.78470452335046 1 6
999 483.78470452335046 1 7
316.16652224137044 2 2 5
2 635.52900397563428 2 8
69.254833995939038 1 1 6
999 357.6425688996195 1 7
301.40802166449339 631.21210839392484 32 1
161.26948844493415 858.72125834816791 32 12
864.69651362828426 184.88860002954519 16 2
151.88640997408282 809.55260530259397 16 11
867.21539030917347 127.13843876330611 8 3
834.55680565713817 189.42852285513791 8 10
627.36457576644818 63.308146868391752 4 4
27.047218139191195 125.92693558467479 4 9
856 2 2 5
571.52900397563428 2 2 8
999 161.41717215520333 1 6
1 668.70057685088807 1 7
130.47361894355498 877.36567900567354 4 4
988 838.05887450304579 4 9
2 461.01933598375615 2 5
2 864 2 8
999 509.24054864606626 1 6
1 630.27416997969522 1 7
370.98066401624385 896.08195165532527 4 4
167.80264804877407 894.12348745299619 4 9
209.03953851928958 998 2 5
214.69639276878195 998 2 8
516.21529547664954 1 1 6
999 862.20101012677674 1 7
361.13708498984755 16.944271909999159 4 4
892.84495840949921 502.6830415169922 4 9
998 140.58874503045715 2 5
2 517.01933598375615 2 8
1 618.27416997969522 1 6
1 99.254833995939038 1 7
47.255843258789831 688.1366602309256 4 4
208.4013217262106 935.56899272897238 4 9
414.98066401624385 998 2 5
2 403.07821048680182 2 8
485.80909114099006 999 1 6
211.86796564403576 999 1 7
932.04097582766269 410.18813916728004 4 4
666.39933168003347 131.66781732436402 4 9
51.597979746446654 2 2 5
2 320.16652224137044 2 8
450.19090885900994 1 1 6
999 550.83852839251301 1 7
471.06765659968823 852.84755039482832 4 4
127.11646095679554 870.10417156906385 4 9
2 408.73506473629425 2 5
998 424.47099602436572 2 8
180.75526727182765 999 1 6
999 503.58369439657383 1 7
829.82878007714021 376.38135076930286 4 4
885.97515919808734 473.06586299179503 4 9
884 2 2 5
2 380.45079348883235 2 8
1 425.70562748477141 1 6
512.75945135393385 1 1 7
932.48286167809579 210.5945272358222 4 4
929.0667966602665 344.47099602436572 4 9
998 578.98066401624385 2 5
705.49033200812187 2 2 8
853.17157287525379 1 1 6
999 618.23549801218292 1 7
959.46423534208009 114.72818359439054 4 4
213.93277800351322 941.3485248425859 4 9
998 300.47099602436572 2 5
998 364.47099602436572 2 8
205.72583002030481 999 1 6
1 642.3574311003805 1 7
557.81186083271996 51.466601669866705 4 4
129.78253862145374 636.39359738653968 4 9
2 316.16652224137044 2 5
2 860 2 8
1 399.76450198781708 1 6
1 374.79393923933992 1 7
756.97297531942911 120.30303451265438 4 4
338.98066401624385 951.50757749752938 4 9
2 521.01933598375615 2 5
2 824 2 8
1 632.27416997969522 1 6
182.75526727182765 999 1 7
932.48286167809579 478.34746481290921 4 4
920.15595929391463 521.83390425032007 4 9
2 699.52900397563428 2 5
2 453.01933598375615 2 8
399.76450198781708 1 1 6
578.3574311003805 1 1 7
96.04269145429349 498.06585003117988 4 4
158.20236344646284 941.38014851687512 4 9
669.49033200812187 2 2 5
2 457.01933598375615 2 8
999 227.78470452335048 1 6
999 419.78470452335046 1 7
499.97353211569691 57.313032802404898 4 4
950.65176432042063 120.30914454533024 4 9
72 998 2 5
998 115.61818228198 2 8
999 531.86796564403573 1 6
1 917.17157287525379 1 7
751.70502621130936 111.37773441384563 4 4
125.44587222870963 862.28054496105187 4 9
80 998 2 5
888 2 2 8
421.80909114099006 999 1 6
672.31875913286808 1 1 7
66.80877959070429 941.21251223111994 4 4
281.5283371561755 601.19880894435175 4 9
450.98066401624385 998 2 5
998 240.47099602436572 2 8
808.88730162779189 1 1 6
189.72583002030481 999 1 7
811.69269545458474 58.619851483124819 4 4
101.43744185297525 923.68369825201307 4 9
346.98066401624385 998 2 5
998 328.47099602436572 2 8
1 487.84776310850236 1 6
1 826.82842712474621 1 7
64.23094963848007 725.55442829171182 4 4
55.930848979427509 58.894506262875197 4 9
350.98066401624385 998 2 5
725.49033200812187 2 2 8
1 450.19090885900994 1 6
1 376.79393923933992 1 7
308.69780715915817 893.10777248792908 4 4
766.7538057566893 107.70926876400667 4 9
226.01010126776669 998 2 5
729.49033200812187 2 2 8
67.254833995939038 1 1 6
1 512.33304448274089 1 7
834.52526250905521 96.850445204600362 4 4
847.63248070529698 389.13212706705917 4 9
998 182.52987052741145 2 5
998 324.47099602436572 2 8
48.769552621700463 1 1 6
82.828427124746185 999 1 7
743.37499717783919 441.29152159917902 4 4
62.492130574077699 63.471577797787525 4 9
998 236.47099602436572 2 5
551.52900397563428 2 2 8
890.82842712474621 1 1 6
403.76450198781708 1 1 7
763.29325527055312 333.01470585879031 32 1
356.39000805143445 598.45571706419764 32 12
249.02232447513128 647.84868738835814 16 2
237.18981503792989 677.58068564643929 16 11
128.45568273675036 804.35635462256255 8 3
654.40421417162247 131.32553679700052 8 10
744.23452242424514 152.93353341243431 4 4
766.36100300905719 99.718917958100036 4 9
2 888 2 5
2 820 2 8
999 179.70144340266526 1 6
448.15223689149764 999 1 7
336.51032354311656 568.44241761462456 4 4
57.03914439554655 592.43337771599624 4 9
470.96046148071048 2 2 5
2 884 2 8
999 185.35829765215763 1 6
999 574.29437251522859 1 7
337.26352087332953 837.68214664572497 4 4
875.80102525185509 415.60792981341189 4 9
547.52900397563428 2 2 5
998 60.284271247461902 2 8
1 892.68629150101526 1 6
1 405.90663761154804 1 7
876.61534998545858 314.18813916728004 4 4
750.12001939177799 432.09619876405907 4 9
2 816 2 5
2 856 2 8
1 787.31370849898474 1 6
401.76450198781708 1 1 7
370.98066401624385 929.0667966602665 4 4
938.41039077118535 153.43071324794337 4 9
2 800 2 5
628.92178951319806 2 2 8
1 851.31370849898474 1 6
951.23044737829957 999 1 7
73.634404479264006 599.7779304576103 4 4
64.883518703126157 761.34823567957937 4 9
795.14718625761429 998 2 5
354.98066401624385 998 2 8
953.23044737829957 999 1 6
999 818.05887450304579 1 7
627.57122820888003 71.30547734599719 4 4
103.68926940130676 771.66306542434927 4 9
661.89235226167523 2 2 5
204.85281374238571 2 2 8
955.23044737829957 999 1 6
999 934.74516600406093 1 7
952.7515435158432 128.02866054897132 4 4
402.98066401624385 951.50757749752938 4 9
2 545.01933598375615 2 5
952 2 2 8
664.72077938642144 1 1 6
999 583.75021663794428 1 7
837.12103202258413 379.67119294852199 4 4
755.59870338132214 88.653422846040826 4 9
998 808.40202025355336 2 5
2 760 2 8
473.78888860545669 1 1 6
357.80909114099006 999 1 7
837.37227148002023 111.54739072992228 4 4
217.19821886382525 678.16041179862225 4 9
791.14718625761429 998 2 5
76 998 2 8
1 383.27922061357856 1 6
999 331.29942314911193 1 7
712.26127940501078 56.068991991211504 4 4
101.69585349217475 594.22883194532335 4 9
998 256.47099602436572 2 5
998 64.284271247461902 2 8
788.31875913286808 999 1 6
631.75021663794428 1 1 7
372.09656092326225 19.629337994896321 4 4
162.49350828647786 572.97215745095116 4 9
2 312.16652224137044 2 5
998 260.47099602436572 2 8
786.31875913286808 999 1 6
1 101.25483399593904 1 7
742.44102302902354 429.85276058554746 4 4
165.94033312320838 506.01025666314058 4 9
52 998 2 5
998 111.61818228198 2 8
231.66695551725908 999 1 6
1 702.3574311003805 1 7
157.117680008783 702.91423871719508 4 4
924.50277304197903 477.7833855988618 4 9
2 51.597979746446654 2 5
998 264.47099602436572 2 8
228.83852839251287 999 1 6
954.82842712474621 1 1 7
163.01965583324608 949.75907832678854 4 4
932.01308322289901 171.93945847196869 4 9
2 308.16652224137044 2 5
116 998 2 8
999 67.112698372208087 1 6
468.13203435596427 1 1 7
845.32408561108718 112.42411875215301 4 4
546.74350893240523 919.91304964147378 4 9
2 944 2 5
2 304.16652224137044 2 8
1 762.82842712474621 1 6
46.769552621700463 1 1 7
769.18215727265704 92.132075576666679 4 4
173.53237576481325 925.52091524618311 4 9
48 998 2 5
120 998 2 8
1 48.769552621700463 1 6
1 620.27416997969522 1 7
217.79302346557839 538.27080124510269 4 4
317.46045918505422 598.98914686571504 4 9
2 200.85281374238571 2 5
312.16652224137044 2 2 8
999 69.112698372208087 1 6
45.171572875253808 999 1 7
801.3041231252854 345.47158849169983 8 3
774.92199830857214 184.59706853245163 8 10
955.96896874206629 894.56279849426585 4 4
404.69780715915817 876.61534998545858 4 9
124 998 2 5
998 107.61818228198 2 8
999 71.112698372208087 1 6
999 269.15728752538098 1 7
784.95349111837947 423.00613564700365 4 4
737.62132437233197 157.43526769226159 4 9
2 679.52900397563428 2 5
308.16652224137044 2 2 8
126.82842712474618 999 1 6
784.31875913286808 999 1 7
261.08548097517553 517.4281419595801 4 4
719.29049698229267 59.888690965114009 4 9
998 103.61818228198 2 5
998 948.40202025355336 2 8
782.31875913286808 999 1 6
1 46.769552621700463 1 7
77.81536832028273 760.69236804849936 4 4
93.254833995939038 28 4 9
2 204.85281374238571 2 5
208.85281374238571 2 2 8
999 951.23044737829957 1 6
1 301.33809511662423 1 7
357.26688188581198 662.44970969068243 32 1
223.4537897590717 874.61411560644285 32 12
345.56645009400034 550.61023962385798 16 2
632.20890432980616 140.45615676640958 16 11
841.42590924515582 203.87896976508097 8 3
99.798816178544996 38.058642910141288 8 10
860.11774900609146 983.0557280900008 4 4
717.49033200812187 48.492422502470646 4 9
691.83347775862956 998 2 5
2 752.40202025355336 2 8
211.68124086713189 1 1 6
44.769552621700463 1 1 7
337.38719737749409 632.43641024110934 4 4
797.2419392766235 486.34163861071846 4 9
695.83347775862956 998 2 5
2 208.85281374238571 2 8
1 757.17157287525379 1 6
1 299.33809511662423 1 7
325.11990128670766 525.99441865702863 16 2
848.72667035002269 226.74157869953251 16 11
263.45232384441516 874.2716670356798 8 3
130.39646292940608 820.23821132270302 8 10
111.59614159303653 35.86248420353742 4 4
215.05173387029467 530.75512886302079 4 9
2 675.52900397563428 2 5
998 99.618182281979998 2 8
1 44.769552621700463 1 6
999 953.23044737829957 1 7
402.98066401624385 801.72312247338766 32 1
412.24886827275304 629.69331836095523 32 12
624.24071457900016 171.44821949374588 16 2
268.85473555330356 672.96194028053424 16 11
212.49031780568859 519.03168449952511 8 3
175.68252574776676 812.67428339064702 8 10
119.19330919690999 33.355884036247922 4 4
253.17224207127495 518.60315261901872 4 9
998 679.83347775862956 2 5
2 948 2 8
999 96.789755157233813 1 6
213.68124086713189 1 1 7
704.70834086583773 358.77917372040491 32 1
712.01911858818494 217.20896544689492 32 12
821.37166067559519 312.47099602436572 16 2
198.85182271893635 818.93397011297998 16 11
830.39880124188176 242.23639118484036 8 3
886.38972168670352 409.96173571378785 8 10
404.69780715915817 837.68214664572497 4 4
376.26969255975234 628.46901651377073 4 9
998 683.83347775862956 2 5
2 952 2 8
780.31875913286808 999 1 6
215.68124086713189 1 1 7
259.55416763322751 720.05227300779427 32 1
648.74573595999709 226.82556831833227 32 12
449.96453078590321 811.54739157449137 16 2
809.20886504184375 282.87257710761281 16 11
122.06862992239739 850.76558797439952 8 3
260.11822923574528 858.6229030863949 8 10
614.85236744729639 59.422996123121493 4 4
916.94001849692336 480.39197596364517 4 9
998 687.83347775862956 2 5
304.16652224137044 2 2 8
217.68124086713189 1 1 6
999 94.789755157233813 1 7
109.55262159251947 595.73588039092999 4 4
465.26352087332953 948.5333983301332 4 9
998 804.40202025355336 2 5
998 91.961328032487629 2 8
1 954.82842712474621 1 6
1 297.33809511662423 1 7
871.0772249395061 980.37066200510367 4 4
32.697543381215475 120.26355985465798 4 9
998 87.961328032487629 2 5
998 691.83347775862956 2 8
301.33809511662423 1 1 6
1 211.68124086713189 1 7
649.01867997578847 472.11298514556034 32 1
411.37199443837551 565.69932573447045 32 12
586.60711919499977 173.06059033627258 16 2
296.38607032642113 689.27223168230034 16 11
765.81627650897178 197.75327735217937 8 3
803.14533469472531 329.57788093315452 8 10
933.32856340995545 164.04835513482618 4 4
122.85460260453651 879.80506212969681 4 9
998 695.83347775862956 2 5
998 800.40202025355336 2 8
999 85.132900907741444 1 6
698.66190488337577 999 1 7
454.507538273416 763.76286392203463 32 1
242.35119040646532 798.64099076579782 32 12
672.24063594054383 430.10416748580036 16 2
356.66110198263789 520.59509845360935 16 11
762.59517222259319 213.42568901013021 8 3
815.98908341602635 339.11927070530396 8 10
911.00463877013783 485.755861448894 4 4
874.07306441532523 972.95278186080884 4 9
998 796.40202025355336 2 5
16 2 2 8
700.66190488337577 999 1 6
1 213.68124086713189 1 7
222.3814063316986 763.98254700374764 8 3
317.62335128886861 667.77798162529814 8 10
740.64014946702468 360.99392667449831 4 4
852.92754016047991 504.41716210154226 4 9
12 2 2 5
998 792.40202025355336 2 8
778.31875913286808 999 1 6
702.66190488337577 999 1 7
33.70862675720528 401.05990614116047 4 4
963.42722654430327 604.53067630810347 4 9
998 16 2 5
2 16 2 8
999 789.57359312880715 1 6
704.66190488337577 999 1 7
679.15503473648823 202.51366032625708 4 4
852.95879284100931 207.19447816719563 4 9
2 12 2 5
998 12 2 8
1 295.33809511662423 1 6
776.31875913286808 999 1 7
627.91171997040794 411.6936485112405 32 1
688.71064965886217 276.81362362199724 32 12
760.96293191233895 237.37012033705005 16 2
291.99679724658449 811.54739157449137 16 11
215.56216919828313 749.50850109673718 8 3
864.83024623614176 208.9462185267233 8 10
338.86575655839056 511.46680829434519 4 4
831.0530359647164 68.48282209344957 4 9
998 990.34314575050757 2 5
2 984 2 8
999 955.23044737829957 1 6
18.828427124746192 1 1 7
724.33912262008994 323.92759688782934 8 3
798.74424367762572 304.47099602436572 8 10
866.61687806919747 450.06865521839757 4 4
752.1871212090258 219.39833282162428 4 9
2 988 2 5
998 986.34314575050757 2 8
999 698.66190488337577 1 6
1 9.1715728752538102 1 7
616.60278593165197 152.96411697352548 4 4
128.92277506049385 19.629337994896318 4 9
990.34314575050757 2 2 5
16 998 2 8
1 990.82842712474621 1 6
1 215.68124086713189 1 7
873.95111533570673 446.87350831746386 4 4
139.88225099390857 16.944271909999159 4 9
986.34314575050757 2 2 5
12 998 2 8
999 9.1715728752538102 1 6
999 18.828427124746192 1 7
392.32213008031323 596.24605498556093 4 4
125.92693558467478 27.047218139191195 4 9
990.34314575050757 998 2 5
549.68973130847667 6.2143031104565338 2 8
9.1715728752538102 1 1 6
1 217.68124086713189 1 7
852.76179610082238 382.9928988115513 4 4
620.33274696434307 53.595008447333605 4 9
986.34314575050757 998 2 5
787.34212658739125 183.09294105446742 2 8
1 981.17157287525379 1 6
299.33809511662423 1 1 7
140.80832340818262 826.20421177279445 4 4
202.65243799231817 570.78529790922573 4 9
926.18115497406268 559.15281504135896 2 5
402.98066401624385 845.65962302251569 2 8
1 18.828427124746192 1 6
999 983.51471862576136 1 7
162.20909004372163 498.93368792668485 4 4
801.70371961104036 316.10033401926205 4 9
217.62785947904678 990.65469713102959 2 5
596.20730222251473 92.359244714055933 2 8
297.33809511662423 1 1 6
999 787.57359312880715 1 7
614.08471722202171 505.03134243018837 16 2
709.34999927286822 406.55421958362143 16 11
821.52706666232177 262.27495809867747 8 3
731.01685806667456 309.38772586689424 8 10
616.27280370752806 95.058266793360147 4 4
148.99012510338775 561.8184117571742 4 9
723.0510398344469 88.440491736326749 2 5
430.29754993680905 892.33115940314724 2 8
999 785.57359312880715 1 6
1 293.33809511662423 1 7
586.14051956797346 460.18248038972212 32 1
625.43726703067432 286.43022649343465 32 12
785.23069971362304 258.22858255129199 16 2
296.26271670509379 779.83301106385375 16 11
322.88308132872015 682.88874732091665 8 3
250.91782431080765 845.53273314031765 8 10
283.88401915523553 517.11574636162391 4 4
194.73620786347476 571.93998425070197 4 9
563.31879677240545 934.00168142041127 2 5
934.95927266715762 17.945696889543477 2 8
295.33809511662423 1 1 6
1 219.68124086713189 1 7
332.87709329775925 721.6201263921904 32 1
565.03355956259293 399.76314375540227 32 12
755.03285765156966 268.81585485322506 16 2
662.44980277805666 316.99282123846149 16 11
266.85444648643494 844.11003372325683 8 3
367.89275004105122 541.80476799115615 8 10
282.23686428435002 794.09048152223158 4 4
683.88939109811247 481.059129891954 4 9
991.52786404500046 670.17662350913713 2 5
172.7475321949361 890.72523484598833 2 8
706.66190488337577 999 1 6
999 783.57359312880715 1 7
396.31507160780257 713.15709455162187 32 1
523.26235916015844 448.25197563388389 32 12
673.96150155791361 398.15047252689214 16 2
635.01500106098069 333.46496908701869 16 11
231.50667921600413 750.83989145827445 8 3
378.72794038960387 530.03197519969706 8 10
168.65789955904324 740.65916898886871 4 4
258.09082224659699 835.9125408026789 4 9
849.51855989550734 116.71438511653385 2 5
776.82704033627476 423.74742344640504 2 8
983.51471862576136 1 1 6
983.51471862576136 999 1 7
379.7556470017272 514.06501496553233 8 3
742.85881706587963 298.62817164466247 8 10
275.22914810678577 876.57523172833305 4 4
844.88041077415869 381.62039550275762 4 9
716.44960467527949 17.945696889543477 2 5
587.12484329070503 119.07902818025755 2 8
708.66190488337577 999 1 6
9.1715728752538102 999 1 7
757.97028617783258 293.37046289669127 8 3
750.63301773142962 202.79992504091197 8 10
879.73644014534204 967.3024566187845 4 4
343.86692869061295 505.22274893332991 4 9
994.53589838486221 258.47099602436572 2 5
375.81304486161611 24.339725148406949 2 8
999 700.66190488337577 1 6
293.33809511662423 1 1 7
722.71663093918698 255.75197038294212 8 3
368.46593556662145 557.79449776852505 8 10
179.51604123270187 824.04548205335459 4 4
372.69780715915817 821.18972414325447 4 9
968 162.96995077719137 2 5
5.6153468707624699 881.7115101530718 2 8
999 702.66190488337577 1 6
1 221.68124086713189 1 7
585.47235333180924 236.44217118976968 32 1
467.2308546596941 596.93692703122804 32 12
603.14199467648518 370.57843589031876 16 2
369.327061075595 752.85151843600966 16 11
776.05024382345209 280.40332560839698 8 3
872.43675812976005 223.02247430772709 8 10
335.95882859512454 504.01363649863418 4 4
601.12605660844849 159.30557465527977 4 9
814.64719546280298 9.3453028689703714 2 5
534.17560254920295 949.93709785554938 2 8
219.68124086713189 1 1 6
1 291.33809511662423 1 7
562.59609937920254 194.21409896735776 16 2
586.9185074266594 521.9427895993208 16 11
709.10968728435557 319.02205926645843 8 3
627.11570048166959 371.70156988342285 8 10
607.36696028858 154.30046514046182 4 4
129.0278359870708 572.35598717529615 4 9
8.4721359549995796 179.19595949289334 2 5
756.29092205747997 107.50868294248018 2 8
999 981.51471862576136 1 6
981.51471862576136 999 1 7
288.73676221552466 670.79283544149814 4 4
618.33643718350606 251.13747631040749 4 9
98.357185006326688 916.19354837212927 2 5
882 5.4641016151377544 2 8
979.51471862576136 999 1 6
710.66190488337577 999 1 7
683.7078688907925 116.64889812741633 2 5
280.69162431513303 879.05743914779669 2 8
981.51471862576136 1 1 6
1 289.33809511662423 1 7
909.32706754031449 477.93372908176616 4 4
239.35669675156799 842.317094858578 4 9
17.945696889543477 470.06006331659853 2 5
928.80814722686353 473.60442004167783 2 8
999 704.66190488337577 1 6
221.68124086713189 1 1 7
622.49414422514417 356.38356682271774 8 3
395.80624606965955 673.16033097540571 8 10
305.92886906450315 531.62507423576085 4 4
614.50517906717755 482.35106382426329 4 9
852.40170833917307 415.57675297101628 2 5
214.69639276878195 994 2 8
999 979.51471862576136 1 6
999 706.66190488337577 1 7
577.5106377507384 283.77726477799587 16 2
517.0418783039147 400.65674879424057 16 11
787.49425866616855 293.09392095025333 8 3
301.79035032944802 520.36129766306567 8 10
582.53417502375805 192.6414770827391 4 4
628.2354980121828 31.999999999999996 4 9
870.6842580977584 313.28141483229342 2 5
65.738938584192397 908.20523759282321 2 8
291.33809511662423 1 1 6
999 708.66190488337577 1 7
586.49350895142186 314.49058477098805 16 2
530.62504894564609 195.57495684935307 16 11
277.20068764957307 830.44382353381172 8 3
728.25060100878045 270.76447101637569 8 10
644.44288903174402 124.63434845279542 4 4
134.13041477588791 486.51918948223272 4 9
31.999999999999996 69.008622744703715 2 5
728.53524942659135 154.03651161129594 2 8
999 781.57359312880715 1 6
999 710.66190488337577 1 7
651.02572472775501 369.6253375863015 16 2
527.14503042125205 370.29350922245015 16 11
219.37157775147608 831.38144589743365 8 3
411.52241805262543 676.16065399165541 8 10
887.16121201275382 964.32373831775476 4 4
234.29101057498704 762.5124018516467 4 9
90.89082954159052 33.514660727535322 2 5
990.07472026834512 591.29153821344175 2 8
223.68124086713189 1 1 6
1 223.68124086713189 1 7
692.06858499270083 427.48645161407825 4 4
165.38607890214021 906.63226668993423 4 9
364.93053838731004 890.60612388323182 2 5
54 994.53589838486221 2 8
999 779.57359312880715 1 6
979.51471862576136 1 1 7
379.89153645700804 541.9754271375549 4 4
652.45127033500955 262.6343523663225 4 9
983.14568662139732 153.23644710712884 2 5
781.98813133896817 240.52305374428687 2 8
18.828427124746192 999 1 6
999 777.57359312880715 1 7
594.15981963591582 503.29973734149365 4 4
699.2517993085786 423.96488490419341 4 9
665.40031769589393 3.9220245868163435 2 5
217.27668734570321 821.60333594776546 2 8
289.33809511662423 1 1 6
987.74596731660279 94.911055555110835 1 7
370.51911138314421 501.00031405940183 8 3
736.96654119060906 248.4759785037262 8 10
377.11787348484864 549.47921243011706 4 4
881.70292413581217 421.00863250505728 4 9
990.65469713102959 191.11819148716867 2 5
123.4703765705256 813.02507554487863 2 8
916.26946954383334 526.73550540765621 1 6
258.89128635733658 849.70692803185807 1 7
114.52669536266393 603.78594113124836 4 4
622.89549329978252 447.34245592451737 4 9
169.29579578837098 804.97950071497928 2 5
428.93053838731004 823.69137274795173 2 8
682.26761128279577 198.60062221714333 1 6
180.75526727182768 985 1 7
208.49673582959383 836.45469073422919 4 4
924.50277304197903 211.15860644986964 4 9
121.9076263612299 867.12624575466907 2 5
32 618.52038123093052 2 8
956.38220060479205 377.58367277982563 1 6
578.39903602226832 187.94774488741243 1 7
143.91731289025748 568.00441016085301 4 4
750.90554592328317 484.09172111011657 4 9
566.01998995104373 120.80027342187205 2 5
691.24918415444995 65.508739486240486 2 8
111.73575688427084 761.36693047744598 1 6
106.13619489316829 935.10101627887434 1 7
431.2516789466934 595.71262518404353 4 4
685.08370435881932 414.77264461285995 4 9
990.65469713102959 537.62785947904683 2 5
104.78177184990665 599.37442305708237 2 8
808.88730162779189 2.9999999999999996 1 6
150.72451874905619 905.25837099447028 1 7
541.96044506857345 538.75863418133497 32 1
538.56687967148594 311.83762305554916 32 12
393.61365640223357 494.47023057132481 16 2
574.17565602768934 344.02481066822963 16 11
393.32627892795881 753.04527724169827 8 3
198.39348695656417 842.92959322072466 8 10
596.4324592673338 495.62933258648178 4 4
656.05423948283055 389.24373547147769 4 9
175.82712700894135 668.77066005976258 2 5
832.56119605509855 179.32885021698962 2 8
42.791619641609586 724.5550814885072 1 6
997 503.58369439657383 1 7
547.37131684538883 212.76688842873202 8 3
727.61979027642826 293.75251143189303 8 10
203.5305070684492 916.9737142087555 4 4
362.41520906580405 701.0410176439093 4 9
824.99470949582803 291.52168774828641 2 5
265.26915386317199 994.38465312923756 2 8
79.422806115798949 765.42693706093814 1 6
139.0454367576429 798.41216514725568 1 7
876.61534998545858 374.75385288145139 4 4
386.57927629490695 762.96888321279528 4 9
638.68414645370694 160.70637255382425 2 5
929.94987437106624 120.88300140984414 2 8
280.12023281645844 605.99643775121774 1 6
167.40411369568798 572.0309058825402 1 7
375.43987240949673 567.90898781310716 4 4
171.51690296083191 823.92806439069182 4 9
767.72171313190131 254.05301206558713 2 5
65.040727332842394 982.05430311045654 2 8
404.09334077170377 956.38220060479205 1 6
933.51468104486526 414.96602498977416 1 7
268.35599984878343 652.96815968013163 4 4
638.26697102692299 506.4699459348808 4 9
982.37066200510367 897.32479531404726 2 5
596.7008848035332 387.38653226095397 2 8
470.57772925195695 857.82348962214462 1 6
74.735022712608242 484.53020763964065 1 7
548.0320844540812 489.36718825480563 16 2
528.42514144496556 227.49924865024428 16 11
693.17603652165838 320.47765995771897 8 3
317.22940174183407 768.15405055488156 8 10
213.07230946163943 909.08475335560593 4 4
730.95711917971232 186.59275840560207 4 9
503.93102422918759 6 2 5
650.1943582889661 141.17965236621379 2 8
995.03736013417256 157.06072492982773 1 6
935.54344150310317 513.46183161057104 1 7
451.01552503531889 560.37105379985474 8 3
395.15129790942416 518.42092280757061 8 10
261.52282352103578 632.23659196194785 4 4
941.10549373712479 944.06915102057246 4 9
844.11774900609146 986 2 5
274.98066401624385 956.51087470692391 2 8
121.86824785686694 810.48870341428142 1 6
27.444444444444464 718.17437878296676 1 7
809.54209584388479 262.87535336948929 4 4
28 93.254833995939038 4 9
994 944.40202025355336 2 5
790.05207178397211 392.42493083793892 2 8
48.769552621700463 2.9999999999999996 1 6
52.940306887069326 814.49502896540844 1 7
736.02125120517326 484.1224527442414 4 4
869.44683868641596 378.30525341581796 4 9
592.76940536528048 65.977366060254923 2 5
661.98181285990336 5.9989994750393096 2 8
907.26552967048212 991.02715155522822 1 6
944.98517839705846 119.1788393673425 1 7
524.43985313327391 583.44676301032825 16 2
516.68517158504903 495.79922164878809 16 11
594.09365238242844 195.86304241567686 8 3
332.12583829804788 762.31485729496148 8 10
560.0173328919675 435.41195116867914 4 4
358.52333435291143 500.68198492008315 4 9
107.85200735451237 775.9841315813228 2 5
812.13780634741738 52.636384570616507 2 8
28.994284482564264 402.72573233783663 1 6
54.867519559926791 527.63698377380774 1 7
468.10772849407164 660.93091965771282 32 1
470.1631372124026 483.97973274992694 32 12
476.74032478751201 436.43248673502274 16 2
418.78283816347943 514.23161436571957 16 11
550.90283722980348 349.88790756328166 8 3
409.19829343956292 751.02558534850539 8 10
846.06940285011808 192.81380066828564 4 4
581.5554683602976 200.58138471865641 4 9
166.49161426285914 899.97850157869982 2 5
789.32438126574891 388.49167944631802 2 8
995.76393202250017 105.61818228198 1 6
684.29523416265567 121.50083626449248 1 7
245.5818745162793 758.44836550101866 8 3
567.43914242773155 507.92300574797184 8 10
526.7288267060203 897.12405640887118 4 4
277.77116805467665 787.45289482341695 4 9
868.52287002809726 486.40819937350585 2 5
946.03174972543593 242.42087039543188 2 8
995.70370551516135 14.069447840927509 1 6
314.16652224137044 4.2360679774997898 1 7
743.44310091045861 474.27629629723668 4 4
567.94373934457963 491.24495275593125 4 9
187.61791931346667 967.36333201281445 2 5
149.50104524717435 968 2 8
545.52900397563428 4.2360679774997898 1 6
222.22695703217443 540.581695688173 1 7
681.60981981169391 241.52087343897009 4 4
684.62801912556642 328.89973800272128 4 9
800.65339770603316 113.38498020959631 2 5
783.4314575050762 29.999999999999979 2 8
202.98143951919363 581.98589401340746 1 6
936.1969834122275 554.17338657552102 1 7
243.94699144016451 835.76505741425251 4 4
693.33527767700446 488.98414576357459 4 9
53.646901305388795 868.12730472849285 2 5
813.24454663238873 495.17918731098234 2 8
747.91786995163761 108.11315979150521 1 6
325.63975619266654 671.86910034984817 1 7
540.65802014485519 914.72009034868108 4 4
231.27574793414271 832.89496241934876 4 9
663.20965420142579 126.58589273003335 2 5
748.13394925990315 478.01741133990959 2 8
761.01645775274767 140.90638749859923 1 6
32.802469135802482 728.16117085305825 1 7
66.734671276875446 70.253970324404094 4 4
868.19615527706173 139.09829244459183 4 9
154.89948590786315 791.80658114456708 2 5
511.25055508130896 921.65615678576273 2 8
4.2360679774997898 519.01933598375615 1 6
610.07319994227339 94.224354545622049 1 7
934.05887450304567 970 2 5
5.6153468707624681 926.2884898469282 2 8
109.20394571267472 915.00768100571156 1 6
792.48719969389231 390.67274589840548 1 7
38.058642910141288 99.79881617854501 8 3
498.98256386623433 416.46374604359153 8 10
133.84892796977186 25.932751158763324 4 4
612.94917616662906 145.84715584640603 4 9
466.1702452083162 954.46449021783337 2 5
534.01612508649578 500.66111950155016 2 8
493.27416997969522 2.7320508075688772 1 6
118 995.76393202250017 1 7
493.0604249010849 401.6000900304345 8 3
612.80030915697398 324.38160717580672 8 10
724.32002937918764 282.10248700968953 4 4
594.53083380057842 425.17387248997625 4 9
839.08584617114116 309.27605749140662 2 5
946.03174972543593 382.52112165329953 2 8
2.7320508075688772 621.27416997969522 1 6
55.681684046952753 862.9821200218845 1 7
612.02765686596251 340.36294030033656 8 3
417.24519665628884 490.28092212947377 8 10
305.65118261024287 666.96117251018484 4 4
588.65337407647564 497.49637130953244 4 9
114.2688711441296 512.15213248974067 2 5
793.52291996204895 387.85720269573045 2 8
307.85511148106536 527.01100985035873 1 6
716.24424846896488 327.86117191284768 1 7
640.04789955539081 183.70109275360491 4 4
173.74697969556891 504.26203777116751 4 9
813.14523021993182 329.53217004874136 2 5
348.81993668340147 993.78569688954349 2 8
297.96278403812829 936.25605820474868 1 6
755.10459532281004 431.70376687471213 1 7
33.695768439304629 395.05991991920456 2 5
342.2818746037496 531.42273993207687 2 8
171.83050722024055 580.9967175285085 1 6
250.86047797193737 533.46265530022151 1 7
71.353759038782584 755.97563130651008 4 4
719.54995534665977 312.92469377878103 4 9
407.66377809567865 947.75678524535124 2 5
824.24736369766754 271.89784664835366 2 8
115.35030698510644 608.71764103040869 1 6
592.52862676106156 87.267841116997772 1 7
559.80503131885428 357.93470446645182 4 4
694.39805414186822 393.27117261390976 4 9
437.09080146401749 65.999924892345433 2 5
363.8177461188086 735.71537392486221 2 8
264.13086026345132 655.64177062498868 1 6
403.0917978311661 848.65756386168857 1 7
719.87503239969919 304.93130120055827 4 4
403.45727652187577 527.08179570177106 4 9
831.98133168305981 74.410576057583484 2 5
807.06150710829309 486.13105006204728 2 8
68.635674590667151 599.66523839556271 1 6
856.71826899854011 157.0079292737064 1 7
947.75678524535124 435.78788194493092 2 5
402.98066401624385 979.48912529307609 2 8
377.93663604461346 6.1111111111111258 1 6
612.10712062647076 150.77574007184933 1 7
844.78135152263212 183.04840484815901 4 4
205.71593226059835 905.94091581590976 4 9
835.31398373685715 373.94977909414553 2 5
136.28226462986248 914.87558573562649 2 8
276.7684019692062 528.96031701163088 1 6
333.59831180629533 834.28122875566498 1 7
297.65136752556208 667.01556562476287 4 4
755.3668007966653 67.51713832190417 4 9
622.71695117927527 320.32122650329904 2 5
727.39028927882089 333.45074668296792 2 8
995.76393202250017 802.40202025355336 1 6
671.58124098320457 134.22429963330768 1 7
854.98685117346076 119.18375558275778 4 4
789.27667524923697 281.22703462213832 4 9
167.39052066762321 937.56577189234304 2 5
457.14139134908623 993.78569688954349 2 8
498.67174766324172 52.485470556369549 1 6
997.26794919243116 910.94112549695421 1 7
678.82528337395536 492.30125881777877 4 4
349.34237772858404 753.63409847645448 4 9
841.12623885301957 983.34465312923749 2 5
926.10988393996251 409.28141483229342 2 8
476.06634884843612 852.9618998692813 1 6
609.85241784708046 59.445445962776667 1 7
597.84588937316528 959.03249974568723 4 4
818.87623461158182 245.58757877289017 4 9
314.58667917293735 677.30576323805178 2 5
668.20932125833428 124.45903687880987 2 8
64.558106282277265 898.61764779005148 1 6
63.753213525138428 767.01482160294154 1 7
98.490318013546016 768.66791860529338 2 5
856.03500395225399 125.09149421545879 2 8
4.2962944848386693 483.08878382468367 1 6
823.49945247351354 79.011697639454383 1 7
726.51043425866942 416.82648667020408 4 4
67.337542879307463 735.68457107057441 4 9
905.23050527652561 970.36400445434845 2 5
671.10005457816976 201.20751922951172 2 8
448.33304448274089 63 1 6
468.38416775673642 952.44000338171998 1 7
993.78569688954349 366.6317233572081 2 5
370.15150991117696 734.87040934570302 2 8
889.7068545978691 339.0886438144172 1 6
860.07913796070454 168.52767579084636 1 7
613.5028185691142 207.90635126848056 8 3
518.51057409303428 606.70280846227411 8 10
903.39168781352896 483.29761456701499 4 4
622.3336926087411 89.836617080180233 4 9
635.00969394562753 377.84037002603941 2 5
65.457375567640071 782.05012562893376 2 8
14 995.76393202250017 1 6
69.079739069767484 597.71515974627664 1 7
510.60747555019003 620.61471104323311 8 3
560.04314734792229 267.31862634623229 8 10
154.85911010093812 495.77492316167303 4 4
645.04020158498463 191.01678427034204 4 9
777.77460325558377 6 2 5
17.785669612131784 145.82296222294892 2 8
757.05928275997962 220.52173916903718 1 6
618.01594675565809 333.64428089559146 1 7
549.97643419475162 254.88233725777101 8 3
503.56164982442499 634.97981946058064 8 10
733.87585895613779 260.16463738439387 4 4
381.23391807820485 768.92095390585121 4 9
272.91549135036922 871.03925914770298 2 5
73.711510153071856 994.38465312923756 2 8
638.86291501015239 987.87689437438235 1 6
267.77360804095599 528.65424154983475 1 7
472.25762699914509 549.20086561171695 16 2
445.75579499546734 545.26028810423622 8 3
409.36059801519662 476.35852634897367 8 10
231.99206429044813 696.89346346753621 4 4
265.19074126244487 832.22592311590938 4 9
596.84342059311018 964.94816169892749 2 5
839.35404897309115 313.2670557696606 2 8
778.37294489074964 421.17639658764733 1 6
2.7320508075688772 88.254833995939038 1 7
498.84855337638987 511.85708735001151 8 3
471.09240296180326 800.16262028478911 8 10
601.49394463697183 186.41657881561224 4 4
907.64629461790798 493.01682037696838 4 9
528.37756181366581 414.63896175810135 2 5
345.34039810471904 630.6101276485241 2 8
834.03238537023151 115.26829932509634 1 6
689.17766889903635 431.56598640856049 1 7
497.79670967052652 386.31717124563573 8 3
490.70707766327621 564.55071154552979 8 10
121.17258385325191 794.81924443901198 4 4
469.95665108992506 812.1087521979033 4 9
31.659016427322804 739.62183229996469 2 5
970 506.41212152131999 2 8
813.54633112313718 266.43522975490322 1 6
203.07246428412031 936.12567792988591 1 7
558.05271845265452 279.15239974328881 4 4
604.5306763081046 963.42722654430395 4 9
901.0852488647198 344.47099602436572 2 5
722.17344608755673 52.243214754648733 2 8
136.05414710038156 918.94929901365936 1 6
976.7276881849856 907.05377009571134 1 7
386.04807235813303 746.18760204328407 2 5
277.36819006228274 840.44242058248494 2 8
616.07668095299232 474.06866926680794 1 6
910.49502896540844 66.485318955134744 1 7
273.45472095715814 819.04348434853671 4 4
151.81095076217844 569.30459520421232 4 9
963.59583931507075 119.07902818025755 2 5
43.489125293076057 936 2 8
93.775197662360227 23.027151555228262 1 6
703.20404333352064 325.81347808184353 1 7
846.92799362743301 504.49092793241471 2 5
590.63639590265109 987.77777777777771 2 8
151.37644137326339 965.65844296028263 1 6
928.48972865059898 968 1 7
575.25307216590318 494.49666825811198 4 4
397.45669291263744 474.84292636571104 4 9
811.7157287525381 5.9999999999999991 2 5
552.85255724835656 431.50622461754557 2 8
76.502132585424306 728.50110721395299 1 6
808.09002058296778 453.14076083375943 1 7
499.87327208922704 12.222222222222252 2 5
872 20.510874706923943 2 8
359.03117958490185 540.23232751511239 1 6
442.01226583720444 553.44478500027299 1 7
916.94001849692336 208.55001608508627 4 4
803.21295608115452 249.47424328825372 4 9
321.56938053012186 658.5894641590703 2 5
278.92050282627451 593.46654472076875 2 8
995.76393202250017 685.83347775862956 1 6
733.96226178452298 317.89211279005838 1 7
462.37214052095322 9.3453028689704123 2 5
966 934.05887450304567 2 8
723.89046199072141 186.4182005031808 1 6
898.06623973245348 342.11073346409677 1 7
66.168010426666385 743.59862147742797 4 4
603.4801462020888 331.94034797665347 4 9
214.39188889489162 947.33093382136838 2 5
279.10967365200185 513.4817919018443 2 8
478.23792983582638 67.363543026928568 1 6
987.83401726869624 536.60621124495287 1 7
657.94061250071888 340.56541555989253 8 3
481.95500708720169 811.91012349248717 8 10
396.16780398178975 530.37779177084201 4 4
583.23033978598676 368.70067138919313 4 9
990.18533100255183 904.46138753024684 2 5
378.04870477539907 27.656625018753338 2 8
470.22882261288538 879.7346198083635 1 6
511.75945135393385 2.7320508075688608 1 7
543.73564083319923 578.1862899289971 4 4
600.08566221873093 339.18448205097366 4 9
727.20184216119367 5.6153468707624681 2 5
526.43486231759982 891.1312619907103 2 8
516.98066401624385 995.76393202250017 1 6
870.76893022087847 474.143094993349 1 7
517.13416506211604 564.82884363659207 4 4
517.55348576997164 210.71213743704348 4 9
618.34166469144168 245.13747858764452 2 5
321.14673530270574 594.25508218677032 2 8
402.09387234307917 956.42830920413621 1 6
352.59632460666791 749.83780690248284 1 7
491.96377074813898 552.61669619065208 4 4
487.71245807376147 412.3424943615816 4 9
688.59811361705806 422.59198244665629 2 5
17.945696889543463 686.4882766427919 2 8
4.2962944848386613 857.93055215907248 1 6
274.69181213727109 839.08706040802565 1 7
485.62807301945702 520.86924020778929 8 3
544.23964849192225 269.8185111252584 8 10
405.34156361584036 665.87488525853314 4 4
747.47540308026635 287.55174922712308 4 9
184.23313092978049 610.17801348338378 2 5
73.890116060037528 903.18958119207241 2 8
637.34759383839832 379.72032324125047 1 6
447.26735490863433 64.692425990003827 1 7
399.10796874473664 835.50184701020294 2 5
886.71179106552279 479.4066912767866 2 8
997 789.57359312880715 1 6
444.49170482495583 554.1710723593294 1 7
393.19900391469076 660.24004761204571 4 4
620.73849993720148 101.69585349217475 4 9
500.90182783404043 63.24078676653879 2 5
602.92661165042375 325.96593591352013 2 8
215.24191150845061 758.50280123694279 1 6
113.93055215907249 995.70370551516135 1 7
857.02660542785281 128.96663634363813 2 5
71.511161926399794 563.06479884044325 2 8
3 48.769552621700463 1 6
597.22964376984532 507.24640426267462 1 7
732.31987906938491 282.05344688070824 4 4
496.01344045442744 575.3137275693349 4 9
439.66377809567865 892.33115940314713 2 5
97.763072876245076 772.60125237072339 2 8
779.81922929579298 419.79499823100707 1 6
375.07667142234391 27.247946969027655 1 7
174.21404271851046 680.76290920558552 2 5
525.62420372917393 89.968167925950496 2 8
762.33962279141565 142.40613223702871 1 6
685.35449980999874 113.64356490373495 1 7
735.44708635626012 425.96883862219977 4 4
678.52506910492366 334.07216500032473 4 9
162.5451929627211 937.2401205226804 2 5
108.76941748810279 602.09663610399934 2 8
124.81914861798404 2.4221343842640559 1 6
944.62902401279166 385.17298148652725 1 7
119.59631413420325 884.84327175654778 2 5
242.54232313761671 566.10772509172375 2 8
811.66251827398594 49.674273626162559 1 6
403.0917978311661 976.4911844539032 1 7
866.15107203022819 974.06724884123662 4 4
486.88515596145106 391.31096696171801 4 9
548.43604038621515 936.61720818330082 2 5
789.15561743316255 83.521942038693695 2 8
997.26794919243116 597.23549801218292 1 6
388.88428866997617 652.99774755339638 1 7
975.66027485159304 887.95145712620103 2 5
308.63720503662245 672.16536986128119 2 8
715.46027684201317 325.39936373387803 1 6
45.731725715057109 934.00732758654863 1 7
503.68425799561334 555.19160952546383 8 3
869.50545323238407 238.75166537397774 8 10
276.26411960906995 779.59612672307219 4 4
129.66762800239542 841.47821869240227 4 9
151.50555793340664 517.41515065971157 2 5
919.26314942417457 214.08201958245041 2 8
645.26329700154338 129.56658230401231 1 6
499.57562521621333 917.7288386665964 1 7
939.6891258028021 990.07472026834512 2 5
191.736081191333 835.46776043801856 2 8
685.71069729108035 419.73317682854957 1 6
370.98066401624385 904.51211640949737 1 7
494.7969553329213 540.95594728208914 8 3
275.60599013218842 767.61418758152843 8 10
204.72377329175868 744.3578531594934 4 4
811.38329430564238 248.39040691097273 4 9
5.6153468707624699 478.73084613682801 2 5
594.11357446277384 954.33464646895868 2 8
180.93367062164162 981.3498334524246 1 6
725.28922163438313 302.44552298167923 1 7
271.35888799442904 865.24469393603476 4 4
60.835793203220177 754.44780683222427 4 9
68.404873610376882 64.49112170890443 2 5
621.00561702671303 344.7670555749379 2 8
946.85171549446488 438.64810024884247 1 6
123.7616956706099 4.119718922391618 1 7
968 179.46237327966199 2 5
993.55555555555554 188.364099912646 2 8
468.66676150409165 857.23340296188303 1 6
262.13910040732571 537.56054206780755 1 7
510.70723952316195 381.68644696434387 4 4
35.862484203537413 111.59614159303655 4 9
975.88142245808069 898.70169082479788 2 5
581.16797425830669 155.9020442918769 2 8
986.34314575050769 141.58874503045709 1 6
787.57261137005696 386.05625294721204 1 7
554.47319432703318 472.55909188417041 2 5
596.92178951319818 970 2 8
362.09853475141972 504.17740222142305 1 6
774.00988821087037 90.830916866817148 1 7
448.18099030163182 627.48365628231852 4 4
373.98346274108519 772.30191492373251 4 9
90.137390498938288 499.12765068416553 2 5
338.98066401624385 979.48912529307609 2 8
126.82842712474618 997 1 6
939.7157287525381 951 1 7
660.92448056687533 385.7393451131868 2 5
287.07468087631844 828.8613388551538 2 8
21.239473137663669 363.69662526377749 1 6
660.71932291645624 124.91309564398207 1 7
485.10829084338349 533.87570855665274 4 4
831.34205653142635 255.37090321264313 4 9
202.15217280976759 901.11394797091486 2 5
569.15047488470248 177.44984647185703 2 8
501.52819640726773 7.7962233876129758 1 6
23.937742251701451 469.01933598375615 1 7
662.94674467130392 298.99968230289119 2 5
730.35118276748301 486.0846769699375 2 8
855.35684861372295 415.05989132827875 1 6
188.80245793735293 676.62059226103895 1 7
455.1460499863789 446.90565701976215 8 3
424.8054146044197 685.08040749749966 8 10
484.16016601463247 628.70795812950303 4 4
539.07992182136525 347.83396714425413 4 9
530.18460427094897 950.20530065749938 2 5
435.55863499879956 791.9929731086678 2 8
988.34314575050757 995.76393202250017 1 6
404.97333642969528 843.41702260053466 1 7
63.382791816699147 451.5639596137849 2 5
994.53589838486221 62.284271247461902 2 8
310.16652224137044 4.2360679774997898 1 6
107.15221519952739 32.869469292096191 1 7
351.24785988146112 761.40385637262261 4 4
501.59922793768459 569.58668835243691 4 9
682.10877657539879 233.37595158155096 2 5
12.222222222222252 592.67506787016339 2 8
952.83262151160727 115.80982660683675 1 6
791.15488162350539 428.71669022474987 1 7
503.76609564635942 577.2876418215277 4 4
507.5571613327794 374.33273991317054 4 9
903.18958119207241 100.96113562437061 2 5
575.27297013662508 134.83344235345376 2 8
858 4.2360679774997898 1 6
790.74413767755937 182.68094383139081 1 7
531.11759758815174 347.05847194428145 4 4
625.86325001180262 82.657325712747536 4 9
115.01720488500462 705.0885004730884 2 5
433.02612687293094 817.63758638919194 2 8
698.66190488337577 997 1 6
64.054649854995802 784.70198546216147 1 7
377.54338015567055 562.2898014697131 2 5
569.78064152864988 496.95685177168406 2 8
991.10716519393407 673.14697912365727 1 6
174.83638756405159 671.60234424984094 1 7
626.03992098007075 112.4613044779079 8 3
484.03134656279207 790.75072682542452 8 10
499.05422295597168 623.85852893180004 4 4
547.07020552232677 368.56510036123962 4 9
64 956.51087470692391 2 5
600.57192910233277 388.39401230379912 2 8
310.22346075834855 534.18563710027991 1 6
499.90331979137488 861.00487388663862 1 7
982.05430311045654 375.43026869152334 2 5
469.35755225786107 105.11975504418146 2 8
4.2360679774997898 314.16652224137044 1 6
22.014045681619127 469.56650278305369 1 7
458.30402748790596 829.72575219247028 4 4
958.8128680942782 122.70162204392354 4 9
329.82337649086281 8.4721359549995796 2 5
657.83460012171463 51.777777777777729 2 8
4.2962944848386693 14.069447840927495 1 6
131.26614470325347 500.9637349044857 1 7
906.22380445212423 203.14976085537262 8 3
519.12054653987377 346.7924528753947 8 10
612.37712290771447 137.86763486648718 4 4
755.40348529757614 191.78890150990705 4 9
991.52786404500046 818.05887450304579 2 5
231.8546891234476 660.38951257777933 2 8
737.65924098478581 356.9796789715636 1 6
865.2110060638903 312.47099602436572 1 7
345.03078964517766 835.1804980410277 2 5
804.18958049254752 265.58654856970986 2 8
2.8076734353812349 631.12992505623117 1 6
707.76199755322341 58.249923631171058 1 7
512.56846876844713 336.73908145695117 4 4
648.62044954583371 348.12415636073928 4 9
926.18206854041716 515.58857891954051 2 5
979.48912529307609 312.47099602436572 2 8
876.58972890546204 995.03736013417256 1 6
874.84650036603227 16.537999511957022 1 7
441.81740604858788 455.7570552584354 8 3
433.52995627675517 698.49243093200357 8 10
490.8801287833532 633.04870695741363 4 4
633.9811987781361 188.91598888672746 4 9
829.28766617875681 370.40580094113005 2 5
926.18206854041716 173.35341312919095 2 8
866.25036854841699 979.06626276414943 1 6
742.27238741700978 446.16843165733303 1 7
158.12785027385814 994 2 5
377.03078964517766 890.60612388323182 2 8
687.60466150147181 419.09060421027505 1 6
992 835.05887450304579 1 7
786.75927285918874 305.07139129517753 4 4
681.85586780757239 312.15498700502519 4 9
6.2143031104565241 677.68973130847667 2 5
948.22222222222229 500.12672791077296 2 8
925.87484802593883 472.97532879404014 1 6
113.09752388252699 707.39389086274616 1 7
707.65105934096425 6.2143031104565338 2 5
464.71112837845106 449.82272324347304 2 8
548.590677033117 203.8498731919735 1 6
107.31370849898479 937 1 7
510.47906196955148 514.81195957472687 4 4
532.79767576514075 902.33645231647574 4 9
969.90480024646035 89.96816792595051 2 5
173.78460457365574 894.58845641370829 2 8
71.86562922392406 905.40350374049262 1 6
555.85220402258676 431.46018952386464 1 7
413.42135623730945 6 2 5
252.09882685084307 835.60271637293852 2 8
764.723518076711 253.9489620245846 1 6
880.83043236254457 321.48887600248128 1 7
427.62957313318606 496.2946335613654 4 4
566.40622404467285 362.45402461406252 4 9
5.6153468707624681 798.2884898469282 2 5
208.90266166603445 929.58997456001373 2 8
683.55219663291416 200.13354115768169 1 6
411.99854399435941 833.46706426863898 1 7
433.95166641509184 501.19678987618056 4 4
394.31598716979488 765.00439416545316 4 9
792.90263605689734 350.89514959485962 2 5
964.94816169892738 596.84342059311018 2 8
210.94807498522152 527.89856033505578 1 6
866.8785949950659 983.08571386273923 1 7
502.7899985957053 646.95498352547838 4 4
418.96196642089342 769.4648216276961 4 9
750.97741576738963 117.33345292985182 2 5
961.94987437106624 65.457375567640071 2 8
399.75426450022803 838.43140359720269 1 6
577.67076330847704 150.68432838247512 1 7
428.46419789712826 666.25919159232853 8 3
534.17293533875159 257.38222203679709 8 10
769.23430817105111 297.50831361128809 4 4
605.53745568719376 179.51367954163078 4 9
355.69411776564726 696.41331393143287 2 5
391.71095550548608 476.57107614164528 2 8
174.00676208291947 677.7700786493881 1 6
119.3957419800542 777.65507638893246 1 7
756.58366880053859 486.03051470170624 2 5
775.26044581136489 9.1111111111110947 2 8
522.47879554808605 211.57313894088136 1 6
499.20351470362152 919.69391723154456 1 7
591.40991720102113 333.87689256600851 4 4
618.12302552666972 121.47921811576887 4 9
444.16763307596455 73.38079356125759 2 5
811.43774569862387 376.83323166220271 2 8
186.59055096230063 970.18193348713157 1 6
573.59845181656181 4.2962944848386613 1 7
612.0858481294016 126.7282646076486 4 4
578.67865801725304 503.71904460246833 4 9
140.08148711777835 487.28387110329248 2 5
267.00763479378679 647.12162979664822 2 8
789.00060335752289 32 1 6
701.2662798675276 391.59917091851435 1 7
658.80030764607602 292.98060975665328 2 5
110.71366005760461 557.79164839867485 2 8
16.914286137260767 133.12140500493402 1 6
832.77941515139992 372.34479869376258 1 7
436.66523446943017 686.90925215178368 4 4
512.66667185055292 204.37817740267516 4 9
769.56955605109806 221.56107163277537 2 5
987.77777777777771 940.34426811359276 2 8
881.8374065766784 488.27898767413075 1 6
930.32906734491803 967.2146127276427 1 7
119.59343308386707 834.95820360472817 8 3
903.4358796598973 187.39452441306918 8 10
435.03601167609116 493.27061833154767 4 4
321.41341175420598 756.90709273436971 4 9
948.22222222222217 188.81526413795854 2 5
129.5058345280263 482.69646041374148 2 8
341.31855727471128 567.07096277309518 1 6
586.27112119882304 372.66975798428638 1 7
213.53970211771193 588.51176250036417 2 5
631.7099535632201 501.37743439673977 2 8
682.78072107902733 120.19460117098194 1 6
425.96278403812829 888.89269011084309 1 7
469.93320293339548 523.97907187230919 8 3
287.87638531947732 757.34591596709606 8 10
673.71512015889391 340.46469119398142 4 4
874.77659281263573 167.61457317888858 4 9
253.62511823234098 831.90536128872429 2 5
600.29298742033336 967.84708925616326 2 8
651.31586167860405 3.1071515552282669 1 6
433.52606034222151 789.23397665435937 1 7
299.55470020168985 760.10580029653693 4 4
417.4422884111396 742.30569160439256 4 9
111.04286173116358 778.4933993433184 2 5
17.557921286673039 690.46943603194211 2 8
250.08430179279495 535.30589986862037 1 6
172.29436171603282 683.06829959524327 1 7
293.85121291171674 709.11094378483153 4 4
900.72519013385408 501.30393021964505 4 9
5.6153468707624681 459.30782583068429 2 5
461.60079041236651 797.01471761612629 2 8
891.37720253338193 967.01175318564026 1 6
477.49566546850195 80.226823733568224 1 7
433.02407909700725 469.12408189574728 8 3
880.82389727946781 209.39691388316328 8 10
552.7690373816763 361.74190676157548 4 4
501.56852757659112 838.43871526872499 4 9
586.57864376269049 994 2 5
303.10796874473664 890.92747285240705 2 8
64.946914202334767 608.93174716302974 1 6
356.50202162573078 537.59435412672769 1 7
454.27512233197507 520.68900927724781 8 3
477.63078935402712 405.83404171709458 8 10
443.24898977167095 691.45393763267418 4 4
421.08575317945633 478.91209960502755 4 9
607.99198900730084 315.61347981939548 2 5
271.73557061387049 546.96392988448781 2 8
339.0917978311661 976.4911844539032 1 6
15.407157388073824 126.24449372288721 1 7
434.2818976411757 481.05797868221003 4 4
464.76130101164216 825.00308148198712 4 9
17.809889118664323 149.82288889921477 2 5
174.6577956927903 740.62386482130921 2 8
371.77068282974324 509.91286526060446 1 6
937 205.15728752538092 1 7
429.94834751827761 457.52494937406249 4 4
936.52842220221248 937.50786942592231 4 9
440.19946644645074 72.877153212980332 2 5
188.26035341744517 833.48803408272977 2 8
750.94075401958673 90.470978276697295 1 6
171.92964392269207 896.94623523780865 1 7
637.26331310735225 121.10536991136244 4 4
295.42072348822313 716.95547286886426 4 9
471.82830912136853 108.26544424075361 2 5
986.47639093040436 902.96346779233738 2 8
730.36496308884557 156.41393625030349 1 6
941.38235220994841 54.867519559926791 1 7
812.62164624900424 257.72594861725543 2 5
109.50963078147586 659.850255718222 2 8
374.48662224172676 15.237572188984128 1 6
398.98738536112944 746.04871566101349 1 7
544.79879634994154 360.89433114481784 4 4
858.74049915159105 244.05409534884953 4 9
626.07418187562905 974.65631006527781 2 5
758.63494395198666 93.8284825748798 2 8
729.48990312202454 331.30793971326028 1 6
877.43701283519681 410.88314996381553 1 7
944.40202025355336 994 2 5
719.07580787444726 87.996047291882306 2 8
506.37456028378068 379.19087276015068 1 6
958.27463654461553 376.93661311204806 1 7
387.13988920294929 538.5899607781879 4 4
837.76923696666483 72.829389026262888 4 9
777.14606389452911 51.77777777777775 2 5
500.69358857256373 904.83716428540947 2 8
452.98066401624385 995.76393202250017 1 6
991.65799951195697 257.46449565833348 1 7
433.50836116299234 601.27206628676606 2 5
114.64503023567137 896.79609226527839 2 8
995.03736013417256 622.39093511078181 1 6
810.26143718561491 453.62773946400046 1 7
435.42804248374841 676.03185082988512 4 4
401.61282771497793 761.72474204088678 4 9
268.9286638722669 853.89254987383447 2 5
557.27894681378336 211.41083960609672 2 8
502.40184336252759 10.607809847443376 1 6
157.26793437149811 946.29205673098704 1 7
623.73704045720092 195.60754228771304 8 3
515.45078502168474 176.98082566862922 8 10
499.58274519829587 615.87600650844479 4 4
456.79034688015628 435.01884551603609 4 9
556.84317473827639 442.92949265049793 2 5
146.77742599287339 826.8123353896998 2 8
816.08711492380007 330.11980461983626 1 6
732.70935491442867 320.62014902901001 1 7
267.87089287955905 625.62095530509532 2 5
565.57912960456804 53.968250274563999 2 8
496.13270971725962 549.85627088433648 1 6
934.81373539898868 120.40429737846198 1 7
752.62943348855458 212.59861495970739 2 5
926.16072733284238 6.2143031104565338 2 8
995.76393202250017 798.40202025355336 1 6
362.49029553102918 549.0029264547594 1 7
486.17114850595487 383.34289358394994 4 4
896.02239713436768 196.83063997211499 4 9
619.47224136635123 378.14963414740595 2 5
21.332663185102746 143.97395259795971 2 8
402.8911665169569 678.71045730328945 1 6
373.53238910415092 522.6830809399986 1 7
721.11170940161117 422.73019481998432 4 4
891.73886765127543 190.07405983365152 4 9
311.09550040910494 675.35341315700441 2 5
509.83540596080786 854.821354232197 2 8
168.77029645339061 985.60039527081176 1 6
185.42698258456053 675.04385762650497 1 7
892.65401017201509 182.12657506381808 4 4
103.43034383052341 468.10856039109132 4 9
235.93132639330909 906.24181042508656 2 5
744.98854806488737 146.9811015284684 2 8
689.83347775862956 995.76393202250017 1 6
404.97333642969528 981.73172571505711 1 7
423.34133208069335 462.03575274015185 4 4
601.9987314119204 346.95237534723293 4 9
408.70846178655825 9.9252797316549106 2 5
116.53381883256218 515.44910260920858 2 8
260.91121617531633 995.70370551516135 1 6
811.7157287525381 15.000000000000041 1 7
436.30011640205828 714.25080054564637 8 3
434.99465686648108 533.41976842945508 8 10
585.55920255880574 361.04714944270484 4 4
548.23331750609748 224.73588817227525 4 9
934.54262443235996 466.4208703954319 2 5
532.54807486784387 409.79774808976566 2 8
66.266642435859069 897.57798235737425 1 6
936.28595487284247 207.34853244961701 1 7
446.75937268991299 511.33414384166599 4 4
510.48913446505367 597.77775909016066 4 9
274.06167346766165 813.07426256927658 2 5
292.45688519898385 664.01267479110504 2 8
532.33003333430497 952.30223511858946 1 6
648.31665389035595 259.82277863341062 1 7
490.75867045041201 624.18471380590108 4 4
888.02926235020675 197.16199525310077 4 9
546.25988911311674 186.65577678963649 2 5
60.091147281798328 584.17364214170175 2 8
789.50446651290542 395.37452885582201 1 6
638.97013521668441 188.58355361163672 1 7
512.30016019703578 165.40181175490127 4 4
437.8467471767396 508.18451810932197 4 9
904 75.936500549128013 2 5
556.47846951716599 340.73701663396406 2 8
443.28354434024857 555.76491935424201 1 6
995.00375729539076 800.55211907125624 1 7
224.83885216185828 693.31134729920848 4 4
692.45577071493301 417.87951404060493 4 9
879.11699859015584 306.4208703954319 2 5
398.29754993680905 947.75678524535124 2 8
657.46584216553447 394.04033612883734 1 6
776.34276706151684 193.48421746507651 1 7
109.23213713868803 41.377144931072742 2 5
785.13701909862016 276.22833877026267 2 8
340.09334077170377 868.76654771079973 1 6
553.25106906262795 434.47963820026257 1 7
438.69160249626572 516.13978174348699 4 4
506.03725100428358 521.46555374245497 4 9
492.93053838731004 934.54262443235996 2 5
387.29126484731546 678.40390750132076 2 8
191.74261506740692 935.84467762564827 1 6
4.2962944848386613 793.93055215907248 1 7
654.23890269538322 268.36186234397815 2 5
934.05887450304567 966 2 8
166.7765038488042 934.62928021923938 1 6
133.07523686448098 503.59713912366141 1 7
313.41447606914289 756.77660171466073 4 4
421.09108597095667 749.42512110172402 4 9
81.126721450394129 774.58856777294875 2 5
876.68311407943486 52.243214754648733 2 8
176.83637685667875 671.5957998341529 1 6
430.85419743912092 707.0854696636062 1 7
258.39113948527324 882.89630690542378 2 5
432.41022713838152 657.0706741261007 2 8
420.24978336205567 3 1 6
404.8035597917671 946.85171549446488 1 7
498.40046331550735 523.84871840243045 4 4
365.98798313748711 772.57081250357817 4 9
60.310874197197855 9.9252797316549142 2 5
435.39808147133556 521.15503041711656 2 8
997 860.20101012677674 1 6
515.2614418795564 383.75023980690617 1 7
273.73077231879404 655.63495942807219 2 5
606.08833698012677 126.90106511205903 2 8
370.43349721694631 902.588419839415 1 6
678.83731882672282 414.43624564213542 1 7
343.54170823744874 766.01322362709834 4 4
929.74602967559588 933.26532872312453 4 9
569.41966220882728 517.72492093821347 2 5
552.55970398985551 465.50496337310807 2 8
700.21449984741605 326.08658445462254 1 6
764.03197571969179 300.02297519642548 1 7
581.35531826023032 541.15348782449064 4 4
224.27869404538998 741.26094421061816 4 9
679.1498072285525 208.51365804902002 2 5
238.58570368566646 566.69523042144306 2 8
311.28855437153913 535.87843820943021 1 6
292.65137599309651 667.00636370797758 1 7
783.4314575050762 34.000000000000043 2 5
822.35365377029279 125.12495281295867 2 8
25.888888888888907 716.91730006085731 1 6
615.22386063719853 255.05051441952122 1 7
276.00104939050732 755.62069233692114 4 4
885.31371520477956 185.30778077769094 4 9
65.457375567640071 507.06946161268996 2 5
934.61933933845899 522.40692337211487 2 8
198.26131554984286 568.39405478164758 1 6
506.41809176255776 643.514498098589 1 7
528.43614963592222 272.31839590428444 8 3
504.35549979310963 362.76773393023223 8 10
892.312791833299 203.91857539156425 4 4
443.53364597808456 443.88041766590101 4 9
221.80029467065262 515.38143371720423 2 5
277.43697457455397 657.13964040402686 2 8
563.07378691290194 120.23468730283803 1 6
904.11113381492225 78.934441388300911 1 7
540.67720669129676 247.29785521619502 4 4
507.71101187969077 330.38257985828284 4 9
411.33467013260679 666.16241661107028 2 5
17.945696889543477 937.04072733284238 2 8
160.38609908703739 906.61805934801782 1 6
791.71832333052657 86.696798879953292 1 7
134.7447105241686 831.42269802771739 4 4
448.01566221266341 437.25384008218771 4 9
759.968122138485 115.10408312489365 2 5
48.671501127731993 693.96726164056611 2 8
984.76242781101587 889.27787974609032 1 6
451.75923484408077 511.37127118093292 1 7
505.98861149428484 591.16373663861259 4 4
111.99443500386906 844.24557288672543 4 9
828.39543520207576 366.50658000814218 2 5
39.065912912221656 403.76166206153334 2 8
986.19987355148805 535.4531395596232 1 6
644.66288233249816 185.62513380488292 1 7
484.32291140762834 396.73636121894998 2 5
208.38215188900077 842.45359651116541 2 8
682.01064907639363 472.84097887129786 1 6
752.33049150147474 286.35671097574868 1 7
310.61269323731489 512.22703275368326 4 4
475.17086960854107 113.24814324727538 4 9
604.85959250936469 520.48763804187763 2 5
5.6153468707624699 945.7115101530718 2 8
75.104896496529904 453.67973959525517 1 6
940.97122489228946 949.06734788317272 1 7
670.43570063049106 347.76163627783194 4 4
358.52675600398629 769.68462303261288 4 9
69.008622744703729 32 2 5
855.70635854009777 509.73488420908967 2 8
127.46951060843564 993.94810831776329 1 6
174.79044086709604 665.95547234962567 1 7
594.74564257858719 419.17771895717789 2 5
987.77777777777771 500.12672791077296 2 8
303.75426450022803 893.8570294394068 1 6
611.75194434052844 256.4017076677153 1 7
504.63484846042576 337.76751172106776 4 4
370.21859507444861 779.36065216581164 4 9
756.63862910033026 73.38079356125759 2 5
492.46762240435828 79.424075443830574 2 8
402.76450198781708 2.7320508075688772 1 6
281.78019945953451 594.37326141617098 1 7
448.56218474704616 703.97258669776181 8 3
505.15127978075606 155.76368388722221 8 10
25.932751158763317 133.84892796977186 4 4
374.21944776406752 489.58508253884054 4 9
815.11692021240037 254.5996716225543 2 5
85.501045247174346 32 2 8
804.09378092950487 311.70856821334985 1 6
585.153636189076 196.90039985773643 1 7
295.21904612127298 724.95293035481939 4 4
479.2158050852052 393.58716052489035 4 9
