100 100 100 0
950 50 50 1
10 163.24555320336759 10 3
5 5 5 4
36.754446796632415 10 10 3
995 5 5 4
5 995 5 4
995 995 5 4
5 15 5 4
995 15 5 4
900 191.42135623730951 100 0
898.88888888888891 81.426968052735461 10 3
985 995 5 4
970.85786437626905 990 10 3
885.16223378083657 87.475020594221775 5 4
891.39925893167811 62.88228032001669 10 3
13.660254037844387 10 5 4
990 980.85786437626905 10 3
13.660254037844387 20 5 4
990 128.17580303394192 10 3
5 25 5 4
890.42082242650304 42.906228107296059 10 3
13.660254037844387 30 5 4
25 972.63932022500205 25 2
884.41116250257483 77.503265887302319 5 4
100 872.63932022500205 100 0
59.915101530718516 975.07564637304097 10 3
879.74308801165841 53.441216847966068 5 4
10 941.01654362331828 10 3
876.15090524520645 83.139590047789568 5 4
898.6293926404087 30.351572594563688 5 4
970 106.5685424949238 10 3
22.320508075688775 15 5 4
956.7157287525381 995 5 4
903.03614215361188 21.374905132310037 5 4
856.43074617161926 34.559089903864738 25 2
5 926.87440799958733 5 4
953.3180372051753 980.38987706591831 10 3
995 81.622776601683796 5 4
946.7157287525381 995 5 4
987.4813339229795 96.852423708428461 10 3
22.320508075688775 25 5 4
871.65561380126269 66.07421969353625 10 3
51.432245769782568 6.9077164903922004 5 4
10 809.39376702163452 10 3
144.72135954999578 5 5 4
22.612311172901464 5 5 4
153.55589674715358 9.6851843626516221 5 4
984.17214248250627 111.4828458489649 5 4
893.05874533337339 22.046881836888197 5 4
970.41056138512829 970.00500262480341 10 3
936.7157287525381 995 5 4
168.04391993659925 13.570693861042313 10 3
74.907462227445535 974.59698079120437 5 4
897.46549484657658 13.070214374634553 5 4
931.14542642959782 924.63707147378022 50 1
87.965250851005081 981.97899652286185 10 3
887.48809802633809 13.742191079212706 5 4
73.169305581409176 984.44476284981226 5 4
983.14029279224462 954.57924694468591 10 3
994.1033145423404 110.31159800244845 5 4
182.56857600436683 27.319670772546033 10 3
907.44289166681506 12.398237670056361 5 4
922.57359312880715 990 10 3
187.24259272751146 41.572865771274017 5 4
78.007124610748789 993.1966487631089 5 4
107.96179451913754 982.35080471060655 10 3
995 142.31793865767287 5 4
97.755675589474265 993.34330835598098 5 4
241.53989991664548 50.336565447142327 50 1
182.9921597192824 12.325652737460898 5 4
51.187582267516362 987.27525323188831 5 4
995 236.14271578730529 5 4
908.4314575050762 995 5 4
192.3223605202719 15.923895782783804 5 4
204.62260493727462 91.105589612630013 5 4
936.7157287525381 985 5 4
212.6146640883091 97.116162840398346 5 4
190.77343000601746 6.044583344055515 5 4
898.4314575050762 995 5 4
68.008859564140948 993.01037998478046 5 4
903.4314575050762 986.33974596215558 5 4
200.10363080700697 9.6428263893784223 5 4
127.69513836845545 979.09578696494282 10 3
977.23829500278885 120.29298085123622 5 4
884.28932188134524 990 10 3
119.64807668061455 991.75457040538777 5 4
852.66654527966148 975 25 2
129.39285626663306 993.9994024302656 5 4
146.51294045352688 972.32154717828928 10 3
882.66641605851783 975.08805255205641 5 4
221.56292938242908 101.58030309648879 5 4
752.66654527966148 900 100 0
855.10287142770039 940.08489846928148 10 3
213.22273786753797 107.09765803295413 5 4
815.91209848302901 990 10 3
222.17100316165798 111.56179828904457 5 4
138.38309456457262 989.62040535944436 5 4
213.83081164676688 117.07915322550991 5 4
881.02869689986301 965.22307024303143 5 4
892.3998077179358 977.38175846266745 5 4
990.31481563734837 244.97725298446309 5 4
204.88254635264687 112.61501296941947 5 4
985 5 5 4
156.50816118903916 961.13693442467172 5 4
984.8104492734509 253.32602241067164 5 4
867.30247828654774 948.8124177324836 5 4
918.37722339831623 5 5 4
225.80362558378786 126.11528771042525 10 3
801.23429950987884 993.0922835096078 5 4
206.18094165661333 129.98184632167198 10 3
230.51119467654908 106.04444335257924 5 4
875.09647234289355 955.07769160117005 5 4
978.53682713383057 261.11329826614678 5 4
984.06868364615116 939.60800483114087 5 4
830.05423410675996 995 5 4
860.66769351018888 920.87467319235543 10 3
161.31697037939514 969.90479358017524 5 4
971.97765147488553 274.60319132262072 10 3
993.27238951974812 943.51847771716325 5 4
994.79287886883503 253.91855880043914 5 4
219.34082160276174 145.04230978741435 10 3
957.68533970706847 279.1561930062926 5 4
170.86002020216443 956.77526698350027 10 3
857.48234334496078 906.21678984158189 5 4
689.42099207629394 990 10 3
857.59839180662073 896.21746322652689 5 4
989.28851250493756 262.26732822664769 5 4
254.31380457511497 146.41725051904282 25 2
949.07750840716585 284.24591208620421 5 4
162.07386720107652 984.88568498226903 10 3
866.20003844516623 901.31762744992204 5 4
184.92288133491644 942.55429877592269 10 3
5 35 5 4
869.11193654094893 886.60298000325258 10 3
963.72314975794177 287.12769536090389 5 4
189.1238269495725 928.15457461388735 5 4
5 827.91796067500627 5 4
243.10223456452673 917.60319975779123 50 1
22.939178893017345 794.14327032236292 10 3
170.90124958300416 972.75814111373438 5 4
870.07704392142296 939.20503590714895 5 4
204.85920212678587 878.07510253611986 5 4
973.42962723856783 289.53275147627829 5 4
224.29776716372851 164.41829210330255 10 3
36.917252246066283 788.70144477051144 5 4
250.11132394494646 271.34658717202063 100 0
935.84723899639107 311.1709927976583 25 2
190.2071705027135 961.84357787056751 10 3
909.99874145888668 295.94420143986963 5 4
181.97287931396971 982.87836912996011 10 3
900.01013175754349 296.42135574848805 5 4
205.03920147440792 159.02314172633217 10 3
204.90075645588229 868.07518887460583 5 4
30.3906121678346 781.12497004348836 5 4
862.5187390332344 336.66306882822198 50 1
44.368685520883503 775.68314449163688 10 3
992.05710544305532 933.592598178657 5 4
329.27274785030295 143.93595588374686 50 1
849.18193670972994 283.30456712714567 5 4
211.65250357113337 172.48658242243386 5 4
26.535601715668804 766.62880177688453 10 3
966.49354880481349 296.73627949807479 5 4
43.293434423822255 755.7120695311279 10 3
13.660254037844387 40 5 4
7.9443026189567973 794.53529777754443 5 4
834.58370853614315 279.85612774216344 10 3
201.72057847024644 173.65142738652662 5 4
61.126518229036961 764.76641224588025 10 3
876.09586201517072 899.8779483636863 5 4
11.030092660330123 785.02331061288942 5 4
101.80265380895388 662.56341818854253 100 0
193.26359692676462 168.31481205719962 5 4
774.85825366281802 274.12288780523392 50 1
882.88771870774326 892.5382833394799 5 4
34.761539251747323 743.37485895609416 5 4
872.3947488921458 909.16782250979679 5 4
27.377983842901422 736.63074229603387 5 4
76.121394503097548 764.37438479069874 5 4
887.25562812338194 878.18832280515176 10 3
190.04021740445759 158.84856546970931 5 4
800.71076057682831 225.57756994386807 5 4
988.10541276604783 286.43092634397152 10 3
873.47984595658761 872.25301946892444 5 4
826.66357860287462 292.59471250814687 5 4
880.27170264916015 864.91335444471804 5 4
14.320465169719281 729.24824907900347 10 3
976.20002628543955 299.1413356134492 5 4
863.48968439437215 872.6964965944137 5 4
192.8704432530829 178.30708057785449 5 4
791.49357346951297 221.69897975815121 5 4
273.95871599744487 169.09052675360613 5 4
10.661859325545823 714.70126989853509 5 4
447.09873746825969 236.76394827046792 100 0
342.5913035890153 202.43908462943713 10 3
85.923145575967439 766.35571664212966 5 4
5 45 5 4
905.10525845763414 848.08199960004174 25 2
275.05922019953783 118.22810845033219 10 3
343.90317126642941 217.38160795038115 5 4
413.80234812147881 90.506126406242217 50 1
354.14095404022612 285.5886397712527 5 4
868.10070271880886 863.82302433087966 5 4
6.1153196000262557 705.79458833218996 5 4
707.9451857296657 995 5 4
357.27376609392445 300.25784181622441 10 3
239.61555456824766 120.26459392863838 5 4
326.0592293473922 198.84199652438539 5 4
771.65933217460599 199.19113951846128 25 2
876.11936474303286 855.81620709440335 5 4
368.01696810830964 333.56825475989876 25 2
675.27885645256299 995 5 4
256.23560020541913 111.47005175354312 10 3
286.8402591652374 108.9433294605733 5 4
674.17049537702235 977.06082110698264 10 3
193.48305302435071 149.45990832960695 5 4
643.31016531949831 960.54900628423582 25 2
25.229185193626314 746.39714718037453 5 4
554.56333289778627 872.52060328206517 100 0
293.87757330493218 101.83866833570241 5 4
875.18768169408349 845.85970335582624 5 4
203.99083000079833 858.11667322987546 5 4
652.67719012618397 932.0488510869227 5 4
95.8689284695445 767.39562175021752 5 4
646.6954833509875 196.18506447152134 100 0
105.86853200112076 767.48466786908375 5 4
665.27885645256299 995 5 4
302.08497585934998 96.125653080188357 5 4
855.99830156396854 879.32063301272012 5 4
347.52479549296686 311.65773533422117 5 4
284.20609921566688 99.296506078750724 5 4
311.19114773578275 91.993143702477894 5 4
661.21465958850865 984.6203395454196 5 4
397.73078504492241 329.43436034210549 5 4
291.24341335536167 92.191844953879837 5 4
865.60043595689126 817.4328723827 25 2
218.52926111422255 861.8091007186988 10 3
753.81553091680871 223.30749821276319 5 4
928.69725859292578 776.88918023167844 50 1
320.89505845897651 89.57775208282591 5 4
683.16271429814765 392.83231481346354 100 0
619.8715533297235 302.86438195253231 10 3
209.54242848501403 849.79923646906661 5 4
312.62722351042549 77.062045739853573 10 3
383.48175212679456 153.23024743024527 5 4
832.31854882378013 750.22189121995507 50 1
401.4357013036215 343.96961388361711 10 3
607.94166565458579 293.77164968667307 5 4
938.01277085594336 836.1616125360606 10 3
281.57193926609636 89.649682696928153 5 4
753.37170875279344 169.34884018375902 10 3
858.1105411565934 864.26650145636893 5 4
716.48533356597352 288.00100725159291 10 3
604.87761167599172 303.2906608336495 5 4
274.53462512640158 96.75434382179904 5 4
273.51779325644549 766.53968625191555 100 0
650.08184764673024 922.39151204273753 5 4
401.61081105691147 453.96947450432111 100 0
668.9763888492206 775.51723927929493 50 1
657.76938885873562 834.46130726932483 10 3
384.26860929116555 143.26125270645903 5 4
354.28378306127371 360.24033057832486 5 4
415.23213681846482 349.85674961203119 5 4
430.07874257342792 347.71705394285379 10 3
330.87591759180089 88.959325878080406 5 4
770.80068040267633 111.93602848438675 50 1
862.72155948103011 855.39302919283489 5 4
340.80377937779889 90.158308929720548 5 4
768.16595243541576 166.87288504297166 5 4
184.41346170960108 172.97046524852752 5 4
350.350450038921 93.135065434386377 5 4
778.15666052596976 166.44189565871682 5 4
559.86110887401662 672.59078167031635 100 0
660.90674481740359 716.06237534706679 10 3
934.97717350826917 850.85123978602144 5 4
690.26791247569452 52.653035223090569 50 1
339.56620739942991 363.13739230322864 10 3
875.03723601100796 788.95574463535468 5 4
603.02189794664423 773.76956544749044 10 3
852.73139791881465 855.83650631832415 5 4
716.06950418067436 117.36726677377942 5 4
348.15506146228114 83.379027867958129 5 4
857.34241624325136 846.96303405479011 5 4
712.54340425637338 685.50660008307034 50 1
201.9120806642573 843.33566221527542 5 4
511.40254382515872 771.34181950489108 10 3
787.90419571988593 164.20905942572378 5 4
889.35244289113837 731.59033391753508 10 3
701.55605653292957 289.45589118875989 5 4
969.2639478516852 306.3448636352457 5 4
115.83125681893604 766.62204732418081 5 4
982.91931409392168 312.55219581504639 10 3
184.02030803591936 182.96273376918239 5 4
592.94772400085401 294.19792856779031 10 3
359.20033715661771 97.791190218369877 5 4
175.56332649243754 177.62611843985542 5 4
331.51458089086918 375.79327277701015 5 4
847.3522546810359 847.40651118027938 5 4
594.51563862423563 314.13637493990734 10 3
968.39692108114707 316.30720595917586 5 4
357.70173212340325 86.355784372623972 5 4
318.05870987971116 382.42196309494449 10 3
766.08344571158489 328.41840092942289 5 4
476.57696556005794 774.83167602075832 25 2
338.60839080115903 80.4022713632923 5 4
894.3673225750739 671.80027636817613 50 1
615.13650966568173 786.75411649237969 5 4
771.83508709536534 336.5987812012919 5 4
956.97637786639211 829.80695997645853 10 3
903.29973104347937 726.07008453951164 5 4
776.78244391862688 345.2892161998019 5 4
965.68527516295444 817.59405254710623 5 4
465.45924296562657 808.01896642406291 10 3
780.88064219657804 354.41088111771018 5 4
972.44414324197135 810.22399811783328 5 4
325.3491121995296 367.92009071280569 5 4
613.3847665495681 762.92470701971308 5 4
455.83929704505971 796.50998556191144 5 4
325.50235248592338 357.92126491101146 5 4
831.35295971529058 810.21412103076943 10 3
345.95967288564128 73.622990301529882 5 4
672.21522965959105 830.42179200677901 5 4
719.86318646456118 273.38628488695309 5 4
811.68889144760522 806.56385814108444 10 3
711.38392492619982 740.49437697651183 5 4
743.97608132174742 775.30246258968782 25 2
448.84682553382976 354.62784709497993 10 3
462.16139856972313 822.65195047860243 5 4
449.86635591766009 788.48976272905838 5 4
973.74227938855529 330.32245281984234 10 3
715.99074288639792 107.36757694566356 5 4
483.50185550939256 359.52977502109655 25 2
988.2646724013299 326.56744267571287 5 4
426.89591078851328 769.1931658640965 25 2
450.74321532769812 805.11405152690577 5 4
560.29389022220403 306.79662451444682 25 2
454.49873273294997 747.67377412771782 10 3
453.6968464319599 817.32735123480131 5 4
438.20794806684034 736.07160472012652 10 3
469.36966904256337 745.71029423848518 5 4
794.31700733282821 796.65337670460724 10 3
484.49862754248551 389.51321120699834 5 4
949.91313103358664 852.2358598790114 10 3
452.83915027035579 732.76586394386413 5 4
415.86655878879048 339.87689446460706 5 4
332.69668062271666 66.616348007705952 10 3
655.27885645256299 995 5 4
496.56031327862041 398.4303709118999 10 3
347.416291742157 63.729645998067944 5 4
976.85490489220047 827.60601397889093 10 3
313.57951089585561 396.73757612628293 5 4
837.33342850771567 690.43183367059612 10 3
447.50998380758347 724.30418652079584 5 4
725.97224034745784 743.98451353113023 10 3
823.38614035537466 695.95208304861956 5 4
438.04657923781417 721.07247274187466 5 4
809.31460711084435 669.45695232336971 25 2
447.34861497855718 709.30505454254399 10 3
498.42081282564607 413.31454174656574 5 4
450.39900203605646 831.96033528934083 10 3
432.71741277504174 712.61079531880648 5 4
507.36265570811258 408.83755103122104 5 4
912.97846747438791 723.55571362395381 5 4
720.69684190493001 794.22538551862499 5 4
299.85022905954861 390.6954887171791 10 3
797.08632544877037 160.24818911202539 5 4
765.85232862800899 795.83121812418824 5 4
422.8954913149575 684.26419307388232 25 2
332.24883211111137 344.52406323801557 10 3
428.05396839942165 721.45682756809754 5 4
451.00086370045642 694.7564780048416 5 4
344.94966139151188 33.831222382210264 25 2
511.50345751080482 399.73514692951136 5 4
584.90910478981107 331.67816811187396 10 3
581.0178363257163 285.10519630193113 5 4
316.74375432795375 54.553838209415126 10 3
456.90166889778556 720.86961942049402 5 4
501.84927115758796 422.70845857960927 5 4
536.35833105132247 416.53500589573116 25 2
308.53427221935601 405.37155358149732 5 4
763.67449714966551 37.275345978502116 25 2
932.40745345663265 860.51542825977424 5 4
304.32942804340416 376.37987568584066 5 4
789.93271553682189 366.37164899618881 10 3
509.00286187697066 390.05284237552996 5 4
922.041959445815 719.33041916275033 5 4
786.59889654481071 333.94737958319138 10 3
304.33326518764147 414.44632850539944 5 4
737.57636997069721 734.47955820840207 5 4
310.00092013557719 35.724759977751276 10 3
771.38419019931962 787.50064146012369 5 4
746.02990570203076 729.13748617228453 5 4
418.22343694250145 735.28463895138259 10 3
775.83275043291803 796.45666244312986 5 4
746.42950792848819 739.12949888547746 5 4
458.41608435505424 343.07668760285895 5 4
808.11521104793076 396.27811747691226 25 2
443.76658567379513 818.50630045968444 5 4
560.53509454567643 356.7960427158053 25 2
804.93252416010796 366.44742013048602 5 4
175.17017281875582 187.61838696051029 5 4
535.91987997806939 331.91449911837816 10 3
814.91382818092893 367.05862389678833 5 4
790.41002745002822 351.37924514165263 5 4
759.59568510592499 722.73673393798583 10 3
436.78406552107981 825.66482071997041 5 4
799.72727407538673 355.01089976761119 5 4
403.63642106879433 869.55369934844384 50 1
434.07586519852424 816.03852075513919 5 4
166.713191275274 182.28177163118332 5 4
355.50634354676339 76.599746806195725 5 4
252.94093750525786 434.03787401325837 50 1
316.76649519035738 362.78796783100836 5 4
642.78962252703332 930.55352270418314 5 4
526.31334614364482 349.45629229034483 10 3
968.14600759563814 839.81892140824323 5 4
273.45089174595284 531.91198589706858 50 1
798.21375592655886 345.12610018374664 5 4
316.91973547675116 352.78914202921413 5 4
531.31623972137231 363.5974045468094 5 4
744.11773664135774 63.842156606253361 5 4
807.53100255191737 348.7577548097052 5 4
588.60722903128385 346.21515119278286 5 4
784.66240301075402 58.711479201779298 5 4
981.25094783523127 847.11690341128303 10 3
806.0174844030895 338.87295522584066 5 4
983.85938099161103 800.49299883105903 10 3
500.97224464386971 384.09388383771295 5 4
533.07259387417707 378.49422367338559 10 3
983.01636931932069 785.51670652220025 5 4
510.14816273426788 380.11864457468693 5 4
736.8322538408861 14.814402673460684 10 3
992.61689444527497 788.31490546186137 5 4
839.79393958095932 517.19733910246975 100 0
751.05793230919846 10.057295136711662 5 4
926.80415618288532 868.79812466022349 5 4
799.64977654521806 59.326812069785142 10 3
760.70463926258515 7.4227088398748684 5 4
988.45821343355544 771.5386403957159 10 3
808.22623982578386 71.633081918813573 5 4
769.21813851545858 705.20366830811508 10 3
479.34143096120374 744.9593187142807 5 4
814.90510098172911 79.075716778834959 5 4
462.57815471477494 735.03561997295287 5 4
522.34330346865204 368.01174651414937 5 4
980.61984536098362 758.74958312166768 5 4
818.01118126362667 69.570335919426583 5 4
936.31074875315676 714.70422724037098 10 3
770.6813304256475 8.1050822251077701 5 4
442.24798637740611 794.96745101641295 5 4
976.4771690437567 749.64803199393748 5 4
779.87948455804519 12.0285960273845 5 4
829.90077964957482 78.715687209609953 10 3
970.75499155460147 741.44701469224822 5 4
314.66991982268951 16.277383755706687 10 3
826.40152749483457 64.129555633433029 5 4
965.54022960660632 695.45228061054092 25 2
518.17877996736877 386.07760311250394 5 4
980.71836961931763 740.59197227252105 5 4
793.32497254776365 18.678321790025784 10 3
949.34403367268214 670.19988988669184 5 4
974.99619213016251 732.39095497083179 5 4
793.45800219547891 33.677731882187032 5 4
294.33612422361233 376.74577015878862 5 4
936.77883031438205 869.50937424402014 5 4
802.85615968706679 30.260915269708249 5 4
986.44054710847286 748.7929895742102 5 4
960.99225884366672 660.74902482755351 10 3
966.47114759259057 849.67766595155058 5 4
613.32724938420574 959.53670592506523 5 4
836.40580234330946 824.33746275206454 5 4
772.54339922953841 685.48203954212829 10 3
645.27885645256299 995 5 4
840.29706573821863 833.54930671467275 5 4
989.45527076804547 728.39908261020719 10 3
949.90082182042056 721.0532361414854 5 4
515.92497454600152 332.3658933614351 10 3
286.79353366423663 383.3115395465768 5 4
288.60925340579115 82.545021572057266 5 4
599.51853220196313 328.27748719637191 5 4
284.87870585870974 373.49657981791864 5 4
970.65825389256099 864.0814203521486 10 3
785.56132473929972 416.05998322252236 5 4
441.05838535123951 808.88000049485322 5 4
327.87583347037184 9.1637458165114722 5 4
769.20199383548868 665.76313972513503 10 3
297.35808388949545 466.47422872646882 5 4
432.92383066060853 798.5813298423991 5 4
301.46400617500717 23.391021694901884 5 4
774.20819346128087 719.34931610656088 5 4
418.6556190114149 803.2093030849552 10 3
808.01823400563103 21.696279332926135 5 4
773.090094821702 729.28661228973726 5 4
408.08713020091852 792.56472492222781 5 4
806.64996989847646 11.790328932632761 5 4
298.28072749505645 85.08718382900895 5 4
826.40587224451178 824.37485284647948 5 4
781.36461200422866 788.12608577906531 5 4
759.56518959931509 648.23795772569019 10 3
295.60885818652679 31.497638870579678 5 4
611.15851573963323 974.37909772621708 10 3
299.02046332085621 476.33508541471787 5 4
525.53150838042609 314.82410018946842 10 3
817.49450043515071 59.583692793656773 5 4
787.04698516002225 5.0552944334005536 5 4
781.99038879114937 713.06939287074238 5 4
291.51589576787478 22.373623381799419 5 4
825.88484666635861 54.142912507663219 5 4
779.56084453486687 648.6548314455888 10 3
745.99417454414504 641.84831373151121 5 4
834.79187372604247 58.688775347439559 5 4
302.84656251184998 48.908657997374171 5 4
332.91884116661424 539.88462609349369 10 3
297.37104375635516 14.267006206121616 5 4
302.38660939635815 58.898074553487419 5 4
324.52580566992896 552.31671984922855 5 4
753.02609842098445 634.73831748746613 5 4
623.42521660030638 983.01206071668344 5 4
980.73858198161338 663.92435513033979 10 3
166.32003760159228 192.27404015183819 5 4
631.91289276217651 988.29972119852437 5 4
816.97781960667476 49.597049667886964 5 4
838.70083766554308 675.49429062647107 5 4
973.61533712025948 645.2358725101484 10 3
743.35269911440969 632.20349089466731 5 4
792.98579480530066 43.666576669281341 5 4
337.81347927643787 559.27644183555003 10 3
988.83667994857547 676.55055049226428 5 4
767.16871443833691 629.73967645357254 10 3
323.10416281653005 562.2151506136164 5 4
994.97316338791984 668.65475597881277 5 4
174.77701914507409 197.61065548116517 5 4
398.68273990712112 804.25050445129341 10 3
346.20651477312316 546.84434807981518 5 4
165.92688392791055 202.26630867249307 5 4
398.65229329256067 789.25053535120321 5 4
787.960200387849 698.2226141777212 10 3
157.46990238442874 196.92969334316609 5 4
989.9598451317936 834.90399598193073 5 4
389.23098821289636 792.60299871355198 5 4
401.07075401277865 745.56984523576978 10 3
991.63470513484117 825.04525143862338 5 4
384.01046166399857 801.13213129267479 5 4
327.65904357600056 576.50686364134708 10 3
782.88728259219397 425.69582768969298 5 4
379.23427945268168 792.34645639063683 5 4
732.98272005908393 490.90354926057483 10 3
812.85438914176734 30.449084797417065 5 4
361.63255725528677 584.92115911294491 25 2
718.01450560982994 491.87953911766573 5 4
720.64758706677173 506.64662691591184 10 3
352.15545603966154 554.8823887494857 5 4
384.59543946517834 778.33724644430481 10 3
315.13345436602975 568.25400868423901 5 4
987.39764563079177 336.52978499964303 5 4
157.07674871074701 206.92196186382097 5 4
312.72967445329425 577.96080229135407 5 4
980.46156719703743 343.73331302143953 5 4
400.73984555219744 725.57258293337657 10 3
332.21392433547112 590.79857666907765 5 4
383.58716262247464 735.85778921776375 10 3
708.43407977740139 494.74579815504097 5 4
326.18811952497049 620.18717439652539 25 2
821.34323135634384 14.808286475533137 10 3
398.24401765154164 760.30108963480347 5 4
953.86901398231282 642.06054220736212 10 3
277.33611529933404 380.06234920570682 5 4
966.49209225890559 626.547389889957 10 3
985.4380541352017 861.52065781188105 5 4
765.97448075288901 736.31285142769082 5 4
951.50843733885267 627.24745077071896 5 4
955.29910222335093 360.06886799970704 25 2
986.23841539685225 629.72272019274328 10 3
954.39812261350426 617.67406479639089 5 4
984.43267728475712 352.91101887155321 5 4
385.31094766759975 811.04720749785031 5 4
389.61301434526274 755.25076470198951 5 4
287.42293334922277 13.249607893019158 5 4
962.66290550833423 612.04437886364769 5 4
988.5989920403124 644.53581162938644 5 4
944.66248452217667 619.95821692676486 5 4
793.31604597920114 422.37380128225624 5 4
841.36465552035543 407.20855398581466 10 3
316.96116970620602 587.02140094291042 5 4
143.142123886804 201.36982434607603 10 3
946.983457029222 655.38679845004867 5 4
807.69231482320311 39.013720734199183 5 4
950.56893586293279 603.17105377008158 10 3
150.49042844864618 214.44661370992256 5 4
837.89089436248889 392.61633059737596 5 4
861.25384655639198 409.31095259978918 10 3
983.76319413215413 871.3794023551884 5 4
847.83462805139607 393.67565128729581 5 4
572.73716043581999 279.49891350434677 5 4
896.05374644962615 405.57371198392332 25 2
125.66673807203512 764.81558433813836 5 4
977.5015789398451 609.85034814531809 10 3
994.78316620223916 658.65656108826215 5 4
563.07389896663301 276.92570970788461 5 4
136.6781324106606 220.29644090045113 10 3
965.03281406544636 733.24599739055895 5 4
140.65225496738026 765.47458614339178 10 3
376.07399679165854 807.21592331164732 5 4
623.08980637738011 993.00643413287901 5 4
993.56091265628243 855.68806238218554 5 4
695.38926166211445 502.15071006127476 10 3
355.60675244478614 614.30975684039265 5 4
504.36853710766434 432.38592204235539 5 4
904.36549413211594 434.39930565452488 5 4
302.03180058349972 588.47533959291741 10 3
776.91605177063025 779.17006479605914 5 4
753.02705933881077 624.73831753363424 5 4
505.95576019106721 442.25915468842999 5 4
647.71752879700853 538.5842919005338 50 1
511.56533690291525 346.71836909285457 5 4
986.74076503004846 816.32462357987947 5 4
759.31320030087102 616.96114376644164 5 4
989.60797305999961 366.98995042329949 10 3
913.37786992478266 430.06605253801354 5 4
769.09068087958281 614.86331786019616 5 4
380.338648289768 631.29013751671937 25 2
462.04755224610835 712.29524570776994 5 4
761.23516674211692 602.08478517306526 10 3
547.15905036928768 383.64900237002774 5 4
386.36445310026863 601.90153978927162 5 4
401.30253165240066 603.26308639895217 10 3
386.41389898371159 721.12654481873005 5 4
704.71549744433878 519.8431187761546 10 3
299.015902224831 367.90836794663886 5 4
783.53786418225013 722.94893334153039 5 4
707.7086255990821 539.6178800604099 10 3
817.69054427790365 39.201890261907991 5 4
750.38992702937969 612.44725474229756 5 4
700.81147445022646 552.93813929324165 5 4
741.29664861009428 600.51778335462257 10 3
414.91084561173631 720.65498623249209 5 4
406.82825440906498 617.20820697987517 5 4
752.14188832283151 590.15531378539015 5 4
622.10057802150038 484.32775466339353 10 3
409.98493321110607 626.696904411069 5 4
975.05429683559169 883.5923097845407 10 3
612.79606733722403 496.09321601967639 5 4
588.51403514101253 474.48173326705512 25 2
700.05742445132978 567.91917425746101 10 3
151.09787597370914 224.42814703423176 5 4
421.82563840653461 617.48833772156991 10 3
658.01378886758994 854.54831462314041 5 4
740.63855663404888 580.52861341310017 10 3
942.72239889945558 632.02296420295193 5 4
473.70518612030213 736.6990073343502 5 4
775.61718937382773 738.96203440583201 5 4
994.55065920785546 865.63896192763616 5 4
723.65647365214886 591.09312275314335 10 3
160.30012823305404 216.38820845131127 5 4
724.31456562819426 611.08229269466585 10 3
726.24177488478188 576.31759509635401 5 4
732.0263609505854 562.47784928773046 10 3
710.71648193281487 554.31321266214513 5 4
740.87105616803103 615.51174450814233 5 4
158.64375514924888 756.73926009304751 10 3
912.62438930837618 440.03762548117049 5 4
553.10174763695397 277.67149644548493 5 4
154.53120077186318 771.16447747418408 5 4
775.37682184164305 607.08614409300355 5 4
557.44195304122604 268.66246669479995 5 4
723.33750714764858 527.13837439949214 10 3
452.88796494340477 684.93614965499182 5 4
689.07424362504901 601.15123316053257 25 2
722.49932211921669 542.11493761867268 5 4
591.84957937768058 444.66774083656651 5 4
778.01395415107413 619.37720688434024 5 4
543.92872326119164 281.65340852408099 5 4
581.86527370500471 445.22777675913886 5 4
709.72391736617203 579.38908771516867 5 4
413.91434492023302 641.17308220840823 10 3
572.61971930299637 449.03825229370187 5 4
942.67944679165532 423.63040236769245 25 2
147.87066993156228 778.62352090651507 5 4
573.94252789056986 439.12612954221004 5 4
980.216481304539 384.64780653912271 10 3
993.75488511948504 685.25751654806345 5 4
402.76895406057974 651.21201953192792 5 4
556.72795569723905 386.55349041866987 5 4
718.82841346724865 569.60625599800483 5 4
795.92547489708659 170.18058187493278 5 4
965.64969377383591 388.2267311031996 5 4
723.18441567646823 8.5905362354769537 5 4
782.11712088357115 628.49663793925424 5 4
392.42417902683428 707.38330888961787 10 3
357.10600447269474 61.257912355529655 5 4
654.19607200923372 598.23350378004932 10 3
379.11135204136389 714.29479481197427 5 4
365.44501241643434 55.738768715955871 5 4
928.2125321973715 391.76022222823138 10 3
787.96319647893893 620.38347578549167 5 4
371.50675913518256 47.785453261521468 5 4
406.75012559532013 711.82934700426438 5 4
640.11769718966639 593.056693715949 5 4
506.59654382654122 452.23860338725643 5 4
970.8249895490784 402.30566265494588 10 3
583.18808229257831 435.31565400764703 5 4
915.95029015600437 383.12092711121358 5 4
957.95059685979993 394.60825965898329 5 4
822.85261859646789 30.637254325125888 5 4
994.7832688352421 381.06888197504577 5 4
768.50157530501474 745.98827354378557 5 4
129.32982784881841 207.21965153660463 5 4
575.26533647814347 429.21400679071826 5 4
907.46534513566542 377.82888516109404 5 4
506.28507591761951 462.23375159734877 5 4
919.19189514434129 368.47538181240037 10 3
122.74350758671757 214.74430338270619 5 4
379.91606652535683 35.364360345937889 10 3
959.18397199991159 724.77118217996087 5 4
520.57608402872211 457.67665963334366 10 3
867.70170586869358 395.76749992741776 5 4
377.37448279525978 817.13099951682284 5 4
993.79569989829815 391.01999787200845 5 4
509.183322248639 476.95109402744572 10 3
792.06636321143594 629.50290684040567 5 4
605.67962182330007 503.11861303673891 5 4
566.71987645279455 386.15159538921591 5 4
411.55557483594049 655.98646142077723 5 4
570.13398955807725 269.84368169038851 5 4
92.010904402736031 260.35687951622367 50 1
961.94935659599855 876.2943277815009 5 4
394.11581939768331 663.4644993015819 10 3
660.96068339487238 611.62155938201363 5 4
564.69697348856153 442.93660507677311 5 4
599.95285918453988 511.31642918979463 5 4
986.77292269746135 398.13902873213306 5 4
839.05256791687702 665.50047824929004 5 4
797.91243880680372 621.3897446866431 5 4
664.60156586604705 626.17298456414244 10 3
576.02459921867023 382.48797228493856 5 4
113.97667551615613 209.93362199161666 5 4
746.42314269985241 566.68886760447663 5 4
140.68670656617593 234.75089811058996 5 4
651.04251650646245 612.89826043302321 5 4
379.27701607409023 661.27134724946086 5 4
164.51191866043044 770.54377591237403 5 4
566.01978207613502 433.02448232528127 5 4
836.10008030087408 655.94627410256237 5 4
373.7218651073398 700.29645810406555 10 3
679.23018120861036 629.49015401403824 5 4
793.8092720743067 612.2703136317291 5 4
989.50417665407224 879.5672665262058 5 4
574.54502851392817 392.37791012749699 5 4
144.51850276939953 243.98763659649293 5 4
451.44256911652559 675.0411594627966 5 4
830.87465216168664 641.88587223198317 10 3
642.52592984150647 607.65729186048884 5 4
421.3905378709868 654.17717921524036 5 4
573.78342102485294 525.98477969032194 25 2
369.48203848758669 659.25679665940538 5 4
758.85886668407602 743.33909056564437 5 4
630.3802520143206 590.78025758525382 5 4
806.46314496070295 633.71392515715183 10 3
387.03469209281025 693.38497218170914 5 4
590.52446374356782 556.72136194486291 10 3
446.82527575613892 666.17095078294415 5 4
843.77639005562764 649.53735308970261 5 4
547.46980171154701 269.40825343240033 5 4
956.20837407408044 868.1064636104835 5 4
689.09125782820615 631.1512283358137 5 4
372.63487529264148 668.74677137384435 5 4
439.16410384822416 653.27496516735903 10 3
160.059103036843 779.49768193278408 5 4
354.98214884377398 655.41580716225053 10 3
500.52419134418358 489.19933683935574 5 4
792.61885728240907 639.48763269049994 5 4
988.82299036777681 889.54403881203871 5 4
562.07196738017865 395.00580011085492 5 4
563.37416490098803 452.84872782826494 5 4
845.71859407974068 639.72777391785644 5 4
508.9750644305953 517.9844500765372 25 2
351.86680997163205 640.74288435485721 5 4
570.95961905875708 560.87068146247441 10 3
841.06349058471869 630.87734955228882 5 4
755.63635249305526 580.78575028632451 5 4
552.31683215879389 553.62868611570968 10 3
369.11518266802983 714.57155799525208 5 4
583.06158152659896 569.73310237478427 5 4
621.21593995575779 586.77833498564235 5 4
943.09512759559823 393.63328234811001 5 4
295.64656754548594 75.440360447186379 5 4
555.45141908655319 446.74708061133617 5 4
982.02238473384352 896.87559819676142 5 4
343.33659797261072 645.9616469717763 5 4
611.9952003430152 315.63008066544148 5 4
732.09894493544743 539.31364474107102 5 4
335.2349281333743 658.58555071887474 10 3
379.73214515046254 686.55322217495336 5 4
851.05573466708404 631.27112385113787 5 4
551.81000711581908 260.39922368171534 5 4
293.27808133770316 5.1429907173413536 5 4
554.1286104989797 456.65920336282801 5 4
346.88047900453756 668.03971090934897 5 4
479.63372032947029 524.23629191229861 5 4
540.68354366407459 537.36010907902232 10 3
682.72218695817674 638.86063403616072 5 4
537.40577687362793 551.99760356638069 5 4
481.11021084148325 539.16344756124715 10 3
356.61547047514085 670.32661734977921 5 4
375.04682504369572 15.966151990698716 10 3
831.88001445723796 626.91960193325201 5 4
453.2284276689262 658.48982810577195 5 4
846.40063117206205 622.42069948557014 5 4
495.09745194452614 544.58166556399931 5 4
698.95044398078448 629.47896986033561 5 4
561.78215844549811 259.65343694411496 5 4
822.24971064284557 629.61353000254019 5 4
368.13753191931858 813.29971533061985 5 4
994.43190565445639 352.78679322765674 5 4
369.75836263339363 685.82957702558076 5 4
349.76745566634838 677.61391404873132 5 4
369.43801792291981 823.21479153579537 5 4
359.50244713695167 679.90082048916156 5 4
361.76827617186041 8.9890365510430961 5 4
856.39287525442739 622.81447378441931 5 4
338.35026700551617 673.25847352626806 5 4
507.54273610467237 552.95512973202517 10 3
388.32537391553109 22.943267430354297 5 4
488.15864570149159 557.88027330773036 10 3
453.38076899473481 648.49098856708292 5 4
556.15021252009115 251.39019393103032 5 4
707.71227453828112 624.65918508487948 5 4
361.54613677141191 691.53565679997917 5 4
468.42518169682626 554.62598408017584 10 3
528.93392806120119 546.68462156948067 5 4
475.47361655683466 573.34280982665905 10 3
104.48370225176259 206.7898251467951 5 4
807.55882824834896 618.75399607532881 5 4
389.75997695779148 13.046706709015943 5 4
440.56032810771433 575.80498156488602 25 2
600.94107467995923 567.51461060316092 5 4
490.45995181938753 572.70268843319946 5 4
471.12179396406913 592.86361001827765 10 3
394.26378474469885 30.989090994416756 5 4
612.92771347872406 581.18322087908507 5 4
361.16642771216686 708.50383233800255 5 4
150.60185484469312 236.05083449942504 5 4
487.53199658601829 582.26443922222268 5 4
397.61334843143555 19.237389748629059 5 4
454.43794059378331 549.2077660774238 5 4
328.4354599522095 671.9559371176789 5 4
497.27669329065287 580.01924744095243 5 4
399.04795147369595 9.3408290272906989 5 4
546.20586468454485 450.55755614589924 5 4
321.54263875719829 664.71100675406569 5 4
500.20464852402216 570.4574966519292 5 4
456.79071721412652 606.81424581695205 10 3
460.95177967596442 541.62028293665503 5 4
471.75489808289228 607.85024336852439 5 4
389.29988767979142 683.6449060139297 5 4
406.90132294734002 15.531512066903819 5 4
374.35295130224767 723.09011302145245 5 4
408.33592598960041 5.6349513455654598 5 4
381.99734073744366 676.81315600717392 5 4
405.46671990507963 25.428072788242176 5 4
167.39400473015121 744.55594641113328 5 4
416.18929746324449 11.82563438517858 5 4
991.77200422733426 899.09931574450582 5 4
528.56867508824973 556.67794885651324 5 4
447.21459247764977 640.61836085073878 5 4
94.578405091533469 205.41684001666539 5 4
984.97139859340098 906.43087512922853 5 4
537.04052390067648 561.99093085341326 5 4
494.34873805728364 589.58099822997565 5 4
414.75469442098409 21.722195106516935 5 4
437.47042101415332 638.37089060844812 5 4
84.588231875476325 205.86005453941365 5 4
457.11557633308377 639.21460920089623 5 4
413.3200913787237 31.618755827855296 5 4
441.82653634536075 605.7782482653796 5 4
74.84343626362616 208.10481699527961 5 4
444.28887306997484 631.05592570337421 5 4
467.77835931738036 617.02559837235833 5 4
431.90484493436691 604.52923283512632 5 4
65.666160259680453 212.07692036092882 5 4
434.54470160647844 628.80845546108344 5 4
404.03211686281924 35.324633509580536 5 4
35.692208011801348 210.82704571046858 25 2
458.91842406153341 621.66257446267844 5 4
422.94487387596723 600.0886339304019 5 4
444.50074463263354 615.41404662546802 5 4
64.411738365409207 202.15591105183265 5 4
422.60806589462817 27.912878146130055 5 4
528.20342211529828 566.67127614354581 5 4
40.761000184948273 240.39573431692261 5 4
26.349800254666491 244.55714232016459 10 3
994.72101808689172 908.65459267697292 5 4
507.02138999528751 577.77405565968218 5 4
303.22619174483555 6.1603890304438433 5 4
544.88305609697136 460.46967889739108 5 4
543.96131045452114 522.72261459166396 5 4
320.73527950715419 654.74365148592324 5 4
543.92550940381966 507.72265731556587 10 3
415.94217550998388 592.94985142950907 5 4
307.04299013097818 660.86910752111419 10 3
424.04266893688856 18.016317424791694 5 4
558.80076363828414 494.35378258879678 10 3
16.133150745955458 233.57442531497162 5 4
987.92041245295843 915.98615206169563 5 4
509.9493452286568 568.21230487065895 5 4
536.96031028253651 454.36803168046231 5 4
552.80580191140621 466.57132611431985 5 4
540.21539675719202 474.72495708786391 10 3
411.67482743263724 583.9060833881025 5 4
406.0446075352753 570.00282391748374 10 3
431.89604041053263 24.207000464404814 5 4
436.72430258868457 10.005314496216828 10 3
543.88970835311818 492.72270003946778 5 4
446.54626297253765 27.427400887290112 10 3
11.50044737435813 242.43659544822853 5 4
433.12749700017088 34.130886531255662 5 4
13.467456394008959 252.24123085790146 5 4
6.1419345920965895 233.99347157359898 5 4
22.53533651875162 264.19001950124505 10 3
451.37452515068958 13.225714919102121 5 4
534.46960057999627 496.0785262481337 5 4
464.95180056199416 19.602045557140308 10 3
415.91124177247781 558.704614819168 5 4
462.52598827681561 39.454386344993935 10 3
401.68492163120516 584.35528498929477 5 4
555.13281210174591 476.29680931949042 5 4
516.76608669992208 575.52886387841193 5 4
440.32284957752768 41.075445645232932 5 4
7.9722568869090438 260.59603680281538 5 4
35.417680379409155 256.50593096350821 5 4
458.39947224941892 6.1088252712254318 5 4
474.83669029793799 30.884286243645459 5 4
393.63265400935978 578.42561500301554 5 4
8.9495372161836162 270.54816839147583 5 4
477.48762397956506 40.526513715325187 5 4
479.73138048675634 22.164079367917928 5 4
392.52354297610651 588.36391831474418 5 4
391.09681017681027 568.75248231205546 5 4
15.964950568821756 277.67445602892258 5 4
30.095934213999826 282.70588735804853 10 3
484.51257107829434 33.409624067448476 5 4
519.98090752310054 75.445288803931902 50 1
478.05736848679146 12.305190798511461 5 4
395.20443183691185 559.63505700128576 5 4
6.2856977637988063 280.18683839163242 5 4
15.942716523839641 287.67443131125424 5 4
36.666320163929683 269.221450830371 5 4
492.7100251669346 27.682343171191064 5 4
487.43242244095995 15.784898165005117 5 4
470.55865963136114 5.689348788495586 5 4
385.25469907062723 560.63646494988745 5 4
22.210801452262061 295.46616483660557 5 4
501.80899602767948 23.534002626429185 5 4
485.75841044099508 5.9260095955986491 5 4
12.328919815577725 296.99861885502207 5 4
31.983389830345704 297.58666392704265 5 4
511.50869123538047 21.101737657783104 5 4
495.13346439516351 9.4057169620923045 5 4
18.597004744000131 304.79035238037341 5 4
40.917109045608953 293.09348454237124 5 4
504.55244037994754 13.917687683270936 5 4
521.4884597087912 20.465953718761767 5 4
8.7151231073157955 306.32280639878991 5 4
40.341456928863302 303.07690202540209 5 4
514.25213558764847 11.485422714624857 5 4
531.41839174631127 21.647668460241938 5 4
14.983208035738199 314.11453992414124 5 4
49.275176144126554 298.58372264073068 5 4
31.407737713600056 307.5700814100735 5 4
527.47682071369968 12.457237687156448 5 4
540.97022513182446 24.607816932092 5 4
5.1013263990538622 315.64699394255774 5 4
48.699524027380903 308.56714012376153 5 4
39.765804812117651 313.06031950843294 5 4
537.40675275121976 13.638952428636683 5 4
549.82819677820623 29.248542986482249 5 4
11.369411327476268 323.43872746790908 5 4
57.633243242644156 304.07396073909013 5 4
30.832085596854405 317.55349889310435 5 4
549.41819761012164 19.256951487518236 5 4
557.69948117648539 35.416434191862557 5 4
21.251292964160605 321.90627344949257 5 4
57.057591125898497 314.05737822212097 5 4
39.190152695371999 323.04373699146379 5 4
558.27616925650341 23.897677541908497 5 4
564.32387057795836 42.907593318303036 5 4
591.99552969887452 54.495487065478052 25 2
17.637496255898672 331.23046099326041 5 4
65.99131034116175 309.56419883744957 5 4
48.123871910635252 318.55055760679238 5 4
86.134607772547241 360.7427838959556 50 1
30.256433480108754 327.5369163761352 5 4
557.86617008841881 13.906086042944484 5 4
567.49920998451103 33.425124248846807 5 4
574.85809057708684 79.118813005468795 5 4
7.7556146192143345 332.76291501167691 5 4
38.614500578626348 333.02715447449464 5 4
566.72414173480058 18.546812097334744 5 4
549.00819844203704 9.2653599885542217 5 4
583.90314612753343 83.383431404497571 5 4
573.28588190818698 88.994447663628037 5 4
14.023699547636738 340.55464853702824 5 4
29.680781363363103 337.52033385916604 5 4
566.31414256671599 8.555220598370731 5 4
593.84735540812903 84.438278210301945 5 4
569.95152532573047 98.422176243780783 5 4
575.17211421309776 13.195946652760991 5 4
587.96172663690379 92.522792664944561 5 4
603.58580627658523 82.166148222237013 5 4
564.96524749360026 107.09033829699638 5 4
575.58211338118235 23.187538151725008 5 4
597.90593591749939 93.577639470748906 5 4
612.03644863640693 76.819500327865569 5 4
574.96523495187034 107.07450054334055 5 4
558.49188404261054 114.71238301159829 5 4
624.24272439633774 68.101310603357035 10 3
584.03008585947953 17.836672707151251 5 4
592.02030714627415 101.66215392539154 5 4
612.44146035811229 86.811295236953782 5 4
569.97895711974013 115.74266259655614 5 4
550.74543045874452 121.03634196726908 5 4
621.97066784312176 53.27438378020895 5 4
583.62008669139493 7.8450812081872385 5 4
560.09536635877862 124.58298808229868 5 4
541.98196785221251 125.85315866960639 5 4
631.79487641121841 55.141179433336653 5 4
619.90404103182709 43.490261253235069 5 4
592.4780583377767 12.485807262577499 5 4
552.34891277491261 130.90694703796947 5 4
532.49119746620579 129.00359950861562 5 4
614.73646851687101 34.928941594288183 5 4
592.8880575058613 22.477398761541515 5 4
561.6988486749467 134.45359315299908 5 4
539.96494445891108 135.64762734487789 5 4
522.58686377629476 130.38351767970144 5 4
508.09543442130695 134.25630417644982 10 3
624.73457508891613 34.734352349911418 5 4
524.82551112310625 145.21552556995738 10 3
607.04212502213761 28.54168254325128 5 4
601.33602998415847 17.126533316967759 5 4
553.95239509108069 140.77755210866988 5 4
496.24522131116214 125.05997614597203 5 4
481.64873045748726 121.60419045258978 10 3
619.56700257396005 26.173032690964511 5 4
634.25832320493214 23.145641385240648 10 3
629.90214760387221 43.295672008858276 5 4
510.33408176811838 149.08831206670575 5 4
600.92603081607388 7.1349418180037461 5 4
493.09834785797938 134.55192997380186 5 4
475.57050117394863 107.89087105950577 5 4
620.92890589499154 16.266205785029221 5 4
515.98859815272772 157.33612659275963 5 4
609.78400246245565 11.775667872394006 5 4
496.61684621071998 143.91249455836413 5 4
468.3018577832446 114.75868171929939 5 4
470.42978812425952 99.313396527876066 5 4
628.21499468710783 9.416905812521243 5 4
525.57063141306082 160.19700733090139 5 4
466.96515780331509 124.66894070499984 5 4
618.64028251671778 6.5316178105734686 5 4
638.18700726492375 8.6692660945552245 5 4
534.82150010008081 156.39945173084578 5 4
472.15449011412875 133.21708846740691 5 4
646.41293803829899 14.35557095022715 5 4
533.48484537850277 166.30971682090686 5 4
539.62970701955646 147.63126228150642 5 4
481.56348479976839 136.6039482232286 5 4
542.73571406552276 162.51216122085131 5 4
541.39905934394471 172.42242631091239 5 4
6.9077164903922004 148.56775423021745 5 4
22.761704997211098 171.12837538607329 5 4
5 55.278640450004204 5 4
5 177.38768882709854 5 4
29.87843825898176 178.15348091416382 5 4
5 187.38768882709854 5 4
20.236151776503576 180.80419994676959 5 4
5 197.38768882709854 5 4
5 207.38768882709854 5 4
5 217.38768882709854 5 4
450.12307893310219 131.80751274265461 5 4
398.93929044444752 143.45978082677527 5 4
460.09387450505034 132.57121141518115 5 4
701.34284816828972 106.52645909242415 5 4
651.11296690273252 91.278030202745711 5 4
638.55343566949614 83.07692203364077 10 3
240.77013831139851 487.67435084556672 5 4
227.08926113880861 493.82525320119788 10 3
285.6216909398122 478.27550906476023 5 4
173.97101539081797 521.72600531751323 50 1
218.01681732004079 582.4299370881298 25 2
214.93881564088963 485.02942042640615 5 4
221.37705221672726 549.61269878340352 5 4
262.08802128922162 606.04622343266033 25 2
183.04458808888398 581.03595624054901 10 3
207.61718346212396 478.2181281673071 5 4
197.9678966673641 466.73373596081774 10 3
232.21978322999104 608.85484502289455 5 4
169.14269803835913 446.88158433943403 25 2
231.95605195977538 623.85252637092663 10 3
284.26165105958648 585.83904295623586 5 4
143.10719387966367 470.27287594982937 10 3
190.38659286575211 594.11628367744618 5 4
119.18943711311331 444.72016745824016 25 2
246.62643971917501 637.4458969238417 10 3
168.75385469519745 576.47800285437097 5 4
127.9106940508743 483.27542927421928 10 3
198.74440481596247 451.75384827448443 5 4
74.574420832942295 510.75709514843635 50 1
145.22494127180877 421.32887584784481 10 3
195.76256971295422 602.54829843895754 5 4
227.51904161759543 643.35414013039247 10 3
261.5605587487903 636.04158612872459 5 4
120.63474217288595 549.20767119173036 10 3
130.8407230937564 417.07514014775865 5 4
163.12276111853444 412.40318009153805 10 3
203.61124073872151 608.74493971704374 5 4
242.18942937699501 656.94751068330754 10 3
218.83581327940766 631.1229690651636 5 4
146.44397192375899 401.36606131006971 10 3
259.12453024098318 645.74033682709558 5 4
164.34179177048466 392.44036555376294 10 3
271.44847104731014 634.54853878293147 5 4
182.98627465336614 414.73573878352386 10 3
106.90586050645916 555.25066781503324 5 4
147.66300257570921 381.40324677229461 10 3
132.71555790906058 558.09889670616849 5 4
165.56082242243488 372.47755101598784 10 3
121.10730791845532 414.78153402960788 5 4
148.88203322765943 361.44043223451951 10 3
194.32045646087596 612.443767572262 5 4
213.06053138463542 612.01769181413943 5 4
286.13141039816884 631.48075586704488 10 3
227.25531034737972 658.35182147842454 5 4
166.7798530743851 352.51473647821274 10 3
213.07764713049289 639.29875787123558 5 4
276.1286959263544 648.79969645806705 10 3
217.18166246942437 621.2607286960673 5 4
191.61409147158494 427.00605976348442 5 4
183.45864226916055 363.55185525968108 10 3
135.89393466756255 390.70319519007802 5 4
150.10106387960965 341.4776176967444 10 3
179.49934796019355 378.01988859441531 5 4
194.31771667772264 380.34710765401297 10 3
208.87628940291549 630.22414530402784 5 4
198.27701098668967 365.87907431927874 5 4
212.37979826670124 656.42331419620109 10 3
181.32957000555726 387.85097639102582 5 4
131.53635633309028 399.70383467063368 5 4
196.89819123208767 435.49595315039187 5 4
197.40917855399471 418.8563992977173 5 4
199.90177901922965 404.0649509940281 10 3
290.8116352772131 645.73191354218045 5 4
164.6103954447731 337.67245048200186 5 4
231.45666807495707 667.42643404563239 5 4
290.01935872052059 616.99338696021016 5 4
205.50159960530482 618.56464151269563 5 4
111.16079598700512 415.81444273686077 5 4
206.49089623485133 371.58276515329425 5 4
213.84839433281371 384.65438409428543 10 3
185.47887511860108 399.94429047983465 5 4
289.47698217971708 655.64244839703792 5 4
298.72899884351176 639.62328405930566 5 4
158.99440217154284 329.39835720509035 5 4
146.00178788254317 321.90222660742324 10 3
292.06563402031634 607.20498783688845 5 4
102.10635529178916 420.05909863537801 5 4
88.903111571555485 427.17769086025714 10 3
137.10844959060995 333.9814870990773 5 4
89.29780993120491 442.1724970679042 5 4
74.351996340250707 440.89866187273617 10 3
131.49245631737972 325.70739382216578 5 4
69.744844494506367 421.43654092279201 10 3
90.121110258518257 452.13854827041393 5 4
39.409451344580134 438.89402993007508 25 2
132.32505485088876 315.74211511647979 5 4
139.96665987339577 302.83452538485307 10 3
56.56161221403471 414.28095662525692 5 4
65.775915905523405 453.20519852514525 5 4
123.27857106921806 320.00370298815028 5 4
125.91026109766179 308.07071230450595 5 4
47.519108533588138 410.01093002239946 5 4
33.617517311981793 404.37659230556375 10 3
22.316386268276759 414.23987964463106 5 4
18.628284400437039 404.9448323283213 5 4
19.729033249087827 389.98527511655215 10 3
15.162894324003908 421.22755114544043 5 4
9.4702247241460391 400.9286223032488 5 4
34.718266160632588 389.4170350937946 5 4
10.703464270906192 430.1781647334314 5 4
10.571114653645022 410.86783964482697 5 4
31.030164292792893 380.12198777748483 5 4
19.972269300484538 369.98675426566666 10 3
5.1817205507966699 421.84087822705351 5 4
9.4335883371055651 440.09720778771612 5 4
8.6711382567794768 379.85004160473397 5 4
11.494363848579891 449.88256441337404 5 4
15.40377233830365 464.36415704887088 10 3
30.091240790029104 467.41018240654103 5 4
24.912812079801455 475.96493991877304 5 4
12.327301402161108 484.12612371666665 10 3
