100 100 100 49
902 98 98 48
16 16 16 7
986 23.918963290191456 14 6
839.39009663000593 10 10 4
8 156.5685424949238 8 3
994 49.502577388071437 6 2
862.40202025355336 4 4 1
2 998 2 0
43.431457505076196 8 8 3
853.29594148064166 8.3790499729950429 4 1
868.39913991746369 3.8141082660793613 2 0
4 140 4 1
872.19270271238884 2.5456914099317887 2 0
996 8.9523337430956911 4 1
998 998 2 0
987.1740384124854 41.880634532200332 4 1
993.42359808794151 57.481785421189471 2 0
833.29975412048043 22.60586086376766 4 1
856.74516600406093 2 2 0
60 4 4 1
852.74516600406093 2 2 0
10.944271909999159 990 10 4
848.74516600406093 2 2 0
820.18355024842049 27.501286890842678 10 4
966.44455828827404 13.840039763381242 8 3
820.91169602099876 39.479175007446379 2 0
59.110650225168342 942 58 28
24.512805388566854 993.44889826480687 4 1
998 994 2 0
7.5423442349792928 976.4196138459198 4 1
997.35856580547261 56.763433792815292 2 0
994.97086361448589 61.170412454431961 2 0
994 998 2 0
990.0225296550758 8.4328645182594002 2 0
813.30136011670481 41.945505768681507 6 2
984.54787551703612 5.9776329469315996 4 1
19.888543819998318 998 2 0
982 982 18 8
828.56811563893859 18.916471038879003 2 0
930 2 2 0
998 970 2 0
992.23315225272995 38.654899398708174 2 0
821.50155281000764 8 8 3
995.69345583347638 36.648335387999033 2 0
991.6773632530585 4.7912267324564688 2 0
829.92954757784548 2.6177231404081196 2 0
934 2 2 0
995.25336873857077 2.9989698402709584 2 0
6.3344420696570403 970.54245701978266 2 0
3.3482191659069533 980.71022160065331 2 0
2.9088403767434725 972.60770592524364 2 0
970.01889486913808 24.696317003978976 2 0
995.29203015094413 967.05604020125884 2 0
956.44856191242377 14.122982255751609 2 0
782.19053692686975 28.229942329623725 28 13
953.05059343638095 12.012577025512954 2 0
991.5064554759183 957.8002623095955 8 3
996.36937575924708 64.917966827747364 2 0
810.1878443110229 4 4 1
997.61689690279354 68.718452454138358 2 0
811.66758227773028 9.814668997448166 2 0
806.59884642148245 51.899214131164172 6 2
811.86089097865306 16.243696443533132 4 1
938 2 2 0
2.8330832059330491 968.60842338320299 2 0
996 137.59797974644667 4 1
995.70103945069684 40.648328199086308 2 0
942 2 2 0
976.12449671854677 11.33030033743885 2 0
940 5.4641016151377544 2 0
956.57724221606861 10.125052619120435 2 0
2 2 2 0
975.00920064584489 5.4348686594176723 4 1
2 27.313708498984759 2 0
947.65685424949243 4 4 1
2 31.313708498984759 2 0
32 4 4 1
2 35.313708498984759 2 0
797.60571731731181 56.272271290145703 4 1
807.68400328206133 9.4525938874712114 2 0
923.62379944236352 908.32355051677223 76 37
804.81324252148636 6.6671437163959828 2 0
803.68989710255062 61.466764175971157 4 1
804.33119366737208 2.6962963380336373 2 0
797.74399740959507 62.270677629839454 2 0
30.385747438623838 994.6771293817684 2 0
4 40.970562748477143 4 1
33.959437634339537 996.47399843237997 2 0
6 35.313708498984759 2 0
2 46.627416997969526 2 0
80.651309453706361 998 2 0
789.74612229000343 62.455051086217118 6 2
799.20358854475728 68.09043653534026 4 1
809.32954287887344 59.418741832927921 2 0
7.8440491736326763 47.986493616914629 4 1
953.17927374002568 8.0146473888817766 2 0
2.4444444444444464 50.602648957969151 2 0
949.57094401083987 10.039751672033461 2 0
5.6443566064862756 55.678135353893857 4 1
84.651309453706361 998 2 0
969.13576993004813 4.2089764835984838 2 0
998 126 2 0
814.3392760940925 49.877890682683315 2 0
996.80342402240444 129.81683192318462 2 0
953.31370849898485 2 2 0
11.39960472918823 37.929863840039282 4 1
957.31370849898485 2 2 0
965.14588248415839 3.9247262960316238 2 0
998 143.25483399593904 2 0
51.431457505076196 2 2 0
994 150.18303722621454 6 2
65.656854249492383 2 2 0
90.308163703198744 996 4 1
961.31370849898485 2 2 0
100.10612267433146 994 6 2
959.31370849898485 5.4641016151377544 2 0
32.943959798741183 9.9252797316549106 2 0
982.43326651251186 962.00469354750635 2 0
107.03432590460697 998 2 0
963.04128374157949 975.63077101740691 2 0
990.88495107532685 947.81959438204444 2 0
108.10479217392624 994.14589803375031 2 0
111.03432590460697 998 2 0
962.15299750240081 979.53089249721825 2 0
991.83871418687909 141.92044436533234 2 0
120.83228487573969 988 12 5
962.05859136312608 983.52977827714085 2 0
994.84627842171994 948.3744688315536 2 0
130.63024384687239 998 2 0
958.64265776051809 981.44857727229441 2 0
805.14948823771283 67.286523081471941 2 0
993.34615011770927 944.66642149211657 2 0
955.25274404778077 990.85647209633419 8 3
996 159.98099619734725 4 1
954.68433796387217 980.87263943929429 2 0
133.05816520734678 994.82113261249356 2 0
990.57697969385629 157.41373096773947 2 0
950.81696314065164 981.89411483142067 2 0
986 174.94762574444303 14 6
997.30747746410236 945.22129594162573 2 0
947.65931326257169 984.34956738593314 2 0
134.48805552034304 991.08543807294677 2 0
995.80734916009169 941.5132486021887 2 0
962 221.0778761231262 38 18
139.05618024655504 994.97545561606535 4 1
134.80318904602473 987.09787103764927 2 0
968.61206077062877 179.60160998976372 4 1
133.97784059862192 983.18394718295178 2 0
996 196.4202201112503 4 1
132.0793855615961 979.66317049699296 2 0
988.1430564759761 190.80345460769635 2 0
145.96805771700679 982.69949547845431 10 4
992.0089528363801 189.776397973126 2 0
941.3440135064119 989.26047249495809 6 2
970.04304646894241 173.77475149386544 2 0
998 185.5306309887014 2 0
997.30586483216848 202.27638925499141 2 0
55.659093569741607 8.1420443459410023 2 0
130.52332643874041 961.73055551740401 16 7
998 189.5306309887014 2 0
117.69401488545533 974.35627391552873 2 0
998 238.51347189728889 2 0
113.9638827572454 975.8006126244527 2 0
69.656854249492383 2 2 0
114.578114807753 971.84805408748844 2 0
128.2842712474619 2 2 0
110.79443651625948 978.24081969056419 2 0
40.111350995407655 17.432756371520185 2 0
996.07862123591678 242.02179110239695 2 0
132.2842712474619 2 2 0
108.44440646788418 981.47769453703779 2 0
36.920092852041819 19.844368169136274 2 0
110.84798267954307 973.2923927964124 2 0
33.825843408634384 22.379248912282335 2 0
36.427204842922933 15.874851648139439 2 0
107.105631799742 985.24700248252873 2 0
993.81645625947442 245.3206711577123 2 0
962.7985387432276 181.0858477190109 2 0
992.13197167375381 253.14131765787261 6 2
987.50431267681768 154.85273167012079 2 0
946.38277949830831 995.47423442143293 2 0
980.27957230407503 274.01044866952805 18 8
804.33346844347147 71.202402509570618 2 0
136.2842712474619 2 2 0
986.82275573452512 158.79423901305609 2 0
942.74470919200439 997.13689627712995 2 0
801.23750202757935 73.735185949122467 2 0
140.2842712474619 2 2 0
983.75008871748651 156.23323971543743 2 0
144.2842712474619 2 2 0
984.22187310585264 254.33728615498612 2 0
790.46988866361175 79.032213648134956 10 4
148.2842712474619 2 2 0
965.12817210713297 260.95537026792113 2 0
104.51070269833144 982.20293563722907 2 0
142.2842712474619 5.4641016151377544 2 0
152.2842712474619 2 2 0
961.12976963821552 261.06840874170268 2 0
106.88740023984455 989.24104491924174 2 0
938.75646496430238 996.83045218728398 2 0
156.2842712474619 2 2 0
802.38028120072818 77.568468584334383 2 0
150.2842712474619 5.4641016151377544 2 0
935.41510787212769 994.63151317435654 2 0
997.80445267963648 245.63032346720513 2 0
957.14006947291591 260.78154188929841 2 0
103.17192803018926 985.97224358272001 2 0
165.22854315746105 10 10 4
931.38682736257886 990.18483394864336 4 1
958.8864855738799 264.380157012133 2 0
194.8933371058437 22 22 10
802.19968342530854 81.564389559968589 2 0
146.2842712474619 5.4641016151377544 2 0
800.71577512081149 85.278957656510173 2 0
954.89678540858029 264.09329015972867 2 0
995.09304186324164 260.57314538279508 2 0
958.80034534093932 181.20605386651556 2 0
953.19896861288714 260.09763837923248 2 0
174.17281506746019 2 2 0
931.72502150621631 996.17529509293013 2 0
798.0934349877366 88.299443085454499 2 0
792.52039108886152 98.926821958027489 10 4
776.60737824829994 90.513973312287959 8 3
945.3867950862325 261.82099115491002 6 2
778.92964531818109 102.28712393801875 4 1
941.00710191366193 255.12634495707857 2 0
956.64320150954427 267.69190528256325 2 0
773.39000490939543 99.982262957102719 2 0
783.20738231195628 106.49437556016912 2 0
937.7114782426695 252.85943855865924 2 0
960.63290167484388 267.97877213496758 2 0
778.58805306060663 80.712089448055849 2 0
938.31353190611424 258.08348557166551 2 0
934.65873978925038 250.27471653588458 2 0
958.38961761050825 271.29052040539784 2 0
786.23247922856717 130.30296200802678 22 10
937.38827769359614 261.97500258206355 2 0
769.93659823783992 97.963852106741427 2 0
778.69602841310518 76.713547048224029 2 0
798.19820082153399 109.4985993222917 2 0
930.31501451347788 258.2374969988191 6 2
929.34415112696729 247.48991001644168 4 1
773.1723402630829 103.97633632920615 2 0
938.46265282923707 265.8280167356732 2 0
767.55051636795804 94.753460649267566 2 0
927.73203966117308 241.71054183109004 2 0
775.51347786348072 107.21964863855962 2 0
921.08395267606386 237.26049245626038 6 2
780.11221046010451 72.972634270604544 2 0
802.02042216750056 89.060213543588631 2 0
904.10624078131821 217.56893845920337 20 9
941.46792201480946 271.02112342841974 4 1
801.48734348816038 111.77489906498322 2 0
922.88959447689194 229.46692731012203 2 0
752.77206146099456 108.22926380020616 18 8
772.98724784528986 78.560118040234471 4 1
764.57329630179765 92.082101317831246 2 0
954.39991744520864 271.00365355299351 2 0
782.67924564082682 69.905008090488451 2 0
913.09341825071374 237.64954206401538 2 0
761.12402684200515 90.056628485689956 2 0
952.65350134424466 267.40503843015892 2 0
778.73908584917092 69.215703501632561 2 0
801.81410555864602 107.78826808766767 2 0
781.30612102989323 66.148077321516439 2 0
178.17281506746019 2 2 0
776.17205066844861 72.283329681748668 2 0
909.30896918091378 238.94489731956895 2 0
756.28350270859619 86.511303942875116 4 1
208.15983626726529 2 2 0
773.11728971059881 67.119180624024224 4 1
211.29731842977372 4.481170223894658 2 0
923.73619628395829 203.76079423326294 4 1
950.41021727990903 270.71678670058918 2 0
746.38431443518812 85.094945398007653 6 2
905.35252908963957 239.53360930701126 2 0
955.83925225688802 278.87310812747882 6 2
764.10956268497409 84.852151976919103 4 1
741.69535456072936 91.576739539733865 2 0
736.13592966261649 93.83346167642739 4 1
907.84058867191413 242.66563094088477 2 0
902.167211408507 244.61826772919304 4 1
928.17609580270971 199.7250424738765 2 0
753.39964703170574 81.249804495486913 2 0
218.76127938198326 7.3602823967513018 6 2
734.70116554096091 99.659390951247858 2 0
912.3230042740488 241.5746487255673 2 0
246.15789944587581 30.714622658782254 30 14
924.65282263298923 197.83122459152145 2 0
739.1434894494804 88.496482333916376 2 0
911.71811852903056 251.8832641624428 8 3
733.35720029489869 103.426851291766 2 0
757.34756334964356 80.606409790379772 2 0
750.50437085872341 63.484181064766545 16 7
721.28307602787663 113.92520941027716 14 6
892.48054949750724 257.35281055655781 12 5
733.16726828595029 80.478703302003964 8 3
933.63562070346052 269.39168911914516 4 1
906.18523449552083 260.21316177716369 2 0
730.37587971567211 100.76006903521038 2 0
931.90724533661603 297.33829389667198 24 11
912.63272867627018 267.8571017814549 8 3
736.98811900683791 126.30873172943099 6 2
928.06618272290166 271.62358530416554 2 0
726.8262589059583 98.916108052096433 2 0
896.21529820241506 243.86015877452513 2 0
744.98086706104209 126.64928795388602 2 0
719.61451173958778 91.988575821327217 8 3
945.6851374372568 275.28903791686395 2 0
728.96434619537968 95.535489359783668 2 0
696.23571796389228 97.413702694820842 16 7
898.01444689952336 240.28761570750783 2 0
930.47782791413636 196.45364685621919 2 0
729.14054294355776 127.86293568356065 2 0
724.47809083655352 131.63938114853056 4 1
927.90100100539712 267.62699738442672 2 0
695.5865681856277 129.40711771362399 16 7
924.52244519719761 269.76834290789583 2 0
711.62533355309154 69.357335645313611 16 7
927.88462663202165 995.05664983626514 2 0
705.31235755786395 112.95766016005939 2 0
647.79039954942562 52.591262737574681 50 24
750.25299925463298 143.85988417055739 16 7
924.35726347969296 265.771754988157 2 0
670.53921012164335 112.89561099816768 14 6
716.48642388481642 131.27433412071937 4 1
892.24735606502043 243.35475280474648 2 0
730.87391570533703 131.46785161444194 2 0
720.27818986839247 135.9243352740306 2 0
729.60645997187441 91.587364501317865 2 0
725.99146203572582 141.52420323157867 6 2
888.29845012619614 243.99204542695242 2 0
925.60076541585238 991.77275307399054 2 0
889.72099149513349 240.25354625567235 2 0
718.28132447174107 139.39024476327816 2 0
884.69094005441764 245.72001275361592 2 0
734.13583929249148 133.78298757407052 2 0
821.24536146728292 237.31414826840654 62 30
923.89875800440177 995.39258328704852 2 0
925.88848728711707 987.7831144782283 2 0
886.06416571854913 290.74188091200682 22 10
922.28949797563575 989.52875932636982 2 0
879.76857816345409 263.21845500556873 2 0
885.77208555630921 240.89083887787834 2 0
878.03604656457287 266.82377527690079 2 0
918.16561270977991 259.52720416673401 2 0
887.19462692524655 237.15233970659827 2 0
920.98762178960999 262.36203480600619 2 0
893.66989743395777 239.61625363346641 2 0
920.72215997481055 198.57277099438485 2 0
687.66662873433825 113.24312813530797 2 0
862.48755955892784 286.25371402628309 2 0
678.29738287969087 98.902371364105505 2 0
862.06958645172756 290.23181639822599 2 0
674.58406822088989 97.415329251475882 2 0
712.29072828178698 149.78797323102089 10 4
922.03165259873117 258.50068793352688 2 0
714.53108072906741 137.99896051103605 2 0
997.47076206383645 263.78973467079618 2 0
696.70056545747832 79.419706006822182 2 0
677.72338266189183 127.19203240046065 2 0
694.84684179138367 75.875173799356659 2 0
670.695237043009 136.9185512617891 10 4
699.68585043289966 55.887044526608939 2 0
684.54316823454565 165.76703132078813 22 10
702.95551536111532 53.582854591469783 2 0
681.93055332758604 141.13372243097277 2 0
709.87457074843678 41.41212443477098 12 5
667.8065751255541 148.56568105099666 2 0
699.79624039788553 51.129493283649602 2 0
665.18210792346258 151.58431847625087 2 0
857.21600797083613 298.97497234615616 8 3
891.14353286407083 236.51504708439228 2 0
678.41153788517784 94.904000616573171 2 0
865.9531171399783 303.83942744066491 2 0
888.6171682941839 233.4138405353182 2 0
863.34767914913039 306.87450451972671 2 0
868.40776887696666 306.99769988776313 2 0
692.71518159035065 79.76134240950573 2 0
865.20945385347625 344.86286568709005 36 17
699.47936967061514 146.98113537033754 2 0
217.94452566696071 15.318480268694223 2 0
933.09478174642163 193.42849353123097 2 0
724.28234514387759 149.33950357449569 2 0
721.7649242556646 52.118173821596855 4 1
663.88012482942372 147.80214449521338 2 0
647.77552126411376 156.16806594645257 16 7
209.42519286089799 54.9366842337582 14 6
723.01237450174517 46.249283987603242 2 0
723.76354322200052 153.30571644899658 2 0
654.38765525760675 185.4303229348001 14 6
721.96998408454408 156.88106896594459 2 0
728.27955076457442 149.19001368898731 2 0
725.96310976043389 156.64666048369756 2 0
226.52806256790836 5.4427112917251712 2 0
719.10095208011467 159.66829973456777 2 0
731.70473420305916 147.12407118912679 2 0
722.94928073416668 160.75933895036263 2 0
229.83423365207335 3.1912156194594541 2 0
715.47522854253771 161.3577164472413 2 0
723.84400799913215 42.336690764940826 2 0
718.75116810207942 163.65297678154533 2 0
726.81659637593918 45.013203111647258 2 0
711.49567164265511 161.76160613589033 2 0
723.53527927197263 38.348622739815568 2 0
715.12544456450246 165.34239349421887 2 0
727.14341185733133 40.075289831780019 2 0
731.78130117145395 151.12333830940656 2 0
722.11139066534076 34.610636485707076 2 0
718.40138412404417 167.6376538285229 2 0
726.06052602371165 35.246505907258907 2 0
714.77566058646721 169.32707054119643 2 0
719.68857798385966 31.427873737644617 2 0
718.05160014600892 171.62233087550047 2 0
723.65633771864111 30.921037780902093 2 0
714.42587660843196 173.311747588174 2 0
214.55794937668836 35.758743555911856 2 0
719.66101500568107 15.427897478842421 14 6
902.63497419992962 318.11720385573494 10 4
727.37438978386251 29.445880555280837 2 0
888.24691190162321 314.6424168704383 2 0
722.02710766162113 165.94823711584942 2 0
730.57391454259641 203.23232363337718 32 15
721.67732368358588 169.93291416282699 2 0
728.35611773296921 153.18928080926707 2 0
724.91944807486334 57.221993907974074 2 0
904.38463362729794 306.24544358658272 2 0
727.42639459773784 54.105069280805878 2 0
741.37142952158092 29.733766957759293 12 5
727.41713207969087 50.105080005100326 2 0
731.85786813984873 155.12260542968633 2 0
211.99968194321747 38.833685464117963 2 0
725.30304722116284 168.24349745015351 2 0
711.02365532599924 175.41528992085034 2 0
225.4244650215569 55.08929592782254 2 0
725.65283119919809 164.25882040317595 2 0
196.17677024573484 45.965658751126149 2 0
224.88663408625618 59.052973246302635 2 0
228.62732246590775 57.485481269394917 2 0
735.58501461167464 16.985535610218808 2 0
192.17856150453974 45.845963881432112 2 0
728.9287707587398 166.55408073748004 2 0
730.88585566634072 52.09705306702142 2 0
660.72006700694976 168.67561308854349 2 0
740.45826384347072 8.2533284479488387 8 3
710.90304486918183 171.41710869462932 2 0
233.29011360160644 72.790982856237804 14 6
729.27855473677505 162.56940369050247 2 0
672.1064432985055 188.59963679772125 4 1
900.11824261809397 329.85032203228934 2 0
249.30252050318327 64.568889131502331 4 1
194.07400707727959 49.368361655787091 2 0
905.80865749261739 331.75273590834348 4 1
707.8920258666335 177.90384310075882 2 0
912.75743815805856 327.78859069612042 4 1
678.09961207743174 188.88586745174678 2 0
267.88368620187759 82.755155413443376 22 10
643.54547136627639 173.66397054901046 2 0
707.30269032384706 173.94749584375413 2 0
640.96577315183515 176.72095552156242 2 0
732.55449429631676 164.86466402480656 2 0
728.87225724510961 57.834610969128349 2 0
732.90427827435201 160.87998697782899 2 0
916.40092446982499 320.66644161764901 4 1
682.02884300365611 189.63496312547773 2 0
254.94876412881911 62.539127342531323 2 0
705.07433258271362 180.74296348527108 2 0
588.51791140723367 189.57481869257688 52 25
243.96348686737323 84.710676775530132 2 0
188.25576319671418 45.063881126142739 2 0
686.02791629740511 189.72106069352279 2 0
678.61361000600596 196.86933825894721 6 2
689.985746589408 189.1417685567697 2 0
695.98568113163333 189.11374197989346 4 1
729.6283387148103 158.5847266435249 2 0
691.33668118329149 192.90673545211536 2 0
190.07579833608449 49.248666786093054 2 0
730.87659314829375 48.097063791315868 2 0
911.4990723671408 333.65514978439762 2 0
694.75383797643804 194.98592747091794 2 0
668.33676553042426 193.26756241032837 2 0
734.34531673494359 50.089036853236962 2 0
191.97124390882433 52.771064560448032 2 0
908.96252053240187 341.24236961709545 6 2
240.67339278271274 86.985601150994526 2 0
691.24462647223584 196.90567605309613 2 0
734.33605421689663 46.08904757753141 2 0
738.36457060684688 163.36699474695604 4 1
665.95691333900754 196.48257462601416 2 0
235.88631683638025 90.60276908793702 4 1
699.68357165905991 184.38874402781258 2 0
241.88313055188561 90.798281904721051 2 0
258.48603436402578 60.671583692942164 2 0
242.22431342021778 100.79245992246501 8 3
731.23750973064909 4.3832259181852873 2 0
915.46607251050239 333.14240241719926 2 0
642.1632826411028 195.75334158889865 2 0
228.62280187325049 97.476003434326643 6 2
230.26589170357715 88.50257354309953 2 0
687.82746967908929 194.82648403429351 2 0
922.60448813860751 329.53088994727415 6 2
224.2674388335204 88.366326834119747 4 1
669.93112168697712 196.93608097319023 2 0
232.84813292914217 104.26913065734531 2 0
645.15623379586964 203.1723875777829 6 2
221.16515317297274 83.230586996437125 2 0
734.78696645629486 168.18371028162832 2 0
662.64337435771074 210.08479721717282 12 5
738.60948490540716 169.36199407859576 2 0
711.4997210269255 167.03181020689235 2 0
210.26787778901809 88.255464030380907 10 4
694.66178326538238 198.98486807189872 2 0
262.28435048361723 59.417472591144715 2 0
737.80477780354647 48.081020639452504 2 0
221.08420729041396 93.452291535429836 2 0
691.15257176118018 200.9046166540769 2 0
687.73541496803364 198.82542463527429 2 0
234.96079845708803 107.66569426885464 2 0
218.77525308817664 96.718593801291135 2 0
639.78601264581107 172.29778237415417 2 0
246.1310330680304 170.68335733831879 62 30
737.7955152854995 44.081031363746952 2 0
229.03125797172825 105.46556935592817 2 0
742.32315255515937 167.87583372816781 2 0
250.20857829388277 106.8133829768778 2 0
734.32679169884966 42.089058301825858 2 0
218.90821712758213 79.928127354440477 2 0
918.10679042034553 336.14683396420338 2 0
225.11226898969491 104.66461657411062 2 0
730.86733063024678 44.097074515610316 2 0
927.8649347828084 348.82668485454644 14 6
215.52103496381059 99.044548314829058 2 0
694.56972855432673 202.98380867287949 2 0
215.25034911774014 75.17207840362272 4 1
929.83761811185389 332.94875928212656 2 0
254.19053810292027 107.19285112996835 2 0
208.5035401120013 106.16878623932526 8 3
209.3554531643903 76.29020259134947 2 0
741.26423887214935 46.073004425668046 2 0
932.40102011299325 327.52391180219178 4 1
219.16247972276454 100.69980662321686 2 0
933.81699316985339 333.35443667584133 2 0
258.14101547041525 107.82032907293527 2 0
734.35457925299056 54.089026128942514 2 0
947.7540046100803 332.02789526488402 12 5
744.27745045010602 164.38574494164573 2 0
691.06051705012453 204.90355725505768 2 0
256.70918862559154 104.08537634412569 2 0
252.52818725890509 103.55463870194795 2 0
205.47350779359431 77.254826942149137 2 0
936.7424162425408 323.38238072705184 2 0
206.57909128609072 73.410651459536581 2 0
927.91091909257489 323.54408858671627 2 0
202.12427020006766 79.441744302752355 2 0
202.69714591529473 74.375275810336248 2 0
746.32280705322398 167.82326095849302 2 0
226.37811802442576 108.45903698061159 2 0
203.80272940779113 70.531100327723692 2 0
748.27710494817063 164.33317217197097 2 0
744.36850915827733 171.3133497450151 2 0
222.45912904239242 107.65808419879403 2 0
750.3224615512886 167.77068818881827 2 0
735.6808588446072 158.00064671713014 2 0
752.27675944623525 164.28059940229622 2 0
748.36816365634195 171.26077697534032 2 0
756.10384047730793 173.30021418240761 6 2
199.92078403699514 71.495724678523359 2 0
262.04457884415092 108.69336572006384 2 0
694.47767384327108 206.98274927386026 2 0
687.64336025697799 202.82436523625506 2 0
203.01078152428059 97.812375341276962 2 0
266.23820370649372 58.811630456633338 2 0
902.38902400673885 336.68285830259072 2 0
265.88597992969858 109.80855077195123 2 0
690.96846233906888 208.90249785603845 2 0
687.55130554592233 206.82330583723584 2 0
270.23776477646419 58.870886237588898 2 0
269.65021325406786 111.16152803698849 2 0
694.38561913221542 210.98168987484104 2 0
684.13414875277579 204.74411381843322 2 0
268.28930125310757 55.377536856529417 2 0
274.17193477491838 59.593593940095971 2 0
268.93980927414827 107.2251177197941 2 0
273.32257478083545 112.74701244773405 2 0
285.02532434084054 110.09264760171142 10 4
283.93000632699238 57.407263776418873 8 3
684.04209404172013 208.74305441941399 2 0
394.97397565061169 106.73198172091391 100 49
292.12456132934483 122.15916467090145 4 1
286.12847817567894 67.16260700618443 2 0
687.45925083486668 210.82224643821661 2 0
274.095717569442 55.594320138817871 2 0
293.22730358523245 70.851330065005413 6 2
274.78769225168952 49.634356125576815 4 1
291.53344541280569 78.669951714100804 2 0
295.08528579130854 127.37779578071657 2 0
681.72433440709847 216.39994610443335 6 2
295.53035161401442 78.512659569544653 2 0
291.37435214063885 97.615073879332996 4 1
280.55873030910533 47.992674140581343 2 0
293.66811750641142 82.052727948613068 2 0
278.24441566155326 44.730167786238709 2 0
284.51818290981578 47.424576347303493 2 0
343.65888176288178 300.03682164814762 100 49
320.56680298039811 190.44322741242797 12 5
341.70697512212121 196.05514027846715 4 1
309.61454685512149 162.56895796164207 2 0
262.89035843656995 234.52006318371332 4 1
309.99745788599495 166.55058817330607 2 0
689.44267852107112 214.29586337357341 2 0
294.01082430606101 92.225360109478956 2 0
272.85946379446153 108.77391186829993 2 0
288.38352725727452 48.453708542684112 2 0
310.13089069492321 170.54836201452088 2 0
287.34210970859721 44.591656045719972 2 0
313.52634799553601 168.43391889168328 2 0
291.20745405605595 45.62078824110057 2 0
291.53630825588812 50.915409575462306 2 0
689.49652017878248 218.29550099164518 2 0
310.01432405999645 174.54666318121929 2 0
692.93338713310879 216.24905393924939 2 0
313.53523775980159 172.64846226495033 2 0
293.47208094587836 54.415807280393551 2 0
290.16603650737864 41.758735744136438 2 0
295.53562793670244 50.989180102444237 2 0
294.03138085483738 42.787867939517028 2 0
309.6482133196323 178.52987330946885 2 0
292.98996330616006 38.925815442552896 2 0
313.28082984948998 176.85532944709774 2 0
296.85530765361881 39.954947637933486 2 0
286.30069215991989 40.729603548755826 2 0
295.81389010494149 36.092895140969354 2 0
696.22770471993806 225.69084781738016 8 3
291.94854575748275 35.063762945588749 2 0
680.04549733991814 208.57808532186624 2 0
294.77247255626418 32.230842644005222 2 0
309.03398859391035 182.48243298470612 2 0
290.90712820880543 31.201710448624606 2 0
283.47676536113846 43.562523850339367 2 0
293.73105500758686 28.368790147041082 2 0
289.12461895870132 37.896683247172298 2 0
289.86571066012812 27.339657951660463 2 0
295.0727984035147 46.649920436481175 2 0
292.68963745890954 24.506737650076943 2 0
696.89734490132787 215.71329390735451 2 0
288.8242931114508 23.477605454696317 2 0
288.083201410024 34.034630750208152 2 0
291.64821991023223 20.644685153112803 2 0
297.59639935504561 29.39792234242168 2 0
295.64464477792438 60.008656857816995 4 1
298.63781690372292 33.259974839385826 2 0
282.43534781246115 39.700471353375221 2 0
296.55498180636829 25.535869845457547 2 0
297.89672520229612 43.817000134897633 2 0
286.00036631266937 26.310525756279862 2 0
295.51356425769097 21.673817348493401 2 0
284.95894876399205 22.448473259315719 2 0
285.25927461124257 36.867551051791679 2 0
282.13502196521063 25.281393560899261 2 0
294.65723616155861 88.277936682346763 2 0
281.09360441653331 21.419341063935118 2 0
287.04178386134669 30.172578253243998 2 0
278.26967761775188 24.25226136551866 2 0
298.93814275097344 47.679052631861779 2 0
277.22826006907457 20.390208868554517 2 0
283.17643951388794 29.143446057863397 2 0
300.42032615382703 26.565002040838138 2 0
283.91753121531474 18.586420762351583 2 0
299.37890860514972 22.702949543874006 2 0
280.05218686785599 17.557288566970975 2 0
294.47214670901366 17.811764851529269 2 0
301.46174370250435 30.427054537802281 2 0
298.3374910564724 18.840897046909859 2 0
287.78287556277348 19.615552957732184 2 0
279.3110951664292 28.114313862482796 2 0
303.24425295260846 23.732081739254596 2 0
304.28567050128578 27.594134236218739 2 0
297.29607350779509 14.978844549945727 2 0
301.76206954975487 44.846132330278238 2 0
301.16141785525383 16.007976745326317 2 0
302.80348709843219 48.708184827242384 2 0
300.12000030657651 12.145924248362185 2 0
305.62741389721361 45.875264525658842 2 0
303.98534465403526 13.175056443742776 2 0
306.66883144589093 49.737317022622989 2 0
302.94392710535794 9.3130039467786432 2 0
283.97776496846285 10.586647522128978 6 2
299.0785827578992 8.283871751398042 2 0
296.25465595911777 11.116792052981584 2 0
312.92469385710041 8.6930885918212191 8 3
293.43072916033634 13.949712354565126 2 0
309.81291632274616 35.927774114996126 8 3
292.38931161165902 10.087659857600983 2 0
299.97956029965076 51.541105128825919 2 0
309.49275824467236 46.904396721039447 2 0
301.90250955668063 5.4509514498145091 2 0
303.8449046471095 52.570237324206516 2 0
277.16823704554901 14.785496110379862 2 0
305.02676220271258 17.037108940706919 2 0
300.72065200107755 40.984079833314098 2 0
302.20283540393115 19.87002924229046 2 0
307.71024899456825 53.599369519587135 2 0
290.91546126641947 89.691839307744502 2 0
299.67923445240024 37.122027336349944 2 0
295.21323841044045 7.2547395560174497 2 0
307.99395663150085 26.094596315239592 2 0
290.60680236155491 16.78263265614866 2 0
304.88632219578682 56.432289821170656 2 0
291.34789406298171 6.2256073606368378 2 0
311.99327631231517 26.168366842221484 2 0
298.03716520922188 4.4218192544338972 2 0
310.05750362232487 22.667969137290257 2 0
301.02097784832807 55.403157625790058 2 0
315.64373839479845 27.803642532847316 2 0
275.98666920397045 10.963991506726035 2 0
315.23469764382992 23.824611788552026 2 0
294.17182086176314 3.3926870590533129 2 0
318.36126894575335 30.738779276616953 2 0
302.06239539700539 59.265210122754191 2 0
319.54440665396157 26.917760412044853 2 0
276.80287530351501 7.0481509069229391 2 0
290.30647651430439 2.3635548636726931 2 0
273.00355481714274 8.2992159898950888 2 0
319.71106307702712 34.50415519452725 2 0
322.26193720491648 29.852897155814521 2 0
279.41280381929653 4.0169344609213518 2 0
273.8197609166873 4.3833753900919961 2 0
323.4450749131247 26.031878291242425 2 0
283.16397262236961 2.6281462802216744 2 0
326.1626054640796 28.967015035012093 2 0
320.72754436216979 23.096741547472764 2 0
270.02044043031503 5.634440473064144 2 0
327.34574317228783 25.145996170439997 2 0
324.62821262133292 22.210859426670336 2 0
328.52888088049605 21.3249773058679 2 0
331.24641143145095 24.260114049637568 2 0
332.42954913965917 20.439095185065472 2 0
329.71201858870427 17.503958441295811 2 0
325.81135032954114 18.389840562098243 2 0
335.14707969061408 23.37423192883514 2 0
333.61268684786739 16.618076320493376 2 0
321.91068207037802 19.275722682900668 2 0
330.89515629691249 13.682939576723721 2 0
336.3302173988223 19.553213064263044 2 0
334.79582455607562 12.79705745592128 2 0
326.99448803774936 14.568821697526145 2 0
332.07829400512071 9.8619207121516261 2 0
323.09381977858624 15.454703818328579 2 0
335.97896226428384 8.9760385913491838 2 0
337.51335510703052 15.732194199690948 2 0
333.26143171332893 6.0409018475795317 2 0
328.17762574595758 10.747802832954054 2 0
337.16209997249206 5.1550197267770859 2 0
338.69649281523874 11.911175335118852 2 0
334.44456942153715 2.2198829830074369 2 0
329.36076345416581 6.9267839683819599 2 0
339.87963052344696 8.0901564705467557 2 0
330.54390116237403 3.1057651038098646 2 0
342.59716107440187 11.025293214316424 2 0
341.41402336619365 14.846312078888513 2 0
345.31469162535677 13.960429958086088 2 0
346.49782933356499 10.139411093513992 2 0
343.78029878261009 7.2042743497443276 2 0
344.13155391714855 17.781448822658177 2 0
349.2153598845199 13.07454783728366 2 0
341.06276823165518 4.2691376059746666 2 0
340.23088565798543 18.667330943460609 2 0
350.39849759272812 9.2535289727115639 2 0
347.68096704177321 6.318392228941903 2 0
344.96343649081831 3.383255485172231 2 0
353.11602814368302 12.188665716481232 2 0
354.29916585189125 8.3676468519091358 2 0
351.58163530093634 5.4325101081394749 2 0
355.48230356009947 4.5466279873370388 2 0
358.19983411105437 7.4817647311067059 2 0
357.01669640284615 11.302783595678797 2 0
360.91736466200928 10.416901474876372 2 0
362.1005023702175 6.595882610304276 2 0
359.38297181926259 3.6607458665346155 2 0
363.28364007842572 2.7748637457321794 2 0
366.00117062938062 5.710000489501847 2 0
3.834287015005764 134.00228883601383 2 0
8.1420443459410023 144.3409064302584 2 0
2 145.65685424949237 2 0
2.5750654618865374 130.20566387690081 2 0
17.432756371520185 159.88864900459234 2 0
2 164.5685424949238 2 0
2 71.715728752538098 2 0
15.376925167337713 163.31991088033277 2 0
5.6153468707624699 166.28005264799566 2 0
19.376400720857195 163.38468199117733 2 0
2.3254621639860162 168.5552798050326 2 0
17.320569516674727 166.81594386691776 2 0
2 67.715728752538098 2 0
13.321093963155246 166.7511727560732 2 0
21.320045070194208 166.88071497776232 2 0
5.9408090347484794 170.26678995810445 2 0
2 63.715728752538098 2 0
15.264738312492259 170.2472057426582 2 0
19.26421386601174 170.31197685350276 2 0
2.6509243279720263 172.54201711514139 2 0
9.2306937415249362 167.99156280106752 2 0
23.263689419531222 170.37674796434732 2 0
6.266271198734489 174.25352726821325 2 0
9.5561559055109413 171.97830011117631 2 0
21.207858215348754 173.80800984008775 2 0
2.9763864919580354 176.52875442525018 2 0
25.207333768868235 173.87278095093231 2 0
17.208382661829273 173.74323872924319 2 0
6.5917333627204986 178.24026457832204 2 0
23.151502564685767 177.30404282667274 2 0
19.152027011166286 177.23927171582818 2 0
3.3018486559440454 180.51549173535898 2 0
9.8816180694969553 175.9650374212851 2 0
27.150978118205249 177.3688139375173 2 0
15.152551457646805 177.17450060498362 2 0
6.9171955267065082 182.22700188843083 2 0
25.095146914022781 180.80007581325773 2 0
3.6273108199300546 184.50222904546777 2 0
29.094622467542262 180.8648469241023 2 0
10.207080233482966 179.9517747313939 2 0
27.038791263359794 184.29610879984273 2 0
7.2426576906925177 186.21373919853963 2 0
31.038266816879275 184.36087991068729 2 0
3.9527729839160646 188.48896635557657 2 0
28.982435612696808 187.79214178642772 2 0
14.627243187854656 200.40767794136582 14 6
24.982960059177326 187.72737067558316 2 0
10.532542397468971 183.93851204150269 2 0
32.981911166216292 187.85691289727228 2 0
13.208907108309791 173.67846761839863 2 0
30.926079962033825 191.28817477301271 2 0
33.094098021061747 180.92961803494686 2 0
42.10380507091925 195.6537745474071 10 4
31.150453671724733 177.43358504836186 2 0
30.11221821439419 195.20450329035251 2 0
17.096195806983818 180.67053359156861 2 0
36.051286137587972 185.29196898265795 2 0
29.206809322387716 173.93755206177687 2 0
39.793163212663131 183.87833679746018 2 0
30.630755006368446 199.17075083625392 2 0
23.039315709840313 184.23133768899817 2 0
21.095671360503299 180.73530470241317 2 0
32.424075138848337 202.74622323895014 2 0
35.292920819336118 205.53364578703045 2 0
31.444519241373118 206.62442775182998 2 0
38.918531416666461 207.22330486404152 2 0
34.313364921860916 209.4118502999103 2 0
42.898061308913782 207.62746057253764 2 0
30.464963343897921 210.50263226470983 2 0
40.558287252147984 210.87175670009532 2 0
46.7893405080506 206.70120672268595 2 0
33.333809024385715 213.29005481279015 2 0
44.537817144395312 211.27591240859144 2 0
50.160004658617268 204.54746040891436 2 0
29.485407446422716 214.38083677758968 2 0
42.198043087629507 214.52020853614911 2 0
50.339871604367218 208.54341434781639 2 0
52.635535521661936 201.40552677719754 2 0
26.616561765934925 211.59341422950936 2 0
54.11876443221108 205.12036620830506 2 0
25.637005868459717 215.47161874238921 2 0
32.354253126910514 217.16825932566999 2 0
38.218513195382187 214.11605282765299 2 0
28.505851548947518 218.25904129046953 2 0
56.594295295255748 201.97843257658823 2 0
53.940874112401858 197.62450956439287 2 0
46.177572979876828 214.92436424464523 2 0
39.85826903086371 217.76450466370679 2 0
31.374697229435313 221.04646383854984 2 0
58.077524205804892 205.69327200769575 2 0
43.837798923111031 218.16866037220291 2 0
55.60199334276021 208.83520563941258 2 0
60.553055068849559 202.55133837597893 2 0
27.526295651472314 222.13724580334937 2 0
62.036283979398704 206.26617780708645 2 0
30.395141331960112 224.92466835142969 2 0
64.511814842443371 203.12424417536963 2 0
36.369528700468926 224.37086733030173 4 1
63.028585931894241 199.4094047442621 2 0
26.267015112176139 252.61868528493957 26 12
59.06982615830043 198.83649894487141 2 0
53.930982809643723 193.62452179414535 2 0
24.657449970984523 219.34982325526906 2 0
65.995043752992515 206.83908360647715 2 0
61.545357021345112 195.69456531315458 2 0
68.470574616037183 203.69714997476032 2 0
23.677894073509314 223.22802776814891 2 0
69.953803526586327 207.41198940586784 2 0
49.595813535440506 219.85545251239097 4 1
67.478272663541645 210.55392303758467 2 0
43.475821616003117 228.04518372912051 4 1
71.437032437135457 211.12682883697536 2 0
46.477771785028366 233.24020973316411 2 0
51.542044063528323 236.45784027274084 4 1
41.976680467886275 222.23548702292121 2 0
49.6255730681507 230.77214427982349 2 0
77.889173607117925 206.39714868683652 6 2
18.683062602475708 219.90362427639701 4 1
74.533296640180211 213.65924823054817 2 0
94.26105361838404 253.51908942548891 42 20
70.792025010787398 215.0744819904269 2 0
42.007927643364255 316.71411158577234 40 19
53.145522789201308 274.14705889983429 4 1
66.987345705488053 199.9823105436528 2 0
47.212004727022475 275.03776839557219 2 0
63.519512889947833 209.98101723819397 2 0
52.767987586243919 268.15894841567251 2 0
47.970718319059095 271.11038330046642 2 0
65.504116794938923 196.26747111254528 2 0
77.452239092317996 294.18189496357633 2 0
50.036565061337591 213.87166290275232 2 0
79.4349849054516 297.6559011582313 2 0
53.625139238107536 230.83105482333505 2 0
21.299152657871669 280.17445315003658 2 0
53.699667575732981 215.47842360958771 2 0
17.917050315264841 282.31019277464753 2 0
51.676374180360874 227.33787364427982 2 0
81.078256276298717 301.30277093953066 2 0
55.538834961109501 219.03053049544675 2 0
83.414902465774176 298.05622129641569 2 0
57.695466068532809 215.66171137496937 2 0
82.367148249114678 305.089426123517 2 0
54.73665949063313 222.94926938883657 2 0
85.002041847410894 302.07988534033137 2 0
59.534633453909329 219.21381826082842 2 0
83.289970193760553 308.98152063142402 2 0
55.67594035031771 227.39678418779138 2 0
86.19921193921499 306.23628613023743 2 0
59.560753116354022 209.40811143880327 2 0
87.122033883860865 310.12838063814445 2 0
83.838351843164745 312.94375201873555 2 0
61.691264561332638 215.84499914035104 2 0
14.753459331643061 284.7579860846202 2 0
90.031275629315303 307.38314613695786 2 0
84.007319214112698 316.94018167876396 2 0
14.215403633804023 280.794339270634 2 0
87.383845138660945 314.79563681309816 2 0
63.530431946709157 219.39710602621008 2 0
83.795339722740934 320.93456081640699 2 0
65.687063054132466 216.0282869057327 2 0
87.360563273972247 319.12095087219473 2 0
90.954097573961178 311.27524064486488 2 0
83.204336085524474 324.89065923540477 2 0
89.108453684669428 303.49105162905084 2 0
86.925919634856257 323.42443418946436 2 0
93.863339319415616 308.53000614367829 2 0
82.239668879671655 328.77259395690027 2 0
94.786161264061491 312.42210065158531 2 0
86.083856567246002 327.66705290261882 2 0
97.695403009515928 309.67686615039872 2 0
80.910087921108556 332.54515468863497 2 0
6.8088624323152249 283.81810305615841 6 2
79.227652901069305 336.17412319267925 2 0
96.772581064870053 305.78477164249171 2 0
134.11781937580182 422.14545343931525 100 49
100.60464475497037 306.93163164921214 2 0
24.195593568027263 374.00914413475158 20 9
46.732050827589681 365.75638131325258 4 1
98.618224954161803 313.56896065830574 2 0
92.94051737476974 304.63791163577127 2 0
101.52746669961624 310.82372615711915 2 0
11.82571263559278 277.58663340302888 2 0
56.294550007471202 356.20958501533636 2 0
105.38896957915387 317.83006582283065 6 2
52.472551539099214 357.38955438263457 2 0
95.422396080768095 318.64701912704982 4 1
48.55563584718314 358.20058549327194 2 0
42.37978054867996 361.62627920563841 2 0
105.40208416495508 309.83007657236044 2 0
8.3428482100007848 350.92905608003286 8 3
109.27342298384363 310.83642430021928 2 0
19.909755938248637 352.43064567421976 2 0
108.20927627176586 306.98057267247555 2 0
112.17364845155974 313.59118240873096 2 0
6.6180956020926267 360.77919457862839 2 0
18.797973646592396 409.60220103049642 16 7
4.5131478638290368 364.18054651854567 2 0
99.681822810324491 303.03953714130512 2 0
115.3528110121345 318.67969156303536 4 1
99.402500126212175 323.13687121675605 2 0
7.7055716218881756 340.9493828113209 2 0
85.119189361393197 331.54898762411432 2 0
95.849759120224178 301.89267713458469 2 0
2.895625695956721 359.3152212872352 2 0
36.62424813202432 392.1620652696223 2 0
114.19434729425832 307.40356777377229 4 1
33.131951563964535 394.11241515636516 2 0
95.695983796863828 324.64077836158714 2 0
109.80516112524029 303.31271886753035 2 0
5.5556351957579979 337.57628729479626 2 0
113.35179538716719 301.46302013202603 2 0
91.867872927028472 323.48079251329051 2 0
103.5138865004248 304.18639714802555 2 0
8.7015911957853422 392.33769810087125 4 1
109.97659216190904 299.3163941310172 2 0
88.963377048967544 330.44344656983287 2 0
113.52322642383595 297.46669539551289 2 0
3.7363318077013576 334.01396569474304 2 0
5.5342944661336819 397.43360149735923 2 0
51.216467238212651 361.18721843163445 2 0
3.0351623190089616 394.31040785763599 2 0
3.1744035079161836 400.66329415538775 2 0
98.759000865678615 299.1474426333981 2 0
8.1818090865621436 275.93679494870617 2 0
117.2728971633568 302.25356479285335 2 0
2.2641630757505125 330.29472931819123 2 0
132.18239866887487 308.05931753103937 14 6
106.42995789998216 301.16609286652152 2 0
119.17887326528916 298.7368539575894 2 0
94.926937175578303 298.00058262667767 2 0
6.3184379530217516 386.83128541914232 2 0
3.0544430060070815 390.31045432601729 2 0
4.1946688739697837 276.25728352124651 2 0
106.60138893665089 297.16976813000838 2 0
121.81318031978819 293.34608162492532 4 1
110.1480231985778 295.32006939450406 2 0
92.777351149290837 327.37602669921955 2 0
4.2922831641858004 383.38241650721233 2 0
116.88973984170343 312.76405833109794 2 0
3.7094170021213593 341.12473461460883 2 0
3.058859487687684 367.90681077635401 2 0
92.017695430123865 300.74581712786426 2 0
127.77587844930268 292.67807637323608 2 0
5.9106877348234157 272.64407452242085 2 0
126.03096682644374 289.07873151223544 2 0
103.05475467472401 299.0194668655127 2 0
130.02054672448074 289.36726614998116 2 0
2.9240890498569865 379.62368735156463 2 0
61.373800839285842 222.76592514668747 2 0
2.3033061224666618 371.83480506253915 2 0
122.411483422849 287.37598670131916 2 0
128.27563510162179 285.76792128898052 2 0
132.26521499965878 286.05645592672624 2 0
130.52030337679983 282.4571110657256 2 0
134.01012662251773 289.65580078772689 2 0
134.50988327483682 282.74564570347133 2 0
136.25479489769577 286.34499056447197 2 0
132.76497165197787 279.14630084247068 2 0
137.99970652055472 289.94433542547262 2 0
136.75455155001487 279.43483548021641 2 0
140.24437479573277 286.6335252022177 2 0
135.00963992715592 275.83549061921576 2 0
138.49946317287382 283.03418034121705 2 0
141.98928641859172 290.23287006321834 2 0
138.99921982519291 276.12402525696149 2 0
140.74413144805186 279.72337011796213 2 0
144.23395469376976 286.92205983996342 2 0
139.74461814341367 293.54368028647326 2 0
137.25430820233396 272.52468039596084 2 0
142.48904307091081 283.32271497896278 2 0
145.97886631662871 290.52140470096407 2 0
143.73419804145067 293.83221492421899 2 0
141.24388810037095 272.81321503370657 2 0
144.73371134608885 280.01190475570786 2 0
148.22353459180675 287.21059447770915 2 0
142.9887997232299 276.41255989470721 2 0
146.4786229689478 283.61124961670851 2 0
149.9684462146657 290.8099393387098 2 0
139.498976477512 269.21387017270592 2 0
150.4682028669848 283.89978425445423 2 0
143.488556375549 269.50240481045165 2 0
148.72329124412585 280.30043939345359 2 0
141.74364475269005 265.90305994945101 2 0
152.21311448984375 287.49912911545488 2 0
145.73322465072704 266.19159458719673 2 0
152.71287114216284 280.58897403119931 2 0
143.98831302786809 262.59224972619609 2 0
150.96795951930389 276.98962917019867 2 0
147.97789292590508 262.88078436394181 2 0
154.95753941734088 277.2781638079444 2 0
149.29308323330861 271.02144001660957 4 1
156.70245104019983 280.87750866894504 2 0
154.45778276502179 284.18831889219996 2 0
146.23298130304613 259.28143950294117 2 0
139.99873312983109 262.30371508845036 2 0
150.22256120108312 259.5699741406869 2 0
142.24340140500914 258.99290486519544 2 0
148.47764957822417 255.97062927968625 2 0
137.75406485465305 265.61452531170528 2 0
152.46722947626117 256.25916391743198 2 0
158.94711931537788 277.56669844569012 2 0
150.72231785340222 252.65981905643133 2 0
176.45192297588068 301.51626731043689 26 12
154.71189775143921 252.94835369417706 2 0
144.48806968018718 255.68209464194052 2 0
152.96698612858026 249.34900883317641 2 0
154.21214109912012 259.85850877843262 2 0
156.95656602661725 249.63754347092214 2 0
156.45680937429816 256.5476985551777 2 0
155.2116544037583 246.03819860992149 2 0
148.97740623054327 249.06047419543069 2 0
159.2012343017953 246.32673324766722 2 0
158.20172099715711 260.14704341617835 2 0
151.22207450572131 245.74966397217577 2 0
162.41950750381264 255.87969330348847 4 1
151.96747282394207 263.16931900168754 2 0
146.73273795536522 252.3712844186856 2 0
147.72377793948766 294.12074956196471 2 0
153.46674278089935 242.43885374892085 2 0
135.50939657947501 268.9253355349602 2 0
149.47716288286236 242.15031911117512 2 0
157.45632267893635 242.72738838666658 2 0
151.7218311580404 238.8395088879202 2 0
155.95705272197907 263.45785363943327 2 0
147.73225126000341 238.55097425017448 2 0
161.44590257697334 243.0159230244123 2 0
149.97691953518145 235.24016402691956 2 0
163.49074328812785 266.14922995156815 6 2
153.96649943321844 235.52869866466528 2 0
144.17239267742184 233.72112882076161 4 1
155.7114110560774 239.12804352566593 2 0
149.64179809579966 231.25422704537223 2 0
141.6346057194765 243.72965350864303 6 2
146.87582980380552 228.36469085288684 2 0
157.20220769251893 273.96735358468948 2 0
150.76122569764951 227.41406014220036 2 0
163.19081419983229 246.61526788541295 2 0
138.26867584482812 223.27382641485079 8 3
165.43548247501033 243.30445766215803 2 0
157.95607933125544 235.81723330241101 2 0
167.18039409786928 246.90380252315867 2 0
159.70099095411439 239.41657816341166 2 0
156.36933898015135 230.03084798356315 4 1
161.94565922929243 236.10576794015674 2 0
161.19178759055592 274.2558882224352 2 0
146.9783796212669 276.70109453245294 2 0
138.25382150697214 258.70437022744972 2 0
169.42506237304733 243.59299229990376 2 0
155.5958070883382 267.44150794072192 2 0
171.16997399590628 247.1923371609044 2 0
160.94614592465425 249.92607810866787 2 0
173.41464227108432 243.88152693764948 2 0
140.49848978215019 255.3935600041948 2 0
175.15955389394327 247.48087179865013 2 0
163.69057085215138 239.70511280115738 2 0
177.40422216912131 244.17006157539521 2 0
168.92530572072823 250.50314738415932 2 0
179.14913379198026 247.76940643639585 2 0
172.91488561876523 250.79168202190505 2 0
181.3938020671583 244.45859621314094 2 0
164.93572582269124 250.21461274641359 2 0
183.13871369001725 248.05794107414158 2 0
175.65931054626236 240.57071671439456 2 0
185.3833819651953 244.74713085088666 2 0
179.64889044429935 240.85925135214029 2 0
187.12829358805425 248.34647571188731 2 0
167.68015075018837 239.99364743890311 2 0
189.37296186323229 245.03566548863239 2 0
187.78622151212821 239.24928016978453 4 1
191.11787348609124 248.63501034963303 2 0
170.67021734358718 254.10249224515997 2 0
178.21284541867746 232.98919578153684 6 2
188.71503393915833 254.13286103073517 4 1
172.30811436632914 238.3868018434344 2 0
176.90446551680222 251.08021665965077 2 0
174.65979724162418 254.39102688290569 2 0
194.03952469660251 251.36703417897971 2 0
170.43310094948299 234.85348545699983 2 0
194.59473557047193 255.32831438688436 2 0
172.41512896644613 257.70183710616061 2 0
197.74769942509116 252.86684756170376 2 0
193.52523373895951 267.28055960828067 10 4
197.19248855122174 248.90556735379911 2 0
180.89404541483921 251.3687512973965 2 0
165.93523912732942 236.39430257790247 2 0
138.18911286626388 233.27350989646371 2 0
168.42554906840914 257.41330246841488 2 0
193.36254176126928 245.32420012637812 2 0
176.40470886448313 257.99037174390634 2 0
184.99501385061262 258.84045601552475 2 0
174.16004058930508 261.30118196716126 2 0
182.69489683150024 262.11298740550251 2 0
178.14962048734208 261.58971660490698 2 0
181.0108600226537 258.48476194028541 2 0
170.17046069126809 261.01264732941553 2 0
134.27641836546275 232.44235302595092 2 0
175.90495221216403 264.9005268281619 2 0
178.64937713966117 254.67956152065142 2 0
179.89453211020103 265.18906146590763 2 0
170.50302364993547 230.85409665169954 2 0
171.91537231412704 264.61199219041617 2 0
172.50040179257343 227.38848262885855 2 0
135.51296265146928 236.24642429614877 2 0
175.92589084173741 225.32304689418714 2 0
173.66028393698599 268.21133705141682 2 0
172.42442650104582 223.38920422456144 2 0
168.50040293776257 227.39150942779079 2 0
179.92311853513641 225.17414838135315 2 0
177.64986383502298 268.49987168916255 2 0
177.79555479373695 221.78689691057593 2 0
175.40519555984494 271.81068191241746 2 0
200.90066327971039 250.40538073652317 2 0
179.39477545788193 272.09921655016319 2 0
200.34545240584097 246.44410052861852 2 0
183.49277794942066 226.97901171856509 2 0
201.4558741535798 254.36666094442782 2 0
183.27100574266325 222.98516431433069 2 0
204.05362713432962 247.94391391134258 2 0
185.74245423101911 230.28642107151995 2 0
203.4984162604602 243.98263370343793 2 0
186.84066515694749 224.79002765154263 2 0
207.20659098894885 245.48244708616198 2 0
166.50302479512462 230.85712345063178 2 0
206.65138011507943 241.52116687825733 2 0
186.61889295019009 220.79618024730823 2 0
210.35955484356808 243.02098026098139 2 0
190.18855236447433 222.60104358452017 2 0
209.80434396969866 239.05970005307674 2 0
221.02871575580551 259.93751079855866 18 8
206.09616924121002 237.55988667035268 2 0
171.41561566180795 271.52214727467174 2 0
209.24913309582925 235.09841984517209 2 0
213.51251869818731 240.5595134358008 2 0
205.54095836734061 233.59860646244803 2 0
189.96678015771693 218.60719618028577 2 0
191.61029971611268 228.43016311221123 4 1
186.39712074343268 216.80233284307383 2 0
195.72581942621252 220.29048661984922 4 1
183.04923353590584 218.99131691009629 2 0
208.69392222195984 231.13713963726744 2 0
202.94320538659079 240.02135349553328 2 0
204.98574749347119 229.63732625454338 2 0
164.50040408295172 227.39453622672303 2 0
208.13871134809042 227.17585942936279 2 0
192.27954089810061 213.07084921159424 4 1
211.84688607657907 228.67567281208684 2 0
203.08118965327895 223.94762859707842 4 1
212.40209695044848 232.63695301999149 2 0
174.93374278861691 202.92461812252117 16 7
215.55506080506771 230.1754861948109 2 0
212.95730782431789 236.59823322789615 2 0
211.29167520270965 224.71439260418219 2 0
200.98631348765542 229.57003856529511 2 0
202.38799451272138 236.06007328762863 2 0
198.0385801665962 214.75413965115769 2 0
162.50302594031376 230.86015024956401 2 0
197.9179355554501 227.00390200128388 2 0
199.79024153197156 242.48282032071387 2 0
197.22978506753893 230.94426352099086 2 0
201.00444532167839 217.43810013556677 2 0
216.11027167893712 234.13676640271555 2 0
166.49778222558967 223.92892220388205 2 0
219.26323553355635 231.67529957753496 2 0
162.49778337077882 223.93194900281429 2 0
219.81844640742577 235.63657978543961 2 0
164.49516151341678 220.46633497997331 2 0
222.971410262045 233.17511296025901 2 0
216.66548255280654 238.0980466106202 2 0
160.49516265860592 220.46936177890555 2 0
168.49516036822763 220.46330818104107 2 0
223.52662113591441 237.13639316816366 2 0
220.37365728129518 239.59785999334426 2 0
162.49254080124388 217.00374775606457 2 0
158.49778451596796 223.93497580174653 2 0
226.67958499053364 234.67492634298307 2 0
158.49254194643302 217.00677455499681 2 0
156.49516380379507 220.47238857783779 2 0
227.23479586440305 238.63620655088772 2 0
154.49778566115711 223.93800260067877 2 0
230.38775971902228 236.17473972570713 2 0
152.49516494898421 220.47541537677003 2 0
230.9429705928917 240.13601993361178 2 0
154.49254309162217 217.00980135392905 2 0
234.09593444751093 237.67455310843118 2 0
150.49254423681131 217.01282815286129 2 0
234.65114532138034 241.63583331633583 2 0
233.54072357364151 233.71327290052653 2 0
152.48992237944927 213.54721413002031 2 0
148.49516609417336 220.47844217570227 2 0
237.80410917599957 239.17436649115524 2 0
148.48992352463841 213.55024092895255 2 0
238.35932004986898 243.13564669905989 2 0
150.48730166727637 210.08462690611157 2 0
241.51228390448821 240.6741798738793 2 0
146.48730281246551 210.08765370504381 2 0
242.06749477835763 244.63546008178395 2 0
148.48468095510347 206.62203968220282 2 0
245.22045863297686 242.17399325660335 2 0
144.48468210029262 206.62506648113506 2 0
245.77566950684627 246.135273464508 2 0
152.48467980991433 206.61901288327059 2 0
244.66524775910744 238.2127130486987 2 0
144.48992466982756 213.55326772788479 2 0
238.9145309237384 247.09692690696454 2 0
240.9570730306188 236.71289966597465 2 0
146.49254538200046 217.01585495179353 2 0
248.37342248759609 239.71252643142276 2 0
150.47726626957092 196.82257011673303 8 3
242.62270565222704 248.5967402896886 2 0
142.48730395765466 210.09068050397605 2 0
156.16349249827024 205.04855524169233 2 0
237.24889830213016 235.21308628325059 2 0
247.81821161372667 235.75124622351811 2 0
235.20635619524975 245.59711352424048 2 0
155.68414236726645 209.01972930636219 2 0
156.48992123426012 213.54418733108807 2 0
248.9286333614655 243.67380663932741 2 0
239.46974179760781 251.05820711486919 2 0
251.52638634221532 237.25105960624217 2 0
249.48384423533491 247.63508684723206 2 0
243.17791652609645 252.55802049759325 2 0
252.08159721608473 241.21233981414682 2 0
252.63680808995414 245.17362002205147 2 0
246.33088038071568 250.09655367241265 2 0
255.23456107070396 238.75087298896622 2 0
253.19201896382356 249.13490022995612 2 0
250.03905510920433 251.59636705513671 2 0
255.78977194457337 242.71215319687087 2 0
254.67935019683455 234.78959278106157 2 0
256.34498281844282 246.67343340477552 2 0
246.8860912545851 254.0578338803173 2 0
258.94273579919263 240.25068637169028 2 0
267.70373708674464 230.93797078260994 2 0
250.59426598307374 255.55764726304136 2 0
297.23166269605105 209.21549524448565 2 0
247.44130212845451 258.01911408822195 2 0
300.8282981246503 207.4650057147413 2 0
243.73312739996587 256.51930070549793 2 0
304.49080142504999 205.85687960819328 2 0
244.28833827383531 260.4805809134026 2 0
301.2668717140906 203.48912176187679 2 0
308.21354014311652 204.39359001381746 2 0
247.99651300232398 261.98039429612663 2 0
304.92937501449029 201.88099565532877 2 0
311.99078919047139 203.07738728085542 2 0
244.84354914770478 264.44186112130723 2 0
331.85676826498343 198.72191594823235 2 0
308.96229966351831 200.46429501590654 2 0
241.13537441921611 262.94204773858326 2 0
333.73703240260051 195.19139094863371 2 0
241.6905852930856 266.90332794648788 2 0
347.34649735168892 198.10350280063247 2 0
334.54217577105828 191.27326076240604 2 0
245.39876002157428 268.40314132921185 2 0
388.74332468904072 208.54150479510906 2 0
320.51372989215503 176.44332801109996 2 0
242.2457961669551 270.8646081543925 2 0
392.29601951213476 210.37953621321941 2 0
317.83773227218859 173.4702762560957 2 0
395.77391673776748 212.3554488853627 2 0
399.17166781195857 214.46620411461907 2 0
399.30075992456989 210.46828775400553 2 0
402.48404743509383 216.70855583373861 2 0
402.69851099876098 212.5790429832619 2 0
405.70596159775664 219.07905559717096 2 0
402.8276031113723 208.58112662264836 2 0
406.14791753122267 215.10354620177594 2 0
408.8324554146526 221.57405788432649 2 0
426.64542949588042 218.98601723906887 16 7
406.22535418556339 210.69188185190472 2 0
423.63775961555922 236.73295843723056 2 0
427.63136794957023 236.95899488234033 2 0
431.57628796488052 236.29747687593053 2 0
430.17671935583712 240.04463682829183 2 0
435.27770879653644 234.78107197387322 2 0
434.12163937114741 239.38311882188202 2 0
438.55284423062915 232.48466436886264 2 0
432.72207076210401 243.13027877424332 2 0
438.90402383696573 236.46921865812678 2 0
464.55129718124715 232.20103754625833 24 11
436.6669907774143 242.46876076783352 2 0
428.77715074679372 243.79179678065313 2 0
435.2674221683709 246.21592072019482 2 0
431.32250215306061 246.87743872660462 2 0
439.21234218368119 245.55440271378501 2 0
437.81277357463779 249.30156266614631 2 0
441.75769358994808 248.6400446597365 2 0
433.8678535593275 249.96308067255612 2 0
440.35812498090468 252.3872046120978 2 0
436.41320496559439 253.04872261850761 2 0
444.30304499621496 251.725686605688 2 0
442.90347638717157 255.4728465580493 2 0
446.84839640248185 254.81132855163949 2 0
438.95855637186128 256.13436456445913 2 0
445.44882779343845 258.55848850400076 2 0
441.50390777812817 259.2200065104106 2 0
449.39374780874874 257.89697049759098 2 0
437.55898776281788 259.88152451682043 2 0
447.99417919970529 261.64413044995229 2 0
440.10433916908477 262.9671664627719 2 0
451.93909921501557 260.98261244354251 2 0
444.049259184395 262.30564845636206 2 0
450.53953060597212 264.72977239590381 2 0
453.33866782405903 257.23545249118121 2 0
456.5385993355045 264.83548132810404 4 1
446.59461059066183 265.39129040231359 2 0
451.80621476560975 268.52391409590962 2 0
442.64969057535154 266.05280840872337 2 0
455.17618095631167 270.67875234355745 2 0
445.19504198161837 269.13845035467489 2 0
451.62505319745134 272.51980955077607 2 0
459.15166642665486 270.23658125100371 2 0
470.46766051879723 266.24305177113268 10 4
441.25012196630809 269.79996836108467 2 0
454.99501938815325 274.6746477984239 2 0
449.13720996934688 280.12314014153526 6 2
459.08138864548681 279.06800486252865 4 1
460.17939644909779 260.06635180819683 2 0
443.79547337257492 272.88561030703619 2 0
456.00794925599962 284.22105932751816 2 0
459.92983334790142 285.00771374318475 2 0
453.16521024999105 287.03510178343765 2 0
465.7384918581692 283.50455496544578 4 1
457.28762859398404 288.01083778963647 2 0
449.31547117382149 288.12115382888157 2 0
462.16544080790698 288.32464896787144 2 0
499.10865278838446 338.11620536617562 60 29
464.89004715575459 277.56484608478968 2 0
452.18088937309278 290.91209964406414 2 0
445.42116679653327 287.20770245248895 2 0
471.65788234883718 282.52434263182141 2 0
468.81193124765639 278.35150050045621 2 0
448.33115029692317 291.99815168950801 2 0
475.2997171852117 280.86994273319692 2 0
451.1965684961944 294.78909750469057 2 0
479.04065269006981 279.45382072274299 2 0
484.62470841617352 273.72509297150816 6 2
494.60960253839153 274.27453757116859 4 1
447.34682942002479 295.87514955013444 2 0
455.04630757236401 293.70304545924671 2 0
475.94378730172934 276.92213654684366 2 0
491.27877406223007 269.28398833662618 2 0
499.20775996820532 263.19045221194079 8 3
500.31616071259043 276.12796515391454 2 0
506.09057052873226 274.49818256864586 4 1
450.21224761929602 298.66609536531701 2 0
488.29697532026518 266.61774073701793 2 0
511.37406425375588 277.34154221132849 2 0
531.15672637016326 260.47007874226159 24 11
446.36250854312641 299.75214741076087 2 0
484.39710985227737 265.72833119603229 2 0
533.28024590069265 286.38321565780041 2 0
487.1172938431331 262.79565339990597 2 0
537.229939658484 285.75082399145401 2 0
483.21742837514529 261.90624385892033 2 0
541.03588872306057 284.5200714908072 2 0
485.93761236600102 258.97356606279402 2 0
540.19877712210371 288.4314963165636 2 0
544.60801145975802 282.72008839256171 2 0
573.56481657414258 290.56250113148036 28 13
482.03774689801321 258.08415652180838 2 0
556.60043525463232 265.81962808799062 2 0
484.75793088886894 255.15147872568207 2 0
560.04294010878561 263.78267930877917 2 0
480.85806542088113 254.26206918469643 2 0
488.65779635685675 256.04088826666771 2 0
563.72583387787859 262.22181625086012 2 0
570.96527176135817 252.65152162993851 10 4
588.24520480344995 257.69175119423659 8 3
583.60238716298898 246.62629845350227 4 1
483.57824941173686 251.32939138857012 2 0
487.47811487972467 252.21880092955575 2 0
560.53263993334554 259.81276821634572 2 0
595.49235134240314 267.25620972794036 4 1
589.49240683926882 247.76983166816456 2 0
578.56584148472598 243.36543850085633 2 0
602.09384127710507 259.74486293511893 6 2
595.48220267841418 248.11961132074109 4 1
491.37798034771248 253.10821047054139 2 0
603.11223856137462 269.69287112627921 4 1
597.75178805396138 272.81453193400785 2 0
588.90226921396197 243.81360397208877 2 0
490.1982988705804 249.28612313342944 2 0
607.5206594707945 265.62275748101212 2 0
634.41653050374248 282.96092697433028 30 14
599.89792413140151 276.19004670024867 2 0
494.09816433856821 250.17553267441508 2 0
493.870565774672 242.17877089893918 6 2
500.09573567017515 250.00483375149292 4 1
486.29843340259259 248.3967135924438 2 0
505.86570843788581 241.83737305309486 6 2
499.64053854238273 234.01131020054112 4 1
609.68793065745933 262.26077360189367 2 0
507.37075697539325 231.95128035174179 4 1
601.57591607449046 279.82107176748917 2 0
611.57486365754039 256.56520656662798 4 1
506.09330700178208 249.83413482857077 2 0
493.64296721077579 234.18200912346327 2 0
501.72160957727357 226.28672973635159 4 1
511.57426399854006 236.23269702223246 2 0
519.16114002822235 229.71815082850324 8 3
606.63546054370806 253.15899211667579 2 0
504.86780436448231 253.64177757520173 2 0
494.86846984807556 230.37436637683231 2 0
507.71276333583359 225.96103564476877 2 0
513.57404666951049 239.69692410325447 2 0
508.95765630289173 212.01649400653019 12 5
493.29967170029829 220.89498026179615 6 2
492.99668880244553 210.89957124747318 4 1
609.87404553410352 250.81131938394975 2 0
495.5325376456048 203.31211642753203 4 1
602.87938713536971 251.78352399593518 2 0
503.54987151939542 174.40325346898297 26 12
490.95820318230773 231.21687133384137 2 0
619.25354328915807 247.3436080547115 8 3
485.57209171291572 204.20066401881672 6 2
519.38677231004226 199.88251117691493 4 1
488.30796631879753 214.64335028359878 2 0
528.48725943225361 207.70434818227784 8 3
607.4228675902624 245.33484910761058 4 1
522.66878450086244 194.8597235067752 2 0
530.18957347913886 192.13250273385714 6 2
522.46729177440079 215.68933342950317 2 0
611.54428725691878 240.97435602410522 2 0
529.80170093811648 184.14191108542954 2 0
533.16792101958015 179.17516543428627 4 1
526.07835150052551 217.40987045449265 2 0
534.72115866096783 222.43996830517176 8 3
520.87725857333817 219.35972774340442 2 0
614.65725454240533 238.46249721448021 2 0
531.53198162990157 173.40249687344735 2 0
534.40988921581572 165.93807138135904 6 2
528.5565257868343 157.83016557478589 4 1
524.79838837889145 221.19955308068401 2 0
528.48549510301268 119.83023196113393 34 16
496.08461862598142 143.28621634721679 6 2
537.13006659269593 212.73444603295695 2 0
618.50562802737227 237.3716161392922 2 0
534.55553140842278 157.93939721924113 2 0
504.20659254382502 146.410956001714 2 0
622.47366795422499 237.87625377057128 2 0
642.31070378290428 235.32831155543062 18 8
538.4096676120497 159.0097402128149 2 0
495.97260070534253 135.28700063657018 2 0
490.93316443358992 149.40687968575224 2 0
620.92667699919195 234.18751157504639 2 0
628.85811144309787 250.12789801380785 2 0
537.40954373343379 155.13678885404181 2 0
543.38678601072991 155.65887578023657 4 1
541.26385921661813 161.81216599852473 2 0
494.45853122836525 131.58462388387662 2 0
487.50011691678378 151.45972764586793 2 0
34.409994126349837 400.64313765648046 2 0
32.118756316493915 421.70826352253943 2 0
29.116269961971057 424.35119289936813 2 0
25.604238110392433 426.26577699872161 2 0
29.018332503903611 428.34999375141206 2 0
21.756094433440985 427.35746845766897 2 0
12.331137780387669 434.78513243014822 10 4
4.2649759425021045 423.34236033571943 4 1
25.506300652324981 430.26457785076553 2 0
2.653919383063946 417.56269799590308 2 0
28.920395045836159 432.34879460345599 2 0
25.408363194257529 434.26337870280946 2 0
32.432426897414793 430.43421050410251 2 0
28.822457587768707 436.34759545549991 2 0
32.334489439347337 434.43301135614644 2 0
25.310425736190076 438.26217955485339 2 0
28.724520129701254 440.34639630754384 2 0
25.212488278122624 442.26098040689732 2 0
32.236551981279888 438.43181220819037 2 0
28.626582671633802 444.34519715958777 2 0
32.138614523212432 442.43061306023429 2 0
25.114550820055172 446.25978125894125 2 0
28.52864521356635 448.3439980116317 2 0
21.70045642654399 444.17556450625079 2 0
15.136024814339265 458.76693995919175 14 6
32.040677065144983 446.42941391227822 2 0
31.942739607077527 450.42821476432215 2 0
35.454771458656161 448.51363066496867 2 0
35.356834000588705 452.5124315170126 2 0
31.844802149010075 454.42701561636608 2 0
35.258896542521249 456.51123236905653 2 0
31.746864690942619 458.42581646841001 2 0
35.160959084453793 460.51003322110046 2 0
31.648927232875163 462.42461732045393 2 0
38.672990936032427 458.59544912174698 2 0
35.063021626386337 464.50883407314439 2 0
38.575053477964971 462.59424997379091 2 0
31.550989774807707 466.42341817249786 2 0
34.965084168318882 468.50763492518831 2 0
31.453052316740251 470.42221902454179 2 0
38.477116019897515 466.59305082583484 2 0
40.42867625996297 474.35136331176858 6 2
28.038957923229074 468.33800227185134 2 0
27.941020465161621 472.33680312389527 2 0
31.355114858672799 474.42101987658572 2 0
27.843083007094169 476.33560397593919 2 0
31.257177400605347 478.41982072862965 2 0
24.428988613582987 474.25138722324874 2 0
27.745145549026716 480.33440482798312 2 0
24.331051155515539 478.25018807529267 2 0
31.159239942537894 482.41862158067357 2 0
20.916956762004357 476.16597132260222 2 0
14.352525149799632 490.75734677554317 14 6
34.671271794116528 480.5040374813201 2 0
17.092585392730374 474.99371553572058 2 0
34.573334336049072 484.50283833336402 2 0
13.096960258273226 474.80668670132786 2 0
38.085366187627706 482.58825423401055 2 0
45.854285892542393 501.01768413888249 18 8
31.061302484470442 486.4174224327175 2 0
9.1798079295364783 475.61657412157359 2 0
5.5859504270661784 477.3727598326924 2 0
5.8619777387092 473.38229508241238 2 0
2.5400038447667281 479.96548222773941 2 0
2.2681202362388997 475.13848079353119 2 0
2.5441475478819218 471.14801604325118 2 0
882.36270692672019 267.0290320149976 2 0
898.29120018899368 270.09001348897311 2 0
901.55138603630132 272.40759590196615 2 0
901.65590548734258 267.92696974108844 2 0
904.38137131922701 275.23446400968248 2 0
906.70254533546722 278.49209369801895 2 0
908.45043102901525 282.08999525341068 2 0
910.69236232952596 278.77733106219085 2 0
170.93685674852404 20.555337794030354 2 0
176.67018856780678 6.3821622059696459 2 0
171.02964609592166 24.554261416332899 2 0
167.15049374196218 21.845087840566475 2 0
