12 12 12 0
491 9 9 3
6 194 6 1
496 196 4 2
3 24 3 4
36 12 12 0
491 27 9 3
476.30306154330094 6 6 1
4 184.20204102886728 4 2
24 3 3 4
22.970562748477139 188 12 0
461.60612308660188 9 9 3
494 186.20204102886728 6 1
488 196 4 2
8.4230203061436999 26.567265229607777 3 4
24 32.784609690826528 12 0
9 172.20204102886728 9 3
479 18 6 1
496 39 4 2
3 30 3 4
60 12 12 0
43.755172439303664 191 9 3
446.90918462990282 6 6 1
496 176.40408205773457 4 2
48 3 3 4
474.143593539449 188 12 0
44.924811556599302 31.009148815220307 9 3
6 157.50510257216823 6 1
478.03500243902499 27.953330081300038 4 2
489.00200434816759 38.832498188263493 3 4
12 140.53453982369109 12 0
38.443315731776813 173.80162279984819 9 3
494 48.797958971132715 6 1
73.856406460551014 4 4 2
497 169.47587882745907 3 4
64.539782130130192 188 12 0
38.613125743178955 47.866272596953308 9 3
83.654365431683729 6 6 1
50.062304025871363 179.63249846493434 4 2
497 57.283240345371283 3 4
19.398358464408446 56.339330983550809 12 0
38.11647570181173 65.859419590639817 9 3
52.970368206805091 170.06467934459295 6 1
25.541377950536678 172.20788458765389 4 2
46.299032763949342 57.081848176811164 3 4
100.62492818016086 12 12 0
27.668148236092904 159.38303183401672 9 3
81.510344878607327 194 6 1
460.287187078898 196 4 2
489.32480192153753 178.51162342465742 3 4
488 69.283240345371283 12 0
56.403066581279546 50.608170657946978 9 3
93.510344878607327 194 6 1
114.48133464071188 4 4 2
438.42390325566424 3 3 4
488 157.47587882745907 12 0
453.35898384862247 185 9 3
463.21794741731429 173.69509675622086 6 1
103.30830384974004 196 4 2
453.35898384862247 197 3 4
488 93.283240345371283 12 0
449.60473050405261 167.3958646385349 9 3
25.147566717483556 73.396487970070368 6 1
40.57008601733304 160.97677004621102 4 2
461.34082074502936 164.8930290754883 3 4
488 133.47587882745907 12 0
41.628056723378251 148.01989164185952 9 3
111.30830384974004 196 4 2
75.963947827473874 10.675198078462461 3 4
124.15063938147453 16.747727084867517 12 0
9 119.74993013286456 9 3
468.75000487804994 24.24000000000002 6 1
458.91780043888565 158.32576384588054 4 2
467.29040600154508 165.66919611643439 3 4
104.92459021309999 180.08184626309895 12 0
26.198377200151821 125.06178684039142 9 3
429.93862188142566 6 6 1
472.34114463104675 33.572937119387781 4 2
87.510344878607327 187.29179606750063 3 4
11.312523441873173 42.532837149548563 4 2
490.14476097505417 172.56791522601947 3 4
34.823887411156356 80.493587224920873 6 1
420.14066291029297 4 4 2
483.5233702512499 36.386160429062834 3 4
19.948913044602385 90.629421556359119 12 0
85.106030034306329 15.894072461908319 4 2
14.72200349617224 155.28549562210722 3 4
446.43078061834694 196 4 2
465.4094976961207 32.59709349998429 3 4
432.57437415779594 188 12 0
454.26670636280835 28.143083924078631 9 3
415.60381140931878 194 6 1
15.275966101578963 71.79914602794527 4 2
3 36 3 4
119.30830384974004 196 4 2
413.21245968001745 3 3 4
133.16471031029107 188 12 0
419.73371510345464 16.993628957397142 9 3
50.878615040223252 62.375941694575822 4 2
14.178890831206793 161.2608641156107 3 4
65.089796501436183 69.727289970673056 12 0
68.900539418788114 54.187719885955396 4 2
407.1185300350802 197 3 4
401.18684447779958 183.22265967432219 12 0
150.13527305876821 194 6 1
483.68402088465984 43.384316712969685 4 2
110.60738612399238 23.196005242926379 3 4
29.637428636200465 147.54572070750862 3 4
448.20371470610985 146.44265116818829 12 0
81.636183688631178 56.796045983668961 9 3
72.535899159390397 44.871918280274429 6 1
35.94767322939547 90.430241864925463 4 2
438.42390325566424 9 3 4
417.82341835937984 185.27799650382775 3 4
464.59925959599917 47.57519465537483 12 0
147.9156661087072 185.27799650382775 3 4
432.86316252945738 160.78376196601019 9 3
418.86294884556759 176.33823272796172 6 1
114.14723815837905 29.234999163659257 4 2
105.42086948805469 26.212633358081032 3 4
88.739821126936974 37.034003195912923 12 0
36.60934824082603 103.41339195183613 9 3
45.876798457094992 91.61871660704702 6 1
463.33142691001473 151.6534403095591 4 2
43.033619660247197 76.805729256094267 3 4
424.7350423623318 141.4205581363552 12 0
72.885742117866343 34.87803965861783 4 2
407.21245968001745 3 3 4
125.28614418327344 40.720850136424474 12 0
146.87613562251946 176.33823272796172 6 1
80.058680275984727 184.10592753809169 4 2
92.43879833366222 51.570769260761288 3 4
145.47972535307264 27.750912606168932 12 0
104.42508568484536 50.997257678605109 9 3
21.140426405093812 110.94027368652678 6 1
4 107.74993013286456 4 2
465.91581124349625 158.15889629794725 3 4
440.81863867995708 123.60713820946665 12 0
135.06910496528729 167.08652871955442 9 3
156.83028586646151 184.04124488177249 6 1
400.28425644974192 4 4 2
76.243969511629984 28.736190688496904 3 4
78.135012298663639 168.22198906197596 12 0
159.93323202990092 196 4 2
80.495702700767112 24.502662031644572 3 4
65.446159527963275 37.819571723377813 4 2
442.19513942199251 13.666666666666664 3 4
432.66117881983178 15.622249410462015 4 2
484.58737915559351 174.82966395492997 3 4
464.28731102373513 128.62923124129975 12 0
69.318505122049174 27.717395817755943 4 2
74.703492741715024 22.937317408164564 3 4
454.76750972238955 115.76947295496717 4 2
393.35605321946639 3 3 4
88.023656081810572 76.801050268256631 12 0
148.05136060334013 166.40753052497249 4 2
387.35605321946639 3 3 4
57.520259817919367 105.34569032811861 12 0
376.96374837405313 9 9 3
362.26680991735407 6 6 1
5.6392127336143218 48.17318692660632 4 2
426.09680804856123 126.48249955380143 3 4
57.092177606913083 87.350781447531858 6 1
405.74668511384641 9.8448159157983319 4 2
50.095007371574042 69.331943349379685 3 4
147.83083350601947 150.40905035342658 12 0
393.97842326312127 15.368221840838324 9 3
350.26680991735407 6 6 1
44.091458611739931 114.04438552710758 4 2
64.69228752523388 92.171396473588374 3 4
76.166307211230844 95.685208114151109 9 3
417.20838311769455 125.06973550826959 6 1
139.66713112041862 12.844076983324054 4 2
67.827656731684655 87.055787033918435 3 4
27.792115412346114 137.96372462163157 4 2
135.64746525774888 7.1132579884082627 3 4
73.047688558021974 84.097532864306658 3 4
401.79510041845816 134.36654767338402 12 0
124.44810443835296 174.58281765521187 4 2
49.744402548304407 118.17285072013742 3 4
356.26680991735407 22.970562748477139 12 0
157.9865068994373 165.27048695714109 6 1
431.01635862143968 23.451334064172272 4 2
63.920643112637912 173.01278321778796 3 4
43.911140050245443 122.04235309495759 4 2
437.46060212792173 20.717888321311456 3 4
59.881236489150275 129.22927860873304 12 0
335.56987146065501 9 9 3
407.93979680642423 117.44783890765025 6 1
462.18318859496009 112.76818875334436 4 2
9.3113599317788349 35.824980218615487 3 4
407.15611913090072 157.76012538960435 12 0
391.39820227208122 149.06023709891167 6 1
473.07926259297193 172.03543925952326 4 2
43.527198607391576 82.785393111440641 3 4
448.84002080175759 104.19947403120813 9 3
142.63335026356731 45.52443642250438 6 1
50.510982833313804 76.319572733887014 4 2
443.71916314087838 177.85340243734484 3 4
67.657093758765242 116.40211821671423 3 4
384.50306342766413 165.68723503348212 12 0
165.07068845704268 155.58470502386982 6 1
73.310037695329711 120.53058340974408 4 2
382.57038263288086 150.81226461517622 3 4
83.619106931330762 132.76672215884858 12 0
393.10161288082963 115.25050011032596 9 3
169.91673088796927 166.56267718441291 6 1
425.09882135114793 28.834897257328638 4 2
120.32718579821928 180.24126528343984 3 4
375.73158396157328 152.3058618611972 4 2
416.83485969117424 116.07748994612881 3 4
474.99499638631744 110.56419666685345 9 3
414.48465562359837 107.38976637543723 6 1
37.074856238590542 117.88720885600449 4 2
47.175763874773587 158.66051875506844 3 4
123.85504029403046 149.33139555900422 12 0
317.56987146065501 9 9 3
437.78850953355476 27.710203870064319 4 2
378.90147637704189 146.0647255804904 3 4
135.93204048955226 62.230496619710969 12 0
136.61676883476264 132.65391719287638 9 3
81.563607231362582 114.88447059526099 6 1
436.47359929355787 108.208416420609 4 2
150.81316964136258 41.770697626764196 3 4
302.87293300395595 6 6 1
167.93323202990092 196 4 2
4.4520108131806264 55.071777478314587 3 4
326.56987146065501 27.973665961010276 12 0
180.07055677320761 155.52185203896914 9 3
93.260083914463536 117.56634180799209 6 1
163.09015874218875 173.87006472979829 4 2
438.31828329763403 171.47215087194957 3 4
302.87293300395595 24 12 0
435.0441068319376 98.311116217918837 6 1
122.20011500084436 165.2455786129336 4 2
425.0095803188683 120.58182706129799 3 4
185.33495531432749 175.8512914803373 12 0
119.01315820384532 128.89720416749708 9 3
159.41966456222104 39.138541632671632 6 1
147.61044616349159 11.89342135351337 4 2
478.16276519112319 39.081325245793714 3 4
361.35872942290541 159.33587270118133 12 0
169.21031272006422 141.16723260457928 9 3
191.76487237864873 161.20014249652206 4 2
33.790213934845696 134.35501098455973 3 4
151.61594082366236 132.81152318072625 6 1
406.75249390548697 17.781335850546721 4 2
12.541237805017902 108.28434533276335 3 4
4 99.749930132864563 4 2
9.6024863334887058 67.698947578958865 3 4
163.93323202990092 190.25543735346196 3 4
131.77488674457749 112.21972580136924 12 0
154.38530451264663 50.03143926788556 6 1
4.4605167048451584 62.071772310441744 4 2
111.19403625562643 35.581541412914227 3 4
444.55978624424489 86.71577899461262 9 3
6.2191862051119546 76.038808503538235 6 1
146.50597567899109 124.21569534274319 4 2
470.00450062498186 153.76769838146399 3 4
157.33852897560314 14.209539830772149 6 1
118.20419315154564 189.08762417354694 3 4
367.43045529687271 182.55513506912482 12 0
288.17599454725689 9 9 3
118.58483440925838 57.426910333631064 6 1
142.81549671628835 5.4896365508544429 4 2
94.214734353378603 57.301916724740373 3 4
378.18901340936401 130.03611396311013 12 0
58.426397194443737 154.48640209326709 9 3
431.73997847396777 88.872751116162107 4 2
381.10182379481955 115.32164707985601 3 4
404.38939471511054 33.605866245362307 12 0
104.96684870041096 140.15336645016382 9 3
404.04715482076506 108.23657741035882 4 2
390.93426093309102 26.975679603347082 3 4
396.58588569589239 97.590946238548383 9 3
163.47947336576746 27.846156920900295 6 1
455.8116589385117 93.226950999099444 4 2
169.85141214204418 189.26794347488243 3 4
464.35211260114534 79.696960192139983 12 0
104.79757791881948 158.15257052708063 9 3
381.048463567672 106.32180526534844 6 1
164.16441629424313 47.941230483328205 4 2
152.33518631696975 6.7284595451249345 3 4
189.7715321991659 136.89683993736358 12 0
110.78551139877203 112.88764989353407 9 3
431.77355154731265 78.872807473883611 6 1
169.10033381636046 41.645460616595862 4 2
385.6953448985945 24.050998632113597 3 4
384.17867942070984 32.922285225849194 6 1
162.56766691989156 55.780260489362618 4 2
89.12215802649763 21.627371333442706 3 4
161.00795523865773 117.45606600001948 12 0
446.39481537947466 68.809560296270476 9 3
172.34677870148806 53.690051704805263 6 1
425.87697594604936 94.315654877723759 4 2
382.29222187563443 180.52341310035024 3 4
69.772680649083881 144.26787337124046 6 1
463.31858999867825 104.849169644109 4 2
167.17152677122729 61.05325531860899 3 4
287.00517063163727 21.947168468766176 4 2
458.07837740799511 66.071974073753367 3 4
271.02656102470371 21.120104366527947 12 0
157.09734562986895 67.573291693591898 9 3
118.89502164961128 102.72714579720434 4 2
121.40646119708258 65.973162276455639 3 4
106.7829208387482 92.272624576818885 12 0
172.06155405246446 68.608891174627743 6 1
468.8758257740468 99.094421123368591 4 2
146.00960924762106 117.23331606589143 3 4
200.47407079842466 166.1143934959087 6 1
192.87537233446022 153.27759304270717 4 2
421.77316834274421 112.66968894521503 3 4
167.25253268395568 85.954591318387457 12 0
429.56185508671689 112.23678979198363 4 2
103.60707543773593 39.025171008536937 3 4
73.235566018053362 108.35054490630206 4 2
497 145.47587882745907 3 4
125.60313687421765 95.310867071765003 6 1
98.705593561769177 62.671477560638742 4 2
462.9255453375057 143.56728982385351 3 4
203.22984655085736 177.79367857686739 6 1
175.93323202990092 196 4 2
468.88898599641357 142.9059461101281 3 4
137.60252010747851 95.189203513793828 6 1
158.91301634401586 4.3342682129021464 4 2
474.11615865969293 139.96032801739017 3 4
89.199759714733787 108.42775507955923 4 2
370.61303417520458 147.53088038642005 3 4
218.36896203495454 168.0567805924388 12 0
212.71411807399991 185.14545344252446 6 1
374.14383146983539 114.55591683658388 4 2
82.652717661393908 105.95061149232026 3 4
358.27940178625238 116.63434672826908 12 0
227.60943502217975 186.91450206064277 9 3
150.00858839207541 80.792577635866905 6 1
106.12377223371145 127.20494847968976 4 2
143.06399745310875 102.34268275142132 3 4
344.28612129211399 176.20377273682402 12 0
358.61079616595003 137.63173175034041 9 3
352.30776881330428 192.31752993512453 6 1
284.60744374399371 29.579396568886821 4 2
442.99615421635895 23.032550948174855 3 4
338.80263180192952 130.65773544062321 12 0
238.8190615951776 172.83102691798214 9 3
343.39298257816768 158.22594463558636 6 1
342.31055847971402 192.08134029530925 4 2
450.76008247431446 14.134530459215558 3 4
329.35784383937164 190.97355717309608 9 3
233.75338235442302 158.71228427460954 6 1
275.58060651960255 5.7818949002834721 4 2
360.56713026573681 195.89285487113682 3 4
320.68464181766558 171.84829726138054 12 0
248.72576547947202 157.80248014362948 9 3
123.72763384901714 72.577112421627177 4 2
474.05355242621135 145.96000138012661 3 4
311.36049236272891 190.66478569418874 9 3
494 116.50531607898193 6 1
378.71301966904076 24.548124761719983 4 2
146.0318630988063 107.55725593712772 3 4
110.01145860664981 69.735331326887916 9 3
206.06788248149806 157.82528794378118 4 2
96.901436465988397 125.79680665485847 3 4
336.39640592204836 106.77866349435634 12 0
300.21353640399889 176.53165536668757 9 3
151.94287579402933 90.60372090495855 4 2
175.89484588932999 131.20144029744256 3 4
355.87317590637116 92.755274782002203 12 0
130.92462972622275 79.519968486928079 6 1
197.63603486778396 186.08278412899492 4 2
146.346579090083 97.320267217378017 3 4
259.61389278043515 175.759336323875 12 0
242.6032317371191 187.34584887131103 6 1
334.79109848810742 163.32570836552213 4 2
366.03094082616184 103.79247605018018 3 4
464.66425349275488 63.700005229904662 4 2
177.93701112473028 75.426442361964845 3 4
278.81449617652771 35.096801618417764 4 2
212.17099264582669 154.39716216982413 3 4
290.24178638471034 41.29494960777501 9 3
184.66722647225808 81.401741632788131 6 1
156.10733308816387 97.434335477991468 4 2
425.63260438688826 85.452227507053394 3 4
265.92091366605308 44.570741139313114 12 0
221.88622801285479 147.35342723988489 9 3
348.59613397315354 149.68620133962852 4 2
131.53481649434607 88.542176143368792 3 4
258.13297851422908 30.594043887423304 4 2
341.60174437399888 149.40599760082893 3 4
243.29241221579846 36.573809095346213 12 0
338.29547830527798 88.87912372141092 6 1
163.05809028124636 101.39501401112338 4 2
471.76304488295887 159.50420621225584 3 4
247.68111663851261 60.16913222282318 12 0
185.48216370931073 96.379587849773571 9 3
372.20421035394406 32.13992305327848 6 1
425.88093718509941 102.31565389701028 4 2
96.945310345511572 149.07832708990213 3 4
270.30961808876725 68.166064266790087 12 0
304.10657625939132 158.95769051283838 9 3
254.52494644820086 76.817315112737106 6 1
165.64984913766591 8.6487883380610455 4 2
497 108.02003470474337 3 4
283.63547084572463 163.64104861814545 12 0
344.38995866025903 75.173018906302048 9 3
242.54005714303281 77.419335330727066 6 1
237.15975428120578 195.73444548737044 4 2
330.32640873090361 93.061698301592486 3 4
264.87648106690386 91.542997814662812 12 0
320.1794193820873 150.85437551506101 9 3
280.66115270747025 82.891746968715779 6 1
253.38296634386077 24.156856273150062 4 2
170.02315085946856 100.69649333018762 3 4
202.47309013434574 84.038258131341834 12 0
326.84407218216819 79.190713232398636 9 3
232.29657781112769 50.824831014670394 6 1
382.64239875843168 187.51464876729457 4 2
497 81.283240345371283 3 4
414.0089722278197 75.97113181980987 12 0
229.31216853436709 70.346643979004483 9 3
206.88819144837225 147.11073564455305 6 1
248.93384860761014 85.108251425177443 4 2
370.4437825836294 107.85779616347395 3 4
282.37202010518763 187.60776913277232 12 0
362.22460376399596 72.738797465316637 9 3
321.87173938123766 96.146915666352953 6 1
238.42572584308024 149.87094917610762 4 2
166.03712730104107 184.6363960928843 3 4
294.14548332165816 70.968122189007474 12 0
243.61698686509888 15.576317547615293 9 3
351.68446691813722 62.06614478331808 6 1
307.91989600158502 146.52955338196492 4 2
169.88245467423073 175.56261191424133 3 4
202.95175723785147 108.03348427747393 12 0
320.45266576992407 120.44603888107707 9 3
298.00127265005835 145.25640342593061 6 1
181.99901189492545 69.725552103160183 4 2
130.95179387101678 3.3781983867652805 3 4
378.79425661481309 85.640216162630807 12 0
377.29513641815811 46.249581865904183 9 3
185.73119100103364 194 6 1
190.57901867787845 73.336339416062287 4 2
427.51993783854886 173.87722854767253 3 4
334.52331114863068 56.635239457800715 12 0
195.52914997216635 196 4 2
360.60178947000566 60.849034062825368 3 4
294.00920524043721 94.96773527515073 12 0
353.25858991951321 47.148968885161658 9 3
307.49353585462512 83.044110495442425 6 1
374.95552910506331 70.107535418281174 4 2
171.95530741318433 183.64890221430477 3 4
389.88654208273613 64.357330947084876 12 0
312.11753593264103 71.970781128061134 6 1
261.55901038214222 159.87801026099444 4 2
255.46599209933331 17.473967399164643 3 4
264.7191097497826 144.19318409088217 12 0
309.94086142638446 57.129551795764812 9 3
306.36490542095049 136.65119297680974 6 1
428.59366348786955 69.391862798936344 4 2
156.09298733108071 174.06904272750765 3 4
423.8890837811922 54.099154412796238 12 0
182.87437610904416 114.18968172464957 9 3
256.88922948799529 8.5872134734888288 6 1
216.87045352124642 194.24077507784676 4 2
321.48632922091099 105.13865960222641 3 4
321.44221684869621 135.41336291252975 6 1
120.94008637637499 80.075750903896235 4 2
477.84902144536625 122.21986228329601 3 4
298.4214302473917 189.40753807520315 4 2
276.96351205021404 54.722638544533787 3 4
212.22571010563118 138.65432419622505 4 2
336.45611343449582 152.49184954712007 3 4
193.83409962603051 121.18142402762503 4 2
218.62020127875709 135.80643328595215 3 4
235.67024210296574 94.056812342439756 12 0
246.7633893179098 142.93139814531705 6 1
213.29332385866866 95.82479885163059 4 2
300.63574796387769 196.04807999965905 3 4
294.73075818165444 133.71067975385355 6 1
309.85629303395075 92.760971022976278 4 2
103.19807031418122 33.039127673502854 3 4
231.94581622030148 128.91963530505501 12 0
303.09439095254658 125.10546930473268 6 1
197.24682172952976 68.915886671784889 4 2
313.90166292524094 130.5001107790174 3 4
418.95075418462164 98.319084921014834 4 2
204.24313450955341 69.143059478427006 3 4
223.81108862087743 22.556746957010212 12 0
289.0540675035702 119.82632946493649 9 3
310.2381642390871 102.75367708203194 6 1
267.58577210481445 5.4944532886122648 4 2
166.22652592715346 15.624993888391849 3 4
286.3671254107623 142.31589020297443 6 1
284.81213483012777 132.43752979781922 4 2
137.0611134113623 86.205502784728964 3 4
181.01460162047675 13.112461841125354 12 0
202.91519653227627 57.216761614944595 9 3
225.78276835617251 40.746622523845424 6 1
179.63777470223386 62.081956161468213 4 2
175.76959225418744 188.2804495963029 3 4
213.23117309530477 69.60691547013657 6 1
190.08469583093125 65.35162621376216 4 2
93.533794578222029 154.01407021222269 3 4
213.10643018721282 128.69318309001142 6 1
99.463037297029302 106.50003842950738 4 2
248.75645218817189 4.7326144811840614 3 4
472.36972840114964 65.850739159543338 4 2
124.67490456205512 85.996150647149477 3 4
208.87162619991409 194.37774764264526 4 2
86.976141067181246 101.79032183241794 3 4
301.73795801754756 111.22400731120837 6 1
341.26804875129335 42.126327897272525 4 2
281.69992587962378 58.40589580361523 3 4
369.51911202187409 59.631923342332641 6 1
79.013606459836026 148.08956019255049 4 2
378.23884330949176 192.95603640356083 3 4
251.54663154589485 131.925917974583 6 1
346.47935301689097 36.056541422332572 4 2
334.2851635690231 41.637130052601435 3 4
201.33902578866733 123.95199856973163 4 2
179.23711247396287 126.2185441438742 3 4
396.23789387359608 81.199549637885085 6 1
90.036822391185453 147.95014528499178 4 2
318.45772318989088 65.5831348054313 3 4
217.91113244773857 102.35747394187594 4 2
244.14337075664974 196.21309037025077 3 4
252.7845796498292 193.69723885149284 6 1
222.32086742310011 50.128266405894692 4 2
339.4842878124083 20.343603687767231 3 4
214.28382155759309 44.177981223171393 6 1
297.07901388089164 55.239346061856224 4 2
204.52899564330579 188.88761468898994 3 4
289.09766156140228 55.7852537025624 4 2
142.8280355266524 87.861585305673529 3 4
220.50589585762521 112.01496858835199 6 1
409.30439252114235 60.678423433669764 4 2
233.36416348772528 143.85242777762997 3 4
225.00236513988622 57.665478754957896 4 2
267.74493845039251 163.15433349511423 3 4
407.9423040101409 52.795231511091835 4 2
139.50349717441352 76.799116909503681 3 4
215.94739739784995 53.022895887752036 3 4
213.97448510967456 118.20695321701143 3 4
328.42618095152363 42.930313213580163 3 4
92.933243479333711 102.50651374184392 3 4
90.70962483178117 95.869080494702615 4 2
461.96489371230439 97.981309252090426 3 4
365.93440172277201 39.930269626344412 4 2
160.60870702643689 132.45075175414712 3 4
322.2979713831694 46.313366196660965 4 2
205.23662492336388 138.2635706741531 3 4
217.64692913301252 89.113158134547675 4 2
101.26541812612663 121.67908106055557 3 4
232.37776011518142 9.0433410388606568 4 2
314.9985309658706 88.011509048023228 3 4
218.2070746576897 81.132792416663307 4 2
242.86433384934946 3.5999444139039305 3 4
224.76477666945166 6.5851947748957063 4 2
3 92.821726902589049 3 4
214.77298755873031 6.9903495192465517 6 1
389.38153593256663 41.462208183173189 4 2
310.72311967439481 111.74060193015244 3 4
328.24165752003927 141.30976915335864 3 4
485.27799650382775 118.72492302904296 3 4
333.61675126432846 145.79400456645902 4 2
92.938224646081849 159.98443841325775 3 4
455.29260392335311 60.757892206462891 3 4
203.56942745045868 16.964327707529534 9 3
262.18430853116331 126.37255607775967 6 1
94.984133502680848 166.67878356050628 4 2
328.78145237267478 159.22127628110604 3 4
252.05611755947152 119.93673851967577 6 1
449.90248880562064 56.29172393627961 4 2
87.553074755150504 154.49468481657769 3 4
273.94856383581816 128.73947329787967 6 1
261.41075808404003 116.40251998425653 4 2
73.533269002976269 152.44454599722769 3 4
255.39860894315837 108.41164627058816 6 1
441.90874782318735 56.608117845460555 4 2
420.98689835236297 89.249254691677592 3 4
445.54314355484286 47.291940106402308 6 1
268.96844543990665 119.02575497772803 4 2
220.28955656588286 95.595173272684974 3 4
208.06348212740977 31.275284089287332 6 1
205.20946295584409 4.0681932657258528 4 2
491 108.02003470474337 3 4
197.34785275850876 5.5497752260483537 4 2
267.07326898154685 112.28718642115173 3 4
193.066628691376 31.582508792268193 9 3
276.06814158643215 111.98343187899061 6 1
203.03952025330119 39.921659462095491 4 2
415.22472413791075 90.921782216802967 3 4
196.26834092233716 44.182073816113807 4 2
86.249027402291347 180.83796143425474 3 4
38.523006334896301 129.19742665679317 4 2
424.04932451174329 168.98286003520846 3 4
247.28464082233597 112.30568290809919 3 4
189.36910117248601 42.998650445517384 3 4
39.523006334896301 136.12562988706867 3 4
180.80699493254912 40.225504806349903 6 1
190.65279664655381 49.879938546582316 4 2
409.26802961784398 90.202205678409456 3 4
181.07182499896757 31.229402037043585 3 4
373.2978680869781 196.35996998847492 3 4
404.06988591537333 87.205657322640008 3 4
175.35856918649452 33.062079865043593 3 4
411.62320531566132 95.720642724567597 3 4
246.64018954912061 106.34039309481676 3 4
44.521104857395891 132.80614029386501 3 4
240.67444761473729 110.00234928957664 4 2
249.88836911769977 101.29566024854384 3 4
63.180192464408442 167.05864744191447 3 4
243.07262361649924 116.57872761389567 3 4
199.09402919398968 157.22082924022197 3 4
369.54400143984827 98.928485391825134 3 4
279.29643733136089 136.74764361326501 3 4
341.44149598828494 26.015405531650842 3 4
384.87001840983891 195.1982488797851 4 2
308.40171703226889 117.27333089271069 3 4
371.85473718607784 23.146710695897969 3 4
290.54040216659359 150.2898328362794 3 4
434.10788888634698 65.079865784235807 3 4
300.82479561368365 49.325876757777451 3 4
306.67755189217417 42.488827398251821 6 1
3 86.821726902589049 3 4
389.09051813212687 48.456156184111371 3 4
280.05881914970121 49.582689716007913 3 4
29.739615005169725 113.59620204029021 3 4
169.87465749905675 3.0674807574378411 3 4
268.88120787456285 106.56605393193946 3 4
365.31291906049051 46.902626423044047 3 4
347.7368135803319 142.70681822523647 3 4
52.878690043048408 143.84577498005817 3 4
176.32475670590466 104.13470854348103 3 4
314.87989103529611 46.193099604935554 3 4
394.61378316569562 46.112325266797427 3 4
315.38542988945295 40.214434999278382 3 4
