64 64 64 0
64 192 64 0
192 64 64 0
32 282.50966799187808 32 1
282.50966799187808 32 32 12
64 373.01933598375615 64 0
373.01933598375615 64 64 0
32 463.52900397563423 32 1
463.52900397563423 32 32 12
16 128 16 2
128 16 16 11
64 554.0386719675123 64 0
554.0386719675123 64 64 0
32 644.54833995939043 32 1
644.54833995939043 32 32 12
64 735.05800795126856 64 0
735.05800795126856 64 64 0
32 825.5676759431467 32 1
825.5676759431467 32 32 12
112 128 16 2
16 870.82250993908576 16 11
18.745166004060955 8 8 3
128 96.984845004941292 8 10
916.07734393502483 64 64 0
64 934.82250993908576 64 0
980.07734393502483 16 16 2
8 508.78383797157323 8 3
508.78383797157323 8 8 10
4 854.82250993908576 4 4
7.4314575050761942 4 4 9
599.29350596345137 8 8 3
8 599.29350596345137 8 10
431.52900397563423 8 8 3
8 676.54833995939043 8 10
4 902.82250993908576 4 4
964.07734393502483 4 4 9
128 80.124515496597098 2 5
991.39105243400957 2 2 8
8 431.52900397563423 8 3
676.54833995939043 8 8 10
8 237.25483399593904 8 3
237.25483399593904 8 8 10
610.6072144624361 4 4 4
4 610.6072144624361 4 9
8 314.50966799187808 8 3
314.50966799187808 8 8 10
8 780.31284194720763 8 3
780.31284194720763 8 8 10
956.07734393502483 4 4 4
4 420.21529547664949 4 9
660.54833995939043 2 2 5
664.54833995939043 2 2 8
960.07734393502483 1 1 6
1 425.87214972614186 1 7
857.5676759431467 8 8 3
8 980.07734393502483 8 10
497.4701294725885 4 4 4
520.09754647055797 4 4 9
587.97979746446663 4 4 4
248.5685424949238 4 4 9
2 668.54833995939043 2 5
2 439.52900397563423 2 8
618.6072144624361 4 4 4
4 618.6072144624361 4 9
325.82337649086281 4 4 4
4 791.62655044619237 4 9
668.54833995939043 2 2 5
841.5676759431467 2 2 8
593.63665171395894 1 1 6
604.95036021294379 1 1 7
4 768.99913344822289 4 4
4 325.82337649086281 4 9
768.99913344822289 4 4 4
791.62655044619237 4 4 9
525.7544007200504 2 2 5
306.50966799187808 2 2 8
960.07734393502483 10.928203230275509 4 4
225.94112549695427 4 4 9
4 225.94112549695427 4 4
948.07734393502483 4 4 9
757.68542494923804 2 2 5
2 664.54833995939043 2 8
972.07734393502483 1 1 6
231.59797974644667 1 1 7
4 248.5685424949238 4 4
4 412.21529547664949 4 9
4 991.39105243400957 4 4
868.88138444213143 4 4 9
2 628.54833995939043 2 5
845.5676759431467 2 2 8
4 968.76363543604009 4 4
687.86204845837517 4 4 9
489.4701294725885 4 4 4
614.6072144624361 10.928203230275509 4 9
763.34227919873047 2 2 5
2 763.34227919873047 2 8
503.12698372208087 1 1 6
614.6072144624361 1 1 7
256.5685424949238 4 4 4
10.928203230275509 614.6072144624361 4 9
4 894.82250993908576 4 4
333.82337649086281 4 4 9
995.39105243400957 2 2 5
220.2842712474619 2 2 8
4 333.82337649086281 4 4
799.62655044619237 4 4 9
4 256.5685424949238 4 4
10.928203230275509 416.21529547664949 4 9
2 849.16565568959334 2 5
5.4641016151377544 666.54833995939043 2 8
968.07734393502483 1 1 6
1 787.62655044619237 1 7
876.88138444213143 4 4 4
695.86204845837517 4 4 9
493.4701294725885 10.928203230275509 4 4
4 799.62655044619237 4 9
2 908.47936418857819 2 5
2 306.50966799187808 2 8
4 886.82250993908576 4 4
329.82337649086281 10.928203230275509 4 9
4 522.0386719675123 4 4
4 586.0386719675123 4 9
2 624.26406871192853 2 5
624.26406871192853 2 2 8
774.6559876977152 1 1 6
320.16652224137044 1 1 7
144 4 4 4
4 703.05800795126856 4 9
30.058874503045715 4 4 4
4 497.4701294725885 4 9
439.52900397563423 2 2 5
2 220.2842712474619 2 8
420.21529547664949 4 4 4
4 687.86204845837517 4 9
112 4 4 4
252.5685424949238 10.928203230275509 4 9
2 443.52900397563423 2 5
2 406.55844122715712 2 8
493.4701294725885 1 1 6
1 985.73419818451725 1 7
4 112 4 4
10.928203230275509 329.82337649086281 4 9
795.62655044619237 10.928203230275509 4 4
4 144 4 9
942.4204896855324 2 2 5
2 660.54833995939043 2 8
10.928203230275509 252.5685424949238 4 4
872.88138444213143 10.928203230275509 4 9
4 486.15642097360376 4 4
405.01933598375615 4 4 9
8.4721359549995796 898.82250993908576 2 5
339.48023074035518 2 2 8
795.62655044619237 1 1 6
1 329.82337649086281 1 7
4 96 4 4
4 32 4 9
96 4 4 4
41.021749413847886 128 4 9
805.28340469568479 2 2 5
2 262.22539674441617 2 8
86.978250586152114 128 4 4
4 160 4 9
128 41.021749413847886 4 4
160 4 4 9
882.53823869162386 2 2 5
701.5189027078676 2 2 8
1 229.94112549695427 1 6
1 590.0386719675123 1 7
691.86204845837517 10.928203230275509 4 4
10.928203230275509 795.62655044619237 4 9
10.928203230275509 890.82250993908576 4 4
152 4 4 9
2 805.28340469568479 2 5
2 302.50966799187808 2 8
104 4 4 4
4 104 4 9
4 152 4 4
4 24 4 9
2 580.38181771801987 2 5
628.26406871192853 2 2 8
998.21947955875578 1 1 6
1 252.5685424949238 1 7
148 10.928203230275509 4 4
108 10.928203230275509 4 9
10.928203230275509 108 4 4
10.928203230275509 148 4 9
2 708.71486220076099 2 5
2 527.69552621700473 2 8
4 16 4 4
10.928203230275509 20 4 9
2 697.40115370177614 2 5
2 845.16565568959334 2 8
691.86204845837517 1 1 6
1 795.62655044619237 1 7
2 491.81327522309613 2 5
35.715728752538098 2 2 8
443.52900397563423 2 2 5
2 216.2842712474619 2 8
1 911.3077913133244 1 6
1 890.82250993908576 1 7
414.55844122715712 2 2 5
216.2842712474619 2 2 8
2 339.48023074035518 2 5
5.4641016151377544 441.52900397563423 2 8
1 244.5685424949238 1 6
970.07734393502483 1 1 7
809.28340469568479 2 2 5
2 266.22539674441617 2 8
90.343145750507617 2 2 5
2 165.65685424949237 2 8
1 691.86204845837517 1 6
1 683.86204845837517 1 7
2 37.656854249492383 2 5
165.65685424949237 2 2 8
2 90.343145750507617 2 5
886.53823869162386 2 2 8
1 116 1 6
1 108 1 7
705.5189027078676 2 2 5
5.4641016151377544 304.50966799187808 2 8
2 809.28340469568479 2 5
2 298.50966799187808 2 8
1 148 1 6
108 1 1 7
343.48023074035518 2 2 5
2 10.34314575050762 2 8
8.4721359549995796 28 2 5
5.4641016151377544 847.16565568959334 2 8
424.21529547664949 1 1 6
116 1 1 7
399.36248173426378 2 2 5
2 480.49956672411139 2 8
39.715728752538098 2 2 5
2 402.55844122715712 2 8
4.2360679774997898 662.54833995939043 1 6
939.59206256078619 1 1 7
447.52900397563423 2 2 5
2 343.48023074035518 2 8
884.53823869162386 5.4641016151377544 2 5
890.53823869162386 2 2 8
1 28 1 6
409.01933598375615 1 1 7
441.52900397563423 5.4641016151377544 2 5
2 447.52900397563423 2 8
703.5189027078676 5.4641016151377544 2 5
529.7544007200504 2 2 8
156 1 1 6
1 156 1 7
302.50966799187808 2 2 5
952.07734393502483 8.4721359549995796 2 8
2 997.04790668350199 2 5
582.3229432149742 2 2 8
1 100 1 6
1 657.71991283464422 1 7
849.5676759431467 2 2 5
483.81327522309613 2 2 8
2 759.34227919873047 2 5
262.22539674441617 2 2 8
148 1 1 6
1 592.0386719675123 1 7
709.5189027078676 2 2 5
341.48023074035518 5.4641016151377544 2 8
2 963.10678118654766 2 5
347.48023074035518 2 2 8
626.26406871192853 4.2360679774997898 1 6
1 577.55339059327366 1 7
5.4641016151377544 404.55844122715712 2 5
2 398.55844122715712 2 8
5.4641016151377544 341.48023074035518 2 5
2 957.44992693705524 2 8
1 20 1 6
1 530.52395334175094 1 7
47.875484503402902 128 2 5
80.124515496597098 128 2 8
128 47.875484503402902 2 5
266.50966799187808 2 2 8
1 842.33722856484712 1 6
4.2360679774997898 218.2842712474619 1 7
298.50966799187808 2 2 5
2 350.39191898578662 2 8
479.52900397563423 2 2 5
576.66608896548178 2 2 8
807.28340469568479 4.2360679774997898 1 6
213.45584412271572 1 1 7
304.50966799187808 5.4641016151377544 2 5
847.5676759431467 5.4641016151377544 2 8
812.11183182043101 1 1 6
4.2360679774997898 264.22539674441617 1 7
218.2842712474619 4.2360679774997898 1 6
1 269.05382386916239 1 7
87.514718625761432 1 1 6
1 168.48528137423855 1 7
1 693.86204845837517 1 6
1 40.485281374238575 1 7
168.48528137423855 1 1 6
1 87.514718625761432 1 7
1 118 1 6
1 812.11183182043101 1 7
4.2360679774997898 300.50966799187808 1 6
4.2360679774997898 807.28340469568479 1 7
411.73001410241091 1 1 6
1 913.3077913133244 1 7
1 295.68124086713186 1 6
1 7.5147186257614305 1 7
118 1 1 6
1 477.67113959936518 1 7
37.715728752538098 4.2360679774997898 1 6
396.53405460951757 1 1 7
42.54415587728429 1 1 6
937.59206256078619 1 1 7
450.35743110038044 1 1 6
1 346.3086578651014 1 7
445.52900397563423 4.2360679774997898 1 6
1 213.45584412271572 1 7
888.53823869162386 4.2360679774997898 1 6
1 711.5432893255072 1 7
893.36666581637007 1 1 6
4.2360679774997898 445.52900397563423 1 7
631.09249583667474 1 1 6
1 450.35743110038044 1 7
527.7544007200504 4.2360679774997898 1 6
100 1 1 7
532.58282784479661 1 1 6
579.49451609022799 1 1 7
1 501.4701294725885 1 6
1 140 1 7
4.2360679774997898 761.34227919873047 1 6
26.058874503045715 1 1 7
1 756.51385207398425 1 6
2.7320508075688772 591.0386719675123 1 7
707.5189027078676 4.2360679774997898 1 6
140 1 1 7
712.34732983261381 1 1 6
1 960.27835406180145 1 7
1 882.82250993908576 1 6
1 518.0386719675123 1 7
345.48023074035518 4.2360679774997898 1 6
350.3086578651014 1 1 7
1 575.55339059327366 1 6
4.2360679774997898 400.55844122715712 1 7
1 395.73001410241091 1 6
1 954.62149981230903 1 7
1 532.52395334175094 1 6
269.33809511662429 1 1 7
1 840.33722856484712 1 6
1 353.22034611053283 1 7
476.70057685088801 1 1 6
295.68124086713186 1 1 7
573.83766184073556 1 1 6
211.45584412271572 1 1 7
814.11183182043101 1 1 6
872.88138444213143 1 1 7
1 271.05382386916239 1 6
85.514718625761432 1 1 7
2.7320508075688772 692.86204845837517 1 6
1 170.48528137423855 1 7
170.48528137423855 1 1 6
1 85.514718625761432 1 7
1 120 1 6
1 814.11183182043101 1 7
2.7320508075688772 912.3077913133244 1 6
2.7320508075688772 117 1 7
1 42.485281374238575 1 6
1 5.5147186257614305 1 7
120 1 1 6
117 2.7320508075688772 1 7
1 915.3077913133244 1 6
1 475.67113959936518 1 7
394.53405460951757 1 1 6
938.59206256078619 2.7320508075688772 1 7
44.54415587728429 1 1 6
935.59206256078619 1 1 7
1 211.45584412271572 1 6
1 713.5432893255072 1 7
633.09249583667474 1 1 6
760.51385207398425 1 1 7
252.5685424949238 1 1 6
1 972.76363543604009 1 7
683.86204845837517 1 1 6
1 898.82250993908576 1 7
843.5676759431467 4.2360679774997898 1 6
1 631.37676708413665 1 7
329.82337649086281 1 1 6
993.39105243400957 4.2360679774997898 1 7
864.88138444213143 1 1 6
1 416.21529547664949 1 7
534.58282784479661 1 1 6
1 138 1 7
1 754.51385207398425 1 6
138 1 1 7
1 880.82250993908576 1 6
1 516.0386719675123 1 7
2.7320508075688772 576.55339059327366 1 6
352.3086578651014 1 1 7
1 393.73001410241091 1 6
1 952.62149981230903 1 7
2.7320508075688772 531.52395334175094 1 6
1 534.52395334175094 1 7
2.7320508075688772 841.33722856484712 1 6
1 573.55339059327366 1 7
1 838.33722856484712 1 6
1 355.22034611053283 1 7
714.34732983261381 1 1 6
209.45584412271572 1 1 7
86.514718625761432 2.7320508075688772 1 6
571.83766184073556 1 1 7
83.514718625761432 1 1 6
2.7320508075688772 169.48528137423855 1 7
1 172.48528137423855 1 6
169.48528137423855 2.7320508075688772 1 7
895.36666581637007 1 1 6
2.7320508075688772 86.514718625761432 1 7
172.48528137423855 1 1 6
1 83.514718625761432 1 7
2.7320508075688772 41.485281374238575 1 6
754.85699782449183 1 1 7
1 44.485281374238575 1 6
2.7320508075688772 6.5147186257614305 1 7
952.07734393502483 1 1 6
1 917.3077913133244 1 7
395.53405460951757 2.7320508075688772 1 6
1 3.5147186257614305 1 7
392.53405460951757 1 1 6
46.54415587728429 1 1 7
787.62655044619237 1 1 6
933.59206256078619 1 1 7
1 209.45584412271572 1 6
2.7320508075688772 712.5432893255072 1 7
1 321.82337649086281 1 6
1 715.5432893255072 1 7
536.58282784479661 1 1 6
2.7320508075688772 139 1 7
1 772.99913344822289 1 6
1 136 1 7
838.73924881840048 1 1 6
1 752.51385207398425 1 7
1 391.73001410241091 1 6
1 536.52395334175094 1 7
1 571.55339059327366 1 6
2.7320508075688772 394.73001410241091 1 7
713.34732983261381 2.7320508075688772 1 6
354.3086578651014 1 1 7
716.34732983261381 1 1 6
81.514718625761432 1 1 7
351.3086578651014 2.7320508075688772 1 6
1 174.48528137423855 1 7
2.7320508075688772 517.0386719675123 1 6
1 878.82250993908576 1 7
894.36666581637007 2.7320508075688772 1 6
2.7320508075688772 881.82250993908576 1 7
136 1 1 6
897.36666581637007 1 1 7
174.48528137423855 1 1 6
139 2.7320508075688772 1 7
1 81.514718625761432 1 6
1 614.6072144624361 1 7
752.85699782449183 1 1 6
244.5685424949238 1 1 7
1 46.485281374238575 1 6
1 858.82250993908576 1 7
3.4314575050761942 1 1 6
11.431457505076194 1 1 7
1 604.95036021294379 1 6
514.44069222106566 1 1 7
988.07734393502483 1 1 6
900.07734393502483 1 1 7
1 862.82250993908576 1 6
657.71991283464422 1 1 7
662.54833995939043 4.2360679774997898 1 6
1 1.5147186257614305 1 7
52.642183308399453 128 1 6
75.357816691600547 128 1 7
128 52.642183308399453 1 6
128 75.357816691600547 1 7
1 389.01933598375615 1 6
357.01933598375615 1 1 7
389.01933598375615 1 1 6
1 719.05800795126856 1 7
719.05800795126856 1 1 6
1 860.82250993908576 1 7
2.7320508075688772 859.82250993908576 1 6
