100 100 100 99
100 300 100 99
300 100 100 99
99 498.99748742132397 99 98
497.98989873223331 98 98 97
97 694.9872830740569 97 96
691.97958917994754 96 96 95
95 886.9768661248047 95 94
881.96906257255421 94 94 93
199.40321926376427 200 41 40
25 200 25 24
24 397.97958971132709 24 23
23 789.45420850301321 23 22
783.892591524556 22 22 21
21 976.30771186131392 21 20
968.68699612726937 20 20 19
387.17797887081349 19 19 18
18 583.42497109814576 18 17
17 17.537887487646785 17 16
577.18585822512659 16 16 15
421.30874068151007 15 15 14
200 25 25 24
14 621.28517998330381 14 13
621.3255022493247 13 13 12
11 166.33249580710799 11 10
145.82575694955841 200 10 9
361.02458520956947 9 9 8
43.431457505076196 8 8 7
992.35131525966779 7 7 6
6 148.98979485566355 6 5
166.33249580710799 11 11 10
200 145.82575694955841 10 9
347.60817734457072 5 5 4
941.85418039727188 9 9 8
59.207843891257724 200 8 7
60 4 4 3
11 233.66750419289201 11 10
7 641.08416985652718 7 6
10 363.24555320336759 10 9
9 945.45763219365847 9 8
148.98979485566355 6 6 5
140.50451348142496 3 3 2
233.66750419289201 11 11 10
200 59.207843891257724 8 7
10 757.27692908364668 10 9
5 344.72135954999578 5 4
441.80264221342929 7 7 6
750.76734300674377 9 9 8
11 432.99748742132397 11 10
10 825.33272609511494 10 9
8 43.431457505076196 8 7
6 251.01020514433645 6 5
179.59899496852958 4 4 3
2 155.91799808593905 2 1
817.65732180930013 11 11 10
7 551.64727374567667 7 6
925.32802934991184 5 5 4
553.98989873223331 8 8 7
251.01020514433645 6 6 5
3 3.2550306305610839 3 2
598.35186871364328 7 7 6
4 375.89466384404113 4 3
5 604.55197945262228 5 4
6 450.25325699350822 6 5
643.97958917994754 6 6 5
453.71801148987601 5 5 4
4 957.45763219365847 4 3
461.46397818229082 3 3 2
51.431457505076196 2 2 1
143.96861509656273 1 1 0
834.47169422440254 6 6 5
5 739.03271416514735 5 4
220.40100503147042 4 4 3
915.55477382004756 3 3 2
735.79739378036084 5 5 4
4 994.63801464113726 4 3
214.14213562373095 2 2 1
5 930.56585556021139 5 4
953.19506274243975 3 3 2
404.61357464497621 4 4 3
5 843.38787668939801 5 4
5 810.90181909254045 5 4
802.65425456384969 4 4 3
3 259.49548651857504 3 2
155.91799808593905 2 2 1
1 255.9091846299028 1 0
5 564.45130513713548 5 4
4 770.27088240976229 4 3
259.49548651857504 3 3 2
4 417.57550765359252 4 3
2 243.04833571253886 2 1
3 33.633498533943481 3 2
4 180 4 3
4 60 4 3
607.51702010355496 3 3 2
742.28206163250525 2 2 1
614.11439969839671 1 1 0
71.434286285828591 200 4 3
633.81549824612148 3 3 2
128.56571371417141 200 4 3
2 351.04591487033252 2 1
372.07831000027198 3 3 2
200 71.434286285828591 4 3
200 128.56571371417141 4 3
33.633498533943481 3 3 2
2 423.61665590167712 2 1
37.774603255583813 1 1 0
4 538.79698490558872 4 3
3 140.50451348142496 3 2
537.58787847867995 4 4 3
2 51.431457505076196 2 1
339.86221065215591 3 3 2
4 655.5918518668725 4 3
4 220 4 3
3 336.97539285758097 3 2
931.65258467024864 2 2 1
1 556.93877636780587 1 0
765.1309284852623 4 4 3
3 464.53011154209582 3 2
244.08200191406095 2 2 1
3 729.10472729252092 3 2
658.03846368299321 3 3 2
2 598.22742413228548 2 1
1 734.56057821014781 1 0
725.92071467690187 3 3 2
2 443.32505376323269 2 1
3 920.74075215707296 3 2
3 853.21298009253644 3 2
2 963.11448644315089 2 1
240.30075377360282 1 1 0
848.38335132506086 3 3 2
827.54349099412707 2 2 1
841.39989745467801 2 2 1
1 990.63801464113726 1 0
466.36295766785719 2 2 1
2 745.35726948548415 2 1
1 926.09371960521185 1 0
650.90779241022301 2 2 1
2 457.18146022378374 2 1
1 439.63073700203478 1 0
2 381.5515180935335 2 1
910.65579433448124 2 2 1
1 37.774603255583813 1 0
590.86855394009535 2 2 1
2 936.89041088054819 2 1
175.59899496852958 1 1 0
410.27042889446858 2 2 1
2 837.06332136906121 2 1
798.65425456384969 1 1 0
561.98989873223331 2 2 1
2 804.57726377220365 2 1
158.74642521068523 1 1 0
2 135.60553399585862 2 1
531.93102422918753 2 2 1
1 763.60148440398348 1 0
543.24473272817238 2 2 1
334.96323116658954 2 2 1
447.0941448355585 1 1 0
2 661.24870611636493 2 1
2 649.93499761738008 2 1
1 766.27088240976229 1 0
2 533.14013065609629 2 1
2 214.34314575050763 2 1
256.0313849034373 1 1 0
2 332.0764133720146 2 1
28.734519048377123 2 2 1
1 30.169396918805727 1 0
759.47407423576988 2 2 1
2 65.656854249492383 2 1
824.29057139001088 1 1 0
2 469.4290910276622 2 1
2 724.20574780695461 2 1
1 56 1 0
2 185.65685424949237 2 1
662.93744316855953 2 2 1
604.05291848841716 1 1 0
2 411.91865340410016 2 1
721.02173519133555 2 2 1
612.11439969839671 1 1 0
264.39446600414141 2 2 1
2 915.84177267150665 2 1
637.27959986125927 1 1 0
2 858.11195957810276 2 1
2 570.77586045747228 2 1
368.61420838513425 1 1 0
853.28233081062717 2 2 1
185.85786437626905 2 2 1
1 542.79698490558872 1 0
432.26319183161337 2 2 1
981.33610676794285 2 2 1
934.48101179499486 1 1 0
2 667.13050651968865 2 1
525.98989873223331 2 2 1
1 595.39899700753926 1 0
2 527.13998198026457 2 1
328.2842712474619 2 2 1
844.22832457942422 1 1 0
271.7157287525381 2 2 1
2 128.2842712474619 2 1
653.73621953496922 1 1 0
2 71.715728752538098 2 1
71.715728752538098 2 2 1
907.82736720973503 1 1 0
128.2842712474619 2 2 1
79.90024875775822 200 2 1
173.59899496852958 1 1 0
120.09975124224178 200 2 1
2 271.7157287525381 2 1
413.09885601921479 1 1 0
200 79.90024875775822 2 1
200 120.09975124224178 2 1
1 834.234894244315 1 0
2 631.86818522756221 2 1
65.656854249492383 2 2 1
1 132.77710687111244 1 0
135.60553399585862 2 2 1
2 264.39446600414141 2 1
332.13480404184332 1 1 0
529.10259710444132 1 1 0
1 801.74883664745744 1 0
546.07315985291859 1 1 0
449.0941448355585 1 1 0
1 664.07713324111114 1 0
564.81832585697953 1 1 0
1 647.10657049263386 1 0
796.65425456384969 1 1 0
1 211.51471862576145 1 0
1 329.24798624726839 1 0
25.906091923630932 1 1 0
1 530.31170353135008 1 0
1 384.37994521827972 1 0
588.04012681534914 1 1 0
1 28.169396918805727 1 0
1 472.25751815240841 1 0
1 721.37732068220839 1 0
1 188.48528137423855 1 0
665.76587029330574 1 1 0
1 409.09022627935394 1 0
1 68.485281374238568 1 0
1 460.00988734852996 1 0
718.19330806658934 1 1 0
267.22289312888762 1 1 0
1 748.18569661023037 1 0
1 913.01334554676043 1 0
1 860.94038670284897 1 0
1 573.60428758221849 1 0
469.1913847926034 1 1 0
856.11075793537339 1 1 0
188.68629150101523 1 1 0
1 544.79698490558872 1 0
429.43476470686716 1 1 0
1 988.63801464113726 1 0
978.50767964319664 1 1 0
984.16453389268906 1 1 0
1 669.95893364443486 1 0
523.1614716074871 1 1 0
1 593.39899700753926 1 0
435.09161895635958 1 1 0
1 524.31155485551835 1 0
325.45584412271569 1 1 0
274.54415587728431 1 1 0
1 125.45584412271572 1 0
1 74.544155877284282 1 0
68.887301627791913 1 1 0
1 965.94291356789711 1 0
74.544155877284282 1 1 0
905.82736720973503 1 1 0
125.45584412271572 1 1 0
131.11269837220809 1 1 0
729.38481629203966 1 1 0
1 849.74887847739865 1 0
1 245.87676283728504 1 0
1 176 1 0
630.35139663098369 1 1 0
1 774.27088240976229 1 0
1 353.87434199507874 1 0
375.54241161540972 1 1 0
1 143.96861509656273 1 0
1 224 1 0
1 558.93877636780587 1 0
769.1309284852623 1 1 0
1 274.54415587728431 1 0
1 268.88730162779189 1 0
806.65425456384969 1 1 0
1 832.234894244315 1 0
1 815.37395504753999 1 0
1 634.69661235230842 1 0
1 629.03975810281599 1 0
1 799.74883664745744 1 0
548.07315985291859 1 1 0
400.61357464497621 1 1 0
566.81832585697953 1 1 0
794.65425456384969 1 1 0
797.65425456384969 2.7320508075688772 1 0
1 327.24798624726839 1 0
1 386.37994521827972 1 0
586.04012681534914 1 1 0
2.7320508075688772 29.169396918805727 1 0
1 26.169396918805727 1 0
956.65916435757754 1 1 0
1 474.25751815240841 1 0
1 719.37732068220839 1 0
667.76587029330574 1 1 0
716.19330806658934 1 1 0
1 750.18569661023037 1 0
1 911.01334554676043 1 0
1 862.94038670284897 1 0
471.1913847926034 1 1 0
858.11075793537339 1 1 0
2.7320508075688772 543.79698490558872 1 0
2.7320508075688772 989.63801464113726 1 0
949.73096112730195 1 1 0
1 986.63801464113726 1 0
986.16453389268906 1 1 0
1 671.95893364443486 1 0
521.1614716074871 1 1 0
1 522.31155485551835 1 0
323.45584412271569 1 1 0
276.54415587728431 1 1 0
1 123.45584412271572 1 0
1 76.544155877284282 1 0
76.544155877284282 1 1 0
903.82736720973503 1 1 0
123.45584412271572 1 1 0
1 174 1 0
1 776.27088240976229 1 0
1 355.87434199507874 1 0
1 226 1 0
771.1309284852623 1 1 0
1 276.54415587728431 1 0
808.65425456384969 1 1 0
398.61357464497621 1 1 0
565.81832585697953 2.7320508075688772 1 0
568.81832585697953 1 1 0
2.7320508075688772 328.24798624726839 1 0
1 817.37395504753999 1 0
1 325.24798624726839 1 0
958.65916435757754 1 1 0
377.54241161540972 1 1 0
1 476.25751815240841 1 0
1 717.37732068220839 1 0
669.76587029330574 1 1 0
714.19330806658934 1 1 0
1 909.01334554676043 1 0
1 864.94038670284897 1 0
470.1913847926034 2.7320508075688772 1 0
473.1913847926034 1 1 0
860.11075793537339 1 1 0
985.16453389268906 2.7320508075688772 1 0
211.31370849898477 1 1 0
1 673.95893364443486 1 0
1 998.63801464113726 1 0
519.1614716074871 1 1 0
1 520.31155485551835 1 0
321.45584412271569 1 1 0
919.01887543518535 1 1 0
278.54415587728431 1 1 0
770.1309284852623 2.7320508075688772 1 0
2.7320508075688772 354.87434199507874 1 0
773.1309284852623 1 1 0
1 778.27088240976229 1 0
1 278.54415587728431 1 0
2.7320508075688772 775.27088240976229 1 0
121.45584412271572 1 1 0
807.65425456384969 2.7320508075688772 1 0
901.82736720973503 1 1 0
810.65425456384969 1 1 0
78.544155877284282 1 1 0
399.61357464497621 2.7320508075688772 1 0
1 78.544155877284282 1 0
1 121.45584412271572 1 0
396.61357464497621 1 1 0
224.40100503147042 1 1 0
1 323.24798624726839 1 0
1 478.25751815240841 1 0
1 715.37732068220839 1 0
54.259884629822388 1 1 0
671.76587029330574 1 1 0
352.08031329957032 1 1 0
1 369.57010852370433 1 0
1 951.45763219365847 1 0
227.0342546121812 1 1 0
997.64281788179699 1 1 0
1 158.74642521068523 1 0
1 6.7191322456988383 1 0
1 371.89466384404113 1 0
355.02458520956947 1 1 0
1 613.80186520975587 1 0
1 609.02411540762182 1 0
1 953.45763219365847 1 0
1 9.2916762364114636 1 0
862.57834314288891 1 1 0
85.82255312124218 200 1 0
114.17744687875782 200 1 0
1 320 1 0
200 85.82255312124218 1 0
200 114.17744687875782 1 0
478.19090885900999 1 1 0
711.57550712221291 1 1 0
1 906.47045481442262 1 0
1 867.48327743518678 1 0
475.1913847926034 1 1 0
1 611.80186520975587 1 0
