64 64 64 6
64 192 64 6
192 64 64 6
32 282.50966799187808 32 5
282.50966799187808 32 32 7
64 373.01933598375615 64 6
373.01933598375615 64 64 6
32 463.52900397563423 32 5
463.52900397563423 32 32 7
16 128 16 4
128 16 16 8
64 554.0386719675123 64 6
554.0386719675123 64 64 6
32 644.54833995939043 32 5
644.54833995939043 32 32 7
64 735.05800795126856 64 6
735.05800795126856 64 64 6
32 825.5676759431467 32 5
825.5676759431467 32 32 7
112 128 16 4
16 870.82250993908576 16 8
18.745166004060955 8 8 3
128 96.984845004941292 8 9
916.07734393502483 64 64 6
64 934.82250993908576 64 6
980.07734393502483 16 16 4
8 508.78383797157323 8 3
508.78383797157323 8 8 9
4 854.82250993908576 4 2
7.4314575050761942 4 4 10
599.29350596345137 8 8 3
8 599.29350596345137 8 9
431.52900397563423 8 8 3
8 676.54833995939043 8 9
4 902.82250993908576 4 2
964.07734393502483 4 4 10
128 80.124515496597098 2 1
991.39105243400957 2 2 11
8 431.52900397563423 8 3
676.54833995939043 8 8 9
8 237.25483399593904 8 3
237.25483399593904 8 8 9
610.6072144624361 4 4 2
4 610.6072144624361 4 10
8 314.50966799187808 8 3
314.50966799187808 8 8 9
8 780.31284194720763 8 3
780.31284194720763 8 8 9
956.07734393502483 4 4 2
4 420.21529547664949 4 10
660.54833995939043 2 2 1
664.54833995939043 2 2 11
960.07734393502483 1 1 0
1 425.87214972614186 1 12
857.5676759431467 8 8 3
8 980.07734393502483 8 9
497.4701294725885 4 4 2
520.09754647055797 4 4 10
587.97979746446663 4 4 2
248.5685424949238 4 4 10
2 668.54833995939043 2 1
2 439.52900397563423 2 11
618.6072144624361 4 4 2
4 618.6072144624361 4 10
325.82337649086281 4 4 2
4 791.62655044619237 4 10
668.54833995939043 2 2 1
841.5676759431467 2 2 11
593.63665171395894 1 1 0
604.95036021294379 1 1 12
4 768.99913344822289 4 2
4 325.82337649086281 4 10
768.99913344822289 4 4 2
791.62655044619237 4 4 10
525.7544007200504 2 2 1
306.50966799187808 2 2 11
960.07734393502483 10.928203230275509 4 2
225.94112549695427 4 4 10
4 225.94112549695427 4 2
948.07734393502483 4 4 10
757.68542494923804 2 2 1
2 664.54833995939043 2 11
972.07734393502483 1 1 0
231.59797974644667 1 1 12
4 248.5685424949238 4 2
4 412.21529547664949 4 10
4 991.39105243400957 4 2
868.88138444213143 4 4 10
2 628.54833995939043 2 1
845.5676759431467 2 2 11
4 968.76363543604009 4 2
687.86204845837517 4 4 10
489.4701294725885 4 4 2
614.6072144624361 10.928203230275509 4 10
763.34227919873047 2 2 1
2 763.34227919873047 2 11
503.12698372208087 1 1 0
614.6072144624361 1 1 12
256.5685424949238 4 4 2
10.928203230275509 614.6072144624361 4 10
4 894.82250993908576 4 2
333.82337649086281 4 4 10
995.39105243400957 2 2 1
220.2842712474619 2 2 11
4 333.82337649086281 4 2
799.62655044619237 4 4 10
4 256.5685424949238 4 2
10.928203230275509 416.21529547664949 4 10
2 849.16565568959334 2 1
5.4641016151377544 666.54833995939043 2 11
968.07734393502483 1 1 0
1 787.62655044619237 1 12
876.88138444213143 4 4 2
695.86204845837517 4 4 10
493.4701294725885 10.928203230275509 4 2
4 799.62655044619237 4 10
2 908.47936418857819 2 1
2 306.50966799187808 2 11
4 886.82250993908576 4 2
329.82337649086281 10.928203230275509 4 10
4 522.0386719675123 4 2
4 586.0386719675123 4 10
2 624.26406871192853 2 1
624.26406871192853 2 2 11
774.6559876977152 1 1 0
320.16652224137044 1 1 12
144 4 4 2
4 703.05800795126856 4 10
30.058874503045715 4 4 2
4 497.4701294725885 4 10
439.52900397563423 2 2 1
2 220.2842712474619 2 11
420.21529547664949 4 4 2
4 687.86204845837517 4 10
112 4 4 2
252.5685424949238 10.928203230275509 4 10
2 443.52900397563423 2 1
2 406.55844122715712 2 11
493.4701294725885 1 1 0
1 985.73419818451725 1 12
4 112 4 2
10.928203230275509 329.82337649086281 4 10
795.62655044619237 10.928203230275509 4 2
4 144 4 10
942.4204896855324 2 2 1
2 660.54833995939043 2 11
10.928203230275509 252.5685424949238 4 2
872.88138444213143 10.928203230275509 4 10
4 486.15642097360376 4 2
405.01933598375615 4 4 10
8.4721359549995796 898.82250993908576 2 1
339.48023074035518 2 2 11
795.62655044619237 1 1 0
1 329.82337649086281 1 12
4 96 4 2
4 32 4 10
96 4 4 2
41.021749413847886 128 4 10
805.28340469568479 2 2 1
2 262.22539674441617 2 11
86.978250586152114 128 4 2
4 160 4 10
128 41.021749413847886 4 2
160 4 4 10
882.53823869162386 2 2 1
701.5189027078676 2 2 11
1 229.94112549695427 1 0
1 590.0386719675123 1 12
691.86204845837517 10.928203230275509 4 2
10.928203230275509 795.62655044619237 4 10
10.928203230275509 890.82250993908576 4 2
152 4 4 10
2 805.28340469568479 2 1
2 302.50966799187808 2 11
104 4 4 2
4 104 4 10
4 152 4 2
4 24 4 10
2 580.38181771801987 2 1
628.26406871192853 2 2 11
998.21947955875578 1 1 0
1 252.5685424949238 1 12
148 10.928203230275509 4 2
108 10.928203230275509 4 10
10.928203230275509 108 4 2
10.928203230275509 148 4 10
2 708.71486220076099 2 1
2 527.69552621700473 2 11
4 16 4 2
10.928203230275509 20 4 10
2 697.40115370177614 2 1
2 845.16565568959334 2 11
691.86204845837517 1 1 0
1 795.62655044619237 1 12
2 491.81327522309613 2 1
35.715728752538098 2 2 11
443.52900397563423 2 2 1
2 216.2842712474619 2 11
1 911.3077913133244 1 0
1 890.82250993908576 1 12
414.55844122715712 2 2 1
216.2842712474619 2 2 11
2 339.48023074035518 2 1
5.4641016151377544 441.52900397563423 2 11
1 244.5685424949238 1 0
970.07734393502483 1 1 12
809.28340469568479 2 2 1
2 266.22539674441617 2 11
90.343145750507617 2 2 1
2 165.65685424949237 2 11
1 691.86204845837517 1 0
1 683.86204845837517 1 12
2 37.656854249492383 2 1
165.65685424949237 2 2 11
2 90.343145750507617 2 1
886.53823869162386 2 2 11
1 116 1 0
1 108 1 12
705.5189027078676 2 2 1
5.4641016151377544 304.50966799187808 2 11
2 809.28340469568479 2 1
2 298.50966799187808 2 11
1 148 1 0
108 1 1 12
343.48023074035518 2 2 1
2 10.34314575050762 2 11
8.4721359549995796 28 2 1
5.4641016151377544 847.16565568959334 2 11
424.21529547664949 1 1 0
116 1 1 12
399.36248173426378 2 2 1
2 480.49956672411139 2 11
39.715728752538098 2 2 1
2 402.55844122715712 2 11
4.2360679774997898 662.54833995939043 1 0
939.59206256078619 1 1 12
447.52900397563423 2 2 1
2 343.48023074035518 2 11
884.53823869162386 5.4641016151377544 2 1
890.53823869162386 2 2 11
1 28 1 0
409.01933598375615 1 1 12
441.52900397563423 5.4641016151377544 2 1
2 447.52900397563423 2 11
703.5189027078676 5.4641016151377544 2 1
529.7544007200504 2 2 11
156 1 1 0
1 156 1 12
302.50966799187808 2 2 1
952.07734393502483 8.4721359549995796 2 11
2 997.04790668350199 2 1
582.3229432149742 2 2 11
1 100 1 0
1 657.71991283464422 1 12
849.5676759431467 2 2 1
483.81327522309613 2 2 11
2 759.34227919873047 2 1
262.22539674441617 2 2 11
148 1 1 0
1 592.0386719675123 1 12
709.5189027078676 2 2 1
341.48023074035518 5.4641016151377544 2 11
2 963.10678118654766 2 1
347.48023074035518 2 2 11
626.26406871192853 4.2360679774997898 1 0
1 577.55339059327366 1 12
5.4641016151377544 404.55844122715712 2 1
2 398.55844122715712 2 11
5.4641016151377544 341.48023074035518 2 1
2 957.44992693705524 2 11
1 20 1 0
1 530.52395334175094 1 12
47.875484503402902 128 2 1
80.124515496597098 128 2 11
128 47.875484503402902 2 1
266.50966799187808 2 2 11
1 842.33722856484712 1 0
4.2360679774997898 218.2842712474619 1 12
298.50966799187808 2 2 1
2 350.39191898578662 2 11
479.52900397563423 2 2 1
576.66608896548178 2 2 11
807.28340469568479 4.2360679774997898 1 0
213.45584412271572 1 1 12
304.50966799187808 5.4641016151377544 2 1
847.5676759431467 5.4641016151377544 2 11
812.11183182043101 1 1 0
4.2360679774997898 264.22539674441617 1 12
218.2842712474619 4.2360679774997898 1 0
1 269.05382386916239 1 12
87.514718625761432 1 1 0
1 168.48528137423855 1 12
1 693.86204845837517 1 0
1 40.485281374238575 1 12
168.48528137423855 1 1 0
1 87.514718625761432 1 12
1 118 1 0
1 812.11183182043101 1 12
4.2360679774997898 300.50966799187808 1 0
4.2360679774997898 807.28340469568479 1 12
411.73001410241091 1 1 0
1 913.3077913133244 1 12
1 295.68124086713186 1 0
1 7.5147186257614305 1 12
118 1 1 0
1 477.67113959936518 1 12
37.715728752538098 4.2360679774997898 1 0
396.53405460951757 1 1 12
42.54415587728429 1 1 0
937.59206256078619 1 1 12
450.35743110038044 1 1 0
1 346.3086578651014 1 12
445.52900397563423 4.2360679774997898 1 0
1 213.45584412271572 1 12
888.53823869162386 4.2360679774997898 1 0
1 711.5432893255072 1 12
893.36666581637007 1 1 0
4.2360679774997898 445.52900397563423 1 12
631.09249583667474 1 1 0
1 450.35743110038044 1 12
527.7544007200504 4.2360679774997898 1 0
100 1 1 12
532.58282784479661 1 1 0
579.49451609022799 1 1 12
1 501.4701294725885 1 0
1 140 1 12
4.2360679774997898 761.34227919873047 1 0
26.058874503045715 1 1 12
1 756.51385207398425 1 0
2.7320508075688772 591.0386719675123 1 12
707.5189027078676 4.2360679774997898 1 0
140 1 1 12
712.34732983261381 1 1 0
1 960.27835406180145 1 12
1 882.82250993908576 1 0
1 518.0386719675123 1 12
345.48023074035518 4.2360679774997898 1 0
350.3086578651014 1 1 12
1 575.55339059327366 1 0
4.2360679774997898 400.55844122715712 1 12
1 395.73001410241091 1 0
1 954.62149981230903 1 12
1 532.52395334175094 1 0
269.33809511662429 1 1 12
1 840.33722856484712 1 0
1 353.22034611053283 1 12
476.70057685088801 1 1 0
295.68124086713186 1 1 12
573.83766184073556 1 1 0
211.45584412271572 1 1 12
814.11183182043101 1 1 0
872.88138444213143 1 1 12
1 271.05382386916239 1 0
85.514718625761432 1 1 12
2.7320508075688772 692.86204845837517 1 0
1 170.48528137423855 1 12
170.48528137423855 1 1 0
1 85.514718625761432 1 12
1 120 1 0
1 814.11183182043101 1 12
2.7320508075688772 912.3077913133244 1 0
2.7320508075688772 117 1 12
1 42.485281374238575 1 0
1 5.5147186257614305 1 12
120 1 1 0
117 2.7320508075688772 1 12
1 915.3077913133244 1 0
1 475.67113959936518 1 12
394.53405460951757 1 1 0
938.59206256078619 2.7320508075688772 1 12
44.54415587728429 1 1 0
935.59206256078619 1 1 12
1 211.45584412271572 1 0
1 713.5432893255072 1 12
633.09249583667474 1 1 0
760.51385207398425 1 1 12
252.5685424949238 1 1 0
1 972.76363543604009 1 12
683.86204845837517 1 1 0
1 898.82250993908576 1 12
843.5676759431467 4.2360679774997898 1 0
1 631.37676708413665 1 12
329.82337649086281 1 1 0
993.39105243400957 4.2360679774997898 1 12
864.88138444213143 1 1 0
1 416.21529547664949 1 12
534.58282784479661 1 1 0
1 138 1 12
1 754.51385207398425 1 0
138 1 1 12
1 880.82250993908576 1 0
1 516.0386719675123 1 12
2.7320508075688772 576.55339059327366 1 0
352.3086578651014 1 1 12
1 393.73001410241091 1 0
1 952.62149981230903 1 12
2.7320508075688772 531.52395334175094 1 0
1 534.52395334175094 1 12
2.7320508075688772 841.33722856484712 1 0
1 573.55339059327366 1 12
1 838.33722856484712 1 0
1 355.22034611053283 1 12
714.34732983261381 1 1 0
209.45584412271572 1 1 12
86.514718625761432 2.7320508075688772 1 0
571.83766184073556 1 1 12
83.514718625761432 1 1 0
2.7320508075688772 169.48528137423855 1 12
1 172.48528137423855 1 0
169.48528137423855 2.7320508075688772 1 12
895.36666581637007 1 1 0
2.7320508075688772 86.514718625761432 1 12
172.48528137423855 1 1 0
1 83.514718625761432 1 12
2.7320508075688772 41.485281374238575 1 0
754.85699782449183 1 1 12
1 44.485281374238575 1 0
2.7320508075688772 6.5147186257614305 1 12
952.07734393502483 1 1 0
1 917.3077913133244 1 12
395.53405460951757 2.7320508075688772 1 0
1 3.5147186257614305 1 12
392.53405460951757 1 1 0
46.54415587728429 1 1 12
787.62655044619237 1 1 0
933.59206256078619 1 1 12
1 209.45584412271572 1 0
2.7320508075688772 712.5432893255072 1 12
1 321.82337649086281 1 0
1 715.5432893255072 1 12
536.58282784479661 1 1 0
2.7320508075688772 139 1 12
1 772.99913344822289 1 0
1 136 1 12
838.73924881840048 1 1 0
1 752.51385207398425 1 12
1 391.73001410241091 1 0
1 536.52395334175094 1 12
1 571.55339059327366 1 0
2.7320508075688772 394.73001410241091 1 12
713.34732983261381 2.7320508075688772 1 0
354.3086578651014 1 1 12
716.34732983261381 1 1 0
81.514718625761432 1 1 12
351.3086578651014 2.7320508075688772 1 0
1 174.48528137423855 1 12
2.7320508075688772 517.0386719675123 1 0
1 878.82250993908576 1 12
894.36666581637007 2.7320508075688772 1 0
2.7320508075688772 881.82250993908576 1 12
136 1 1 0
897.36666581637007 1 1 12
174.48528137423855 1 1 0
139 2.7320508075688772 1 12
1 81.514718625761432 1 0
1 614.6072144624361 1 12
752.85699782449183 1 1 0
244.5685424949238 1 1 12
1 46.485281374238575 1 0
1 858.82250993908576 1 12
3.4314575050761942 1 1 0
11.431457505076194 1 1 12
1 604.95036021294379 1 0
514.44069222106566 1 1 12
988.07734393502483 1 1 0
900.07734393502483 1 1 12
1 862.82250993908576 1 0
657.71991283464422 1 1 12
662.54833995939043 4.2360679774997898 1 0
1 1.5147186257614305 1 12
52.642183308399453 128 1 0
75.357816691600547 128 1 12
128 52.642183308399453 1 0
128 75.357816691600547 1 12
1 389.01933598375615 1 0
357.01933598375615 1 1 12
389.01933598375615 1 1 0
1 719.05800795126856 1 12
719.05800795126856 1 1 0
1 860.82250993908576 1 12
2.7320508075688772 859.82250993908576 1 0
