256 256 256 12
32 437.01933598375615 32 0
32 74.980664016243821 32 11
437.01933598375615 32 32 0
32 501.01933598375615 32 11
16 384 16 1
16 128 16 10
501.01933598375615 32 32 0
32 565.01933598375615 32 11
565.01933598375615 32 32 0
87.42562584220407 533.01933598375615 32 11
128 16 16 1
384 16 16 10
469.01933598375615 8 8 2
8 165.49033200812192 8 9
32 629.01933598375615 32 0
533.01933598375615 87.42562584220407 32 11
629.01933598375615 32 32 0
87.42562584220407 597.01933598375615 32 11
16 29.725830020304777 16 1
67.777087639996637 469.01933598375615 16 10
32 693.01933598375615 32 0
597.01933598375615 87.42562584220407 32 11
693.01933598375615 32 32 0
87.42562584220407 661.01933598375615 32 11
469.01933598375615 67.777087639996637 16 1
96 16 16 10
165.49033200812192 8 8 2
346.50966799187808 8 8 9
4 45.725830020304777 4 3
4 13.725830020304777 4 8
32 757.01933598375615 32 0
661.01933598375615 87.42562584220407 32 11
757.01933598375615 32 32 0
87.42562584220407 725.01933598375615 32 11
64 16 16 1
80 43.712812921102035 16 10
32 821.01933598375615 32 0
725.01933598375615 87.42562584220407 32 11
821.01933598375615 32 32 0
87.42562584220407 789.01933598375615 32 11
16 866.27416997969522 16 1
789.01933598375615 67.777087639996637 16 10
8 725.01933598375615 8 2
725.01933598375615 8 8 9
885.01933598375615 32 32 0
32 911.52900397563428 32 11
853.01933598375615 87.42562584220407 32 0
949.01933598375615 32 32 11
16 956.78383797157335 16 1
917.01933598375615 67.777087639996637 16 10
789.01933598375615 8 8 2
8 789.01933598375615 8 9
4 5.7258300203047767 4 3
48.492422502470646 725.01933598375615 4 8
789.01933598375615 43.489125293076057 2 4
805.01933598375615 2 2 7
853.01933598375615 8 8 2
8 597.01933598375615 8 9
597.01933598375615 8 8 2
661.01933598375615 8 8 9
725.01933598375615 48.492422502470646 4 3
357.82337649086281 4 4 8
533.01933598375615 8 8 2
8 661.01933598375615 8 9
8 346.50966799187808 8 2
8 469.01933598375615 8 9
4 843.64675298172563 4 3
80 4 4 8
2 717.01933598375615 2 4
613.01933598375615 2 2 7
72 1 1 5
789.01933598375615 40.062257748298549 1 6
8 533.01933598375615 8 2
112 33.888543819998318 8 9
41.372583002030481 8 8 2
917.01933598375615 8 8 9
4 882.27416997969522 4 3
48.492422502470646 789.01933598375615 4 8
981.01933598375615 8 8 2
8 979.41125496954282 8 9
4 934.15642097360376 4 3
335.19595949289334 4 4 8
2 741.01933598375615 2 4
2 854.96046148071048 2 7
853.01933598375615 48.492422502470646 4 3
176.80404050710669 4 4 8
10.928203230275509 9.7258300203047767 4 3
365.82337649086281 4 4 8
853.01933598375615 20.510874706923943 2 4
2 733.01933598375615 2 7
361.82337649086281 1 1 5
353.82337649086281 1 1 6
4 357.82337649086281 4 3
4 335.19595949289334 4 8
30.058874503045722 4 4 3
992.33304448274089 4 4 8
901.01933598375615 2 2 4
2 927.52900397563428 2 7
4 176.80404050710669 4 3
4 154.17662350913716 4 8
48.492422502470646 597.01933598375615 4 3
400 4 4 8
20.510874706923943 789.01933598375615 2 4
2 837.01933598375615 2 7
1 9.7258300203047767 1 5
1 37.725830020304777 1 6
597.01933598375615 48.492422502470646 4 3
48.492422502470646 661.01933598375615 4 8
144 4 4 3
661.01933598375615 48.492422502470646 4 8
741.01933598375615 2 2 4
933.01933598375615 2 2 7
112 4 4 3
533.01933598375615 48.492422502470646 4 8
154.17662350913716 4 4 3
48.492422502470646 533.01933598375615 4 8
2 945.47012947258861 2 4
2 797.01933598375615 2 7
1 922.84271247461902 1 5
896.33304448274089 1 1 6
4 112 4 3
4 990.72496346852756 4 8
327.19595949289334 4 4 3
184.80404050710669 4 4 8
2 605.01933598375615 2 4
2 589.01933598375615 2 7
4 320 4 3
4 192 4 8
4 414.39191898578662 4 3
4 97.60808101421334 4 8
2 849.30360723121805 2 4
2 461.01933598375615 2 7
40.062257748298549 725.01933598375615 1 5
1 17.725830020304777 1 6
414.39191898578662 4 4 3
4 400 4 8
4 368 4 3
4 144 4 8
49.372583002030481 2 2 4
909.01933598375615 2 2 7
361.82337649086281 10.928203230275509 4 3
22.058874503045722 4 4 8
26.058874503045722 10.928203230275509 4 3
925.01933598375615 2 2 4
2 887.93102422918764 2 7
809.70562748477141 1 1 5
1 41.725830020304777 1 6
973.01933598375615 2 2 4
2 971.41125496954282 2 7
2 939.81327522309618 2 4
2 541.01933598375615 2 7
331.19595949289334 1 1 5
1 858.27416997969522 1 6
2 525.01933598375615 2 4
2 737.01933598375615 2 7
609.01933598375615 2 2 4
371.48023074035518 2 2 7
853.01933598375615 23.937742251701451 1 5
853.01933598375615 40.062257748298549 1 6
2 329.53910524340097 2 4
2 713.01933598375615 2 7
905.01933598375615 2 2 4
2 477.01933598375615 2 7
1 361.82337649086281 1 5
180.80404050710669 1 1 6
997.98989873223331 2 2 4
541.01933598375615 2 2 7
2 182.46089475659906 2 4
525.01933598375615 2 2 7
1 874.27416997969522 1 5
34.058874503045722 1 1 6
405.65685424949237 2 2 4
669.01933598375615 2 2 7
737.01933598375615 2 2 4
929.01933598375615 2 2 7
1 172.80404050710669 1 5
1 158.17662350913716 1 6
653.01933598375615 2 2 4
2 801.01933598375615 2 7
2 996.38181771801999 2 4
2 106.34314575050762 2 7
396 1 1 5
1 834.19090885900994 1 6
845.01933598375615 2 2 4
861.01933598375615 2 2 7
331.19595949289334 8.4721359549995796 2 4
321.53910524340097 2 2 7
26.058874503045722 1 1 5
23.937742251701451 789.01933598375615 1 6
180.80404050710669 8.4721359549995796 2 4
801.01933598375615 2 2 7
190.46089475659906 2 2 4
2 609.01933598375615 2 7
1 364 1 5
171.14718625761429 1 1 6
2 314.34314575050763 2 4
2 197.65685424949237 2 7
2 420.04877323527899 2 4
2 408.73506473629425 2 7
339.19595949289334 1 1 5
1 743.84776310850236 1 6
2 585.01933598375615 2 4
2 91.951226764720957 2 7
2 457.01933598375615 2 4
16.402020253553342 2 2 7
148 1 1 5
1 852.13203435596427 1 6
2 891.93102422918764 2 4
969.01933598375615 2 2 7
2 521.01933598375615 2 4
605.01933598375615 2 2 7
1 948.78383797157335 1 5
104 1 1 6
5.4641016151377544 715.01933598375615 2 4
2 709.01933598375615 2 7
2 545.01933598375615 2 4
545.01933598375615 2 2 7
1 1.7258300203047767 1 5
1 352.16652224137044 1 6
673.01933598375615 2 2 4
733.01933598375615 2 2 7
649.01933598375615 2 2 4
2 805.01933598375615 2 7
1 150.17662350913716 1 5
1 39.725830020304777 1 6
841.01933598375615 2 2 4
865.01933598375615 2 2 7
797.01933598375615 2 2 4
194.46089475659906 2 2 7
76 1 1 5
988.33304448274089 1 1 6
5.4641016151377544 607.01933598375615 2 4
2 613.01933598375615 2 7
2 310.34314575050763 2 4
2 201.65685424949237 2 7
615.84776310850236 1 1 5
84 1 1 6
5.4641016151377544 587.01933598375615 2 4
317.53910524340097 2 2 7
5.4641016151377544 459.01933598375615 2 4
2 581.01933598375615 2 7
1 116 1 5
1 986.72496346852756 1 6
5.4641016151377544 799.01933598375615 2 4
2 453.01933598375615 2 7
12.402020253553342 2 2 4
521.01933598375615 2 2 7
80 10.255437353461971 1 5
1 326.71067811865476 1 6
971.01933598375615 5.4641016151377544 2 4
5.4641016151377544 889.93102422918764 2 7
965.01933598375615 2 2 4
2 481.01933598375615 2 7
1 878.27416997969522 1 5
1 942.6417023478424 1 6
2 517.01933598375615 2 4
5.4641016151377544 523.01933598375615 2 7
607.01933598375615 5.4641016151377544 2 4
420.04877323527899 2 2 7
374.3086578651014 1 1 5
611.01933598375615 4.2360679774997898 1 6
645.01933598375615 2 2 4
843.01933598375615 5.4641016151377544 2 7
651.01933598375615 5.4641016151377544 2 4
735.01933598375615 5.4641016151377544 2 7
1 185.28932188134524 1 5
1 876.27416997969522 1 6
837.01933598375615 2 2 4
677.01933598375615 2 2 7
863.01933598375615 5.4641016151377544 2 4
671.01933598375615 5.4641016151377544 2 7
739.01933598375615 4.2360679774997898 1 5
931.01933598375615 4.2360679774997898 1 6
549.01933598375615 2 2 4
869.01933598375615 2 2 7
543.01933598375615 5.4641016151377544 2 4
2 549.01933598375615 2 7
803.01933598375615 4.2360679774997898 1 5
394 1 1 6
799.01933598375615 5.4641016151377544 2 4
5.4641016151377544 543.01933598375615 2 7
2 781.01933598375615 2 4
192.46089475659906 5.4641016151377544 2 7
1 964.78383797157335 1 5
1 89.122799639974772 1 6
198.46089475659906 2 2 4
2 306.34314575050763 2 7
2 205.65685424949237 2 4
319.53910524340097 5.4641016151377544 2 7
960.33304448274089 1 1 5
140 1 1 6
917.01933598375615 43.489125293076057 2 4
917.01933598375615 20.510874706923943 2 7
789.01933598375615 20.510874706923943 2 4
313.53910524340097 2 2 7
1 339.19595949289334 1 5
74 1 1 6
523.01933598375615 5.4641016151377544 2 4
80 24.246211251235323 2 7
773.01933598375615 2 2 4
517.01933598375615 2 2 7
1 807.84776310850236 1 5
4.2360679774997898 803.01933598375615 1 6
5.4641016151377544 479.01933598375615 2 4
725.01933598375615 20.510874706923943 2 7
2 645.01933598375615 2 4
597.01933598375615 20.510874706923943 2 7
1 148.17662350913716 1 5
1 615.84776310850236 1 6
20.510874706923943 597.01933598375615 2 4
20.510874706923943 661.01933598375615 2 7
581.01933598375615 2 2 4
2 677.01933598375615 2 7
1 140 1 5
86 1 1 6
661.01933598375615 20.510874706923943 2 4
709.01933598375615 2 2 7
2 51.38268426979716 2 4
20.510874706923943 725.01933598375615 2 7
1 706.19090885900994 1 5
903.01933598375615 4.2360679774997898 1 6
533.01933598375615 20.510874706923943 2 4
2 773.01933598375615 2 7
2 485.01933598375615 2 4
2 777.01933598375615 2 7
4.2360679774997898 583.01933598375615 1 5
4.2360679774997898 199.65685424949237 1 6
20.510874706923943 533.01933598375615 2 4
202.46089475659906 2 2 7
2 302.34314575050763 2 4
2 209.65685424949237 2 7
1 324.71067811865476 1 5
967.01933598375615 4.2360679774997898 1 6
309.53910524340097 2 2 4
777.01933598375615 2 2 7
2 649.01933598375615 2 4
585.01933598375615 2 2 7
422.8772003600252 1 1 5
647.01933598375615 4.2360679774997898 1 6
2 673.01933598375615 2 4
713.01933598375615 2 2 7
2 55.38268426979716 2 4
5.4641016151377544 779.01933598375615 2 7
839.01933598375615 4.2360679774997898 1 5
1 187.28932188134524 1 6
210.74516600406096 2 2 4
301.25483399593907 2 2 7
453.01933598375615 2 2 4
20.510874706923943 469.01933598375615 2 7
547.01933598375615 4.2360679774997898 1 5
679.84776310850236 1 1 6
43.489125293076057 469.01933598375615 2 4
469.01933598375615 20.510874706923943 2 7
469.01933598375615 43.489125293076057 2 4
485.01933598375615 2 2 7
551.84776310850236 1 1 5
867.01933598375615 4.2360679774997898 1 6
206.46089475659906 2 2 4
305.53910524340097 2 2 7
781.01933598375615 2 2 4
2 653.01933598375615 2 7
675.01933598375615 4.2360679774997898 1 5
834.19090885900994 1 1 6
589.01933598375615 2 2 4
2 669.01933598375615 2 7
717.01933598375615 2 2 4
5.4641016151377544 53.38268426979716 2 7
871.84776310850236 1 1 5
4.2360679774997898 547.01933598375615 1 6
457.01933598375615 2 2 4
481.01933598375615 2 2 7
779.01933598375615 5.4641016151377544 2 4
5.4641016151377544 651.01933598375615 2 7
1 551.84776310850236 1 5
395 2.7320508075688772 1 6
587.01933598375615 5.4641016151377544 2 4
5.4641016151377544 671.01933598375615 2 7
715.01933598375615 5.4641016151377544 2 4
461.01933598375615 2 2 7
392 1 1 5
642.19090885900994 1 1 6
477.01933598375615 2 2 4
459.01933598375615 5.4641016151377544 2 7
479.01933598375615 5.4641016151377544 2 4
1 966.78383797157335 1 5
4.2360679774997898 312.34314575050763 1 6
4.2360679774997898 611.01933598375615 1 5
1 578.19090885900994 1 6
4.2360679774997898 711.01933598375615 1 5
106 1 1 6
1 118 1 5
1 450.19090885900994 1 6
14.402020253553342 4.2360679774997898 1 5
4.2360679774997898 455.01933598375615 1 6
9.5735931288071523 1 1 5
4.2360679774997898 519.01933598375615 1 6
1 894.75945135393385 1 5
1 514.19090885900994 1 6
1 87.122799639974772 1 5
150 1 1 6
4.2360679774997898 308.34314575050763 1 5
196.46089475659906 4.2360679774997898 1 6
4.2360679774997898 203.65685424949237 1 5
1 405.90663761154804 1 6
138 1 1 5
770.19090885900994 1 1 6
315.53910524340097 4.2360679774997898 1 5
1 422.8772003600252 1 6
519.01933598375615 4.2360679774997898 1 5
514.19090885900994 1 1 6
1 642.19090885900994 1 5
2.7320508075688772 149.17662350913716 1 6
1 103.51471862576143 1 5
408.48528137423858 1 1 6
578.19090885900994 1 1 5
1 679.84776310850236 1 6
1 138 1 5
88 1 1 6
85 2.7320508075688772 1 5
4.2360679774997898 739.01933598375615 1 6
706.19090885900994 1 1 5
1 770.19090885900994 1 6
4.2360679774997898 483.01933598375615 1 5
52.201010126776673 1 1 6
1 487.84776310850236 1 5
1 372 1 6
200.46089475659906 4.2360679774997898 1 5
1 299.51471862576142 1 6
1 212.48528137423855 1 5
2.7320508075688772 325.71067811865476 1 6
1 396 1 5
311.53910524340097 4.2360679774997898 1 6
775.01933598375615 4.2360679774997898 1 5
1 19.725830020304777 1 6
583.01933598375615 4.2360679774997898 1 5
4.2360679774997898 647.01933598375615 1 6
424.8772003600252 1 1 5
158.17662350913716 1 1 6
4.2360679774997898 675.01933598375615 1 5
935.84776310850236 1 1 6
711.01933598375615 4.2360679774997898 1 5
1 58.211111394543352 1 6
2.7320508075688772 186.28932188134524 1 5
743.84776310850236 1 1 6
917.01933598375615 40.062257748298549 1 5
213.57359312880715 1 1 6
298.42640687119285 1 1 5
450.19090885900994 1 1 6
149 2.7320508075688772 1 5
1 896.75945135393385 1 6
136 1 1 5
1 424.8772003600252 1 6
139 2.7320508075688772 1 5
7.5735931288071523 1 1 6
2.7320508075688772 139 1 5
1 136 1 6
1 120 1 5
54.201010126776673 1 1 6
1 374 1 5
1 214.48528137423855 1 6
1 394 1 5
2.7320508075688772 18.725830020304777 1 6
1 21.725830020304777 1 5
1 297.51471862576142 1 6
1 60.211111394543352 1 5
296.42640687119285 1 1 6
2.7320508075688772 895.75945135393385 1 5
215.57359312880715 1 1 6
1 898.75945135393385 1 5
8.5735931288071523 2.7320508075688772 1 6
2.7320508075688772 117 1 5
108 1 1 6
53.201010126776673 2.7320508075688772 1 5
483.01933598375615 4.2360679774997898 1 6
2.7320508075688772 373 1 5
455.01933598375615 4.2360679774997898 1 6
487.84776310850236 1 1 5
1 376 1 6
917.01933598375615 23.937742251701451 1 5
789.01933598375615 23.937742251701451 1 6
1 216.48528137423855 1 5
2.7320508075688772 395 1 6
40.062257748298549 789.01933598375615 1 5
725.01933598375615 40.062257748298549 1 6
725.01933598375615 23.937742251701451 1 5
1 392 1 6
597.01933598375615 23.937742251701451 1 5
40.062257748298549 597.01933598375615 1 6
597.01933598375615 40.062257748298549 1 5
23.937742251701451 597.01933598375615 1 6
23.937742251701451 661.01933598375615 1 5
120 1 1 6
40.062257748298549 661.01933598375615 1 5
661.01933598375615 23.937742251701451 1 6
533.01933598375615 40.062257748298549 1 5
661.01933598375615 40.062257748298549 1 6
533.01933598375615 23.937742251701451 1 5
112 21.744562646538029 1 6
40.062257748298549 533.01933598375615 1 5
112 10.255437353461971 1 6
23.937742251701451 533.01933598375615 1 5
23.937742251701451 725.01933598375615 1 6
469.01933598375615 40.062257748298549 1 5
1 288 1 6
1 224 1 5
224 1 1 6
288 1 1 5
1 63.666955517259062 1 6
23.937742251701451 469.01933598375615 1 5
40.062257748298549 469.01933598375615 1 6
469.01933598375615 23.937742251701451 1 5
1 295.51471862576142 1 6
2.7320508075688772 59.211111394543352 1 5
294.42640687119285 1 1 6
217.57359312880715 1 1 5
107 2.7320508075688772 1 6
1 218.48528137423855 1 5
118 1 1 6
1 290 1 5
1 222 1 6
222 1 1 5
290 1 1 6
1 293.51471862576142 1 5
292.42640687119285 1 1 6
219.57359312880715 1 1 5
116 1 1 6
117 2.7320508075688772 1 5
