10 10 10 0
10 30 10 0
30 10 10 0
6 45.491933384829665 6 1
50 10 10 0
19.797958971132712 20 4 2
10 60.983866769659329 10 0
40 22.489995996796797 6 1
60.954451150103324 3 3 3
10 80.983866769659329 10 0
69.439732524341892 6 6 1
19.797958971132712 70.983866769659329 4 2
2 18.944271909999159 2 4
10 100.98386676965933 10 0
84.931665909171556 10 10 0
22.489995996796797 90.983866769659329 6 1
3 111.93831791976265 3 3
104.93166590917156 10 10 0
4 118.86652115003817 4 2
94.931665909171556 27.320508075688775 10 0
120.42359929400122 6 6 1
10 131.51563179071169 10 0
132.42359929400124 6 6 1
4 144.16474243138521 4 2
126.42359929400124 12.708203932499362 3 3
20 3.3667504192892013 2 4
147.91553267883091 10 10 0
10 156.81385307205872 10 0
163.40746606366059 6 6 1
10 176.81385307205872 10 0
175.40746606366059 6 6 1
19.797958971132712 166.81385307205872 4 2
3 187.76830422216204 3 3
169.40746606366059 20.832396974191326 10 0
190.89939944849027 10 10 0
6 196.25358559640063 6 1
203.54851008916378 4 4 2
40 3.3667504192892013 2 4
10 211.7455189812303 10 0
216.1976207298373 10 10 0
6 227.23745236605998 6 1
228.84673137051081 4 4 2
3 235.72273374029857 3 3
241.49584201118432 10 10 0
6 244.20801511453715 6 1
261.49584201118432 10 10 0
10 259.69994849936683 10 0
251.49584201118432 22.489995996796797 6 1
274.14495265185786 4 4 2
3 270.65439964947012 3 3
3.3667504192892013 70.983866769659329 2 4
286.7940632925314 10 10 0
6 279.1396810237087 6 1
306.7940632925314 10 10 0
4 288.93763999484139 4 2
296.7940632925314 27.320508075688775 10 0
322.28599667736108 6 6 1
3 295.86584322511692 3 3
337.77793006219076 10 10 0
6 304.3511245993555 6 1
350.4270407028643 4 4 2
3.3667504192892013 90.983866769659329 2 4
10 319.84305798418518 10 0
363.07615134353784 10 10 0
6 335.33499136901486 6 1
375.72526198421139 4 4 2
3 343.82027274325344 3 3
388.37437262488493 10 10 0
6 352.30555411749202 6 1
408.37437262488493 10 10 0
6 364.30555411749202 6 1
398.37437262488493 19.797958971132712 4 2
419.32882377498822 3 3 3
94.931665909171556 3.3667504192892013 2 4
20.832396974191326 358.30555411749202 10 0
10 379.7974875023217 10 0
427.8141051492268 6 6 1
10 399.7974875023217 10 0
439.8141051492268 6 6 1
19.797958971132712 389.7974875023217 4 2
3 410.751938652425 3 3
433.8141051492268 20.832396974191326 10 0
455.30603853405648 10 10 0
6 419.23722002666358 6 1
467.95514917473002 4 4 2
3.3667504192892013 166.81385307205872 2 4
10 434.72915341149326 10 0
477.75310814586271 6 6 1
3 445.68360456159655 3 3
493.24504153069239 10 10 0
4 452.61180779187208 4 2
513.24504153069233 10 10 0
6 462.40976676300477 6 1
503.24504153069233 27.320508075688789 10 0
528.73697491552196 6 6 1
4 472.20772573413745 4 2
537.22225628976048 3 3 3
251.49584201118432 3.3667504192892013 2 4
10 484.856836374811 10 0
545.70753766399901 6 6 1
10 504.856836374811 10 0
555.50549663513175 4 4 2
27.320508075688775 494.856836374811 10 0
6 520.34876975964062 6 1
562.43369986540722 3 3 3
10 535.84070314447024 10 0
570.91898123964575 6 6 1
4 548.48981378514372 4 2
296.7940632925314 3.3667504192892013 2 4
586.41091462447537 10 10 0
6 558.28777275627647 6 1
597.36536577457866 3 3 3
10 573.77970614110609 10 0
604.29356900485413 4 4 2
10 593.77970614110609 10 0
614.09152797598688 6 6 1
27.320508075688775 583.77970614110609 10 0
6 609.27163952593571 6 1
623.88948694711962 4 4 2
3 617.75692090017424 3 3
398.37437262488493 3.3667504192892013 2 4
636.53859758779311 10 10 0
6 626.24220227441276 6 1
656.53859758779311 10 10 0
6 638.24220227441276 6 1
646.53859758779311 19.797958971132712 4 2
667.4930487378964 3 3 3
20.832396974191326 632.24220227441276 10 0
10 653.73413565924238 10 0
675.97833011213493 6 6 1
4 666.38324629991587 4 2
3.3667504192892013 389.7974875023217 2 4
691.47026349696455 10 10 0
6 676.18120527104861 6 1
702.42471464706784 3 3 3
10 691.67313865587823 10 0
710.90999602130637 6 6 1
4 704.32224929655172 4 2
726.40192940613599 10 10 0
6 714.12020826768446 6 1
739.05104004680948 4 4 2
3 722.60548964192299 3 3
502.18931344069154 2 2 4
751.70015068748296 10 10 0
10 733.55994079202628 10 0
767.19208407231258 6 6 1
4 746.20905143269977 4 2
782.6840174571422 10 10 0
6 756.00701040383251 6 1
793.6384686072455 3 3 3
10 771.49894378866213 10 0
802.12374998148402 6 6 1
4 784.14805442933562 4 2
2 493.80110828481014 2 4
817.61568336631365 10 10 0
6 793.94601340046836 6 1
828.57013451641694 3 3 3
10 809.43794678529798 10 0
837.05541589065547 6 6 1
4 822.08705742597147 4 2
852.54734927548509 10 10 0
6 831.88501639710421 6 1
865.19645991615857 4 4 2
3 840.37029777134273 3 3
2 582.72397805110529 2 4
877.84557055683206 10 10 0
10 851.32474892144603 10 0
893.33750394166168 6 6 1
4 863.97385956211951 4 2
908.8294373264913 10 10 0
6 873.77181853325226 6 1
919.7838884765946 3 3 3
10 889.26375191808188 10 0
928.26916985083312 6 6 1
4 901.91286255875536 4 2
645.48286949779231 2 2 4
943.76110323566274 10 10 0
6 911.71082152988811 6 1
954.71555438576604 3 3 3
10 927.20275491471773 10 0
963.20083576000457 6 6 1
4 939.85186555539121 4 2
978.69276914483419 10 10 0
6 949.64982452652396 6 1
991.34187978550767 4 4 2
3 958.13510590076248 3 3
996.9987340350001 2 2 4
10 969.08955705086578 10 0
6 984.5814904356954 6 1
4 994.37944940682814 4 2
