100 100 100 0
100 300 100 0
300 100 100 0
50 441.42135623730951 50 1
500 100 100 0
100 582.84271247461902 100 0
400 211.80339887498948 50 1
25 200 25 2
700 100 100 0
100 782.84271247461902 100 0
50 924.26406871192853 50 1
600 273.2050807568877 100 0
900 100 100 0
211.80339887498948 682.84271247461902 50 1
25 682.84271247461902 25 2
800 273.2050807568877 100 0
10 519.59715927125148 10 3
200 25 25 2
175 200 25 2
400 25 25 2
600 145.82575694955841 10 3
67.984378812835757 682.84271247461902 5 4
600 25 25 2
800 25 25 2
10 499.59715927125148 10 3
10 651.21993587293525 10 3
5 637.0778002492043 5 4
168.3772233983162 10 10 3
145.82575694955841 682.84271247461902 10 3
800 67.984378812835757 5 4
763.24555320336754 10 10 3
636.75444679663246 10 10 3
744.72135954999578 5 5 4
10 168.3772233983162 10 3
10 846.08826567798656 10 3
400 67.984378812835757 5 4
10 719.59715927125148 10 3
10 231.6227766016838 10 3
5 245.76491222541475 5 4
10 968.98542826192431 10 3
10 879.54270916193275 10 3
777.38768882709849 5 5 4
563.24555320336754 10 10 3
436.75444679663241 10 10 3
5 154.23508777458525 5 4
10 36.754446796632415 10 3
36.754446796632415 10 10 3
5 860.23040130171751 5 4
10 363.24555320336759 10 3
200 145.82575694955841 10 3
5 831.9461300542556 5 4
236.75444679663241 10 10 3
363.24555320336759 10 10 3
549.10341757963658 5 5 4
10 396.69999668731373 10 3
400 145.82575694955841 10 3
422.61231117290146 5 5 4
800 145.82575694955841 10 3
836.75444679663246 10 10 3
5 50.896582420363366 5 4
963.24555320336754 10 10 3
10 988.98542826192431 10 3
5 377.38768882709854 5 4
10 16.754446796632415 10 3
983.24555320336754 10 10 3
5 349.10341757963664 5 4
50.896582420363366 5 5 4
222.61231117290146 5 5 4
22.612311172901464 5 5 4
250.89658242036336 5 5 4
450.89658242036336 5 5 4
349.10341757963664 5 5 4
822.36067977499795 5 5 4
622.36067977499795 5 5 4
577.63932022500205 5 5 4
377.63932022500211 5 5 4
5 533.73929489498244 5 4
21.180339887498949 509.59715927125148 5 4
5 705.20339224961697 5 4
944.72135954999578 5 5 4
855.27864045000422 5 5 4
144.72135954999578 5 5 4
67.984378812835757 200 5 4
132.01562118716424 200 5 4
200 67.984378812835757 5 4
5 473.04413283899328 5 4
600 67.984378812835757 5 4
655.27864045000422 5 5 4
5 738.12135292462324 5 4
5 485.45502364752053 5 4
21.180339887498949 978.98542826192431 5 4
21.180339887498949 26.754446796632415 5 4
973.24555320336754 21.180339887498949 5 4
