256 256 256 0
32 437.01933598375615 32 1
32 74.980664016243821 32 12
437.01933598375615 32 32 1
32 501.01933598375615 32 12
16 384 16 2
16 128 16 11
501.01933598375615 32 32 1
32 565.01933598375615 32 12
565.01933598375615 32 32 1
87.42562584220407 533.01933598375615 32 12
128 16 16 2
384 16 16 11
469.01933598375615 8 8 3
8 165.49033200812192 8 10
32 629.01933598375615 32 1
533.01933598375615 87.42562584220407 32 12
629.01933598375615 32 32 1
87.42562584220407 597.01933598375615 32 12
16 29.725830020304777 16 2
67.777087639996637 469.01933598375615 16 11
32 693.01933598375615 32 1
597.01933598375615 87.42562584220407 32 12
693.01933598375615 32 32 1
87.42562584220407 661.01933598375615 32 12
469.01933598375615 67.777087639996637 16 2
96 16 16 11
165.49033200812192 8 8 3
346.50966799187808 8 8 10
4 45.725830020304777 4 4
4 13.725830020304777 4 9
32 757.01933598375615 32 1
661.01933598375615 87.42562584220407 32 12
757.01933598375615 32 32 1
87.42562584220407 725.01933598375615 32 12
64 16 16 2
80 43.712812921102035 16 11
32 821.01933598375615 32 1
725.01933598375615 87.42562584220407 32 12
821.01933598375615 32 32 1
87.42562584220407 789.01933598375615 32 12
16 866.27416997969522 16 2
789.01933598375615 67.777087639996637 16 11
8 725.01933598375615 8 3
725.01933598375615 8 8 10
885.01933598375615 32 32 1
32 911.52900397563428 32 12
853.01933598375615 87.42562584220407 32 1
949.01933598375615 32 32 12
16 956.78383797157335 16 2
917.01933598375615 67.777087639996637 16 11
789.01933598375615 8 8 3
8 789.01933598375615 8 10
4 5.7258300203047767 4 4
48.492422502470646 725.01933598375615 4 9
789.01933598375615 43.489125293076057 2 5
805.01933598375615 2 2 8
853.01933598375615 8 8 3
8 597.01933598375615 8 10
597.01933598375615 8 8 3
661.01933598375615 8 8 10
725.01933598375615 48.492422502470646 4 4
357.82337649086281 4 4 9
533.01933598375615 8 8 3
8 661.01933598375615 8 10
8 346.50966799187808 8 3
8 469.01933598375615 8 10
4 843.64675298172563 4 4
80 4 4 9
2 717.01933598375615 2 5
613.01933598375615 2 2 8
72 1 1 6
789.01933598375615 40.062257748298549 1 7
8 533.01933598375615 8 3
112 33.888543819998318 8 10
41.372583002030481 8 8 3
917.01933598375615 8 8 10
4 882.27416997969522 4 4
48.492422502470646 789.01933598375615 4 9
981.01933598375615 8 8 3
8 979.41125496954282 8 10
4 934.15642097360376 4 4
335.19595949289334 4 4 9
2 741.01933598375615 2 5
2 854.96046148071048 2 8
853.01933598375615 48.492422502470646 4 4
176.80404050710669 4 4 9
10.928203230275509 9.7258300203047767 4 4
365.82337649086281 4 4 9
853.01933598375615 20.510874706923943 2 5
2 733.01933598375615 2 8
361.82337649086281 1 1 6
353.82337649086281 1 1 7
4 357.82337649086281 4 4
4 335.19595949289334 4 9
30.058874503045722 4 4 4
992.33304448274089 4 4 9
901.01933598375615 2 2 5
2 927.52900397563428 2 8
4 176.80404050710669 4 4
4 154.17662350913716 4 9
48.492422502470646 597.01933598375615 4 4
400 4 4 9
20.510874706923943 789.01933598375615 2 5
2 837.01933598375615 2 8
1 9.7258300203047767 1 6
1 37.725830020304777 1 7
597.01933598375615 48.492422502470646 4 4
48.492422502470646 661.01933598375615 4 9
144 4 4 4
661.01933598375615 48.492422502470646 4 9
741.01933598375615 2 2 5
933.01933598375615 2 2 8
112 4 4 4
533.01933598375615 48.492422502470646 4 9
154.17662350913716 4 4 4
48.492422502470646 533.01933598375615 4 9
2 945.47012947258861 2 5
2 797.01933598375615 2 8
1 922.84271247461902 1 6
896.33304448274089 1 1 7
4 112 4 4
4 990.72496346852756 4 9
327.19595949289334 4 4 4
184.80404050710669 4 4 9
2 605.01933598375615 2 5
2 589.01933598375615 2 8
4 320 4 4
4 192 4 9
4 414.39191898578662 4 4
4 97.60808101421334 4 9
2 849.30360723121805 2 5
2 461.01933598375615 2 8
40.062257748298549 725.01933598375615 1 6
1 17.725830020304777 1 7
414.39191898578662 4 4 4
4 400 4 9
4 368 4 4
4 144 4 9
49.372583002030481 2 2 5
909.01933598375615 2 2 8
361.82337649086281 10.928203230275509 4 4
22.058874503045722 4 4 9
26.058874503045722 10.928203230275509 4 4
925.01933598375615 2 2 5
2 887.93102422918764 2 8
809.70562748477141 1 1 6
1 41.725830020304777 1 7
973.01933598375615 2 2 5
2 971.41125496954282 2 8
2 939.81327522309618 2 5
2 541.01933598375615 2 8
331.19595949289334 1 1 6
1 858.27416997969522 1 7
2 525.01933598375615 2 5
2 737.01933598375615 2 8
609.01933598375615 2 2 5
371.48023074035518 2 2 8
853.01933598375615 23.937742251701451 1 6
853.01933598375615 40.062257748298549 1 7
2 329.53910524340097 2 5
2 713.01933598375615 2 8
905.01933598375615 2 2 5
2 477.01933598375615 2 8
1 361.82337649086281 1 6
180.80404050710669 1 1 7
997.98989873223331 2 2 5
541.01933598375615 2 2 8
2 182.46089475659906 2 5
525.01933598375615 2 2 8
1 874.27416997969522 1 6
34.058874503045722 1 1 7
405.65685424949237 2 2 5
669.01933598375615 2 2 8
737.01933598375615 2 2 5
929.01933598375615 2 2 8
1 172.80404050710669 1 6
1 158.17662350913716 1 7
653.01933598375615 2 2 5
2 801.01933598375615 2 8
2 996.38181771801999 2 5
2 106.34314575050762 2 8
396 1 1 6
1 834.19090885900994 1 7
845.01933598375615 2 2 5
861.01933598375615 2 2 8
331.19595949289334 8.4721359549995796 2 5
321.53910524340097 2 2 8
26.058874503045722 1 1 6
23.937742251701451 789.01933598375615 1 7
180.80404050710669 8.4721359549995796 2 5
801.01933598375615 2 2 8
190.46089475659906 2 2 5
2 609.01933598375615 2 8
1 364 1 6
171.14718625761429 1 1 7
2 314.34314575050763 2 5
2 197.65685424949237 2 8
2 420.04877323527899 2 5
2 408.73506473629425 2 8
339.19595949289334 1 1 6
1 743.84776310850236 1 7
2 585.01933598375615 2 5
2 91.951226764720957 2 8
2 457.01933598375615 2 5
16.402020253553342 2 2 8
148 1 1 6
1 852.13203435596427 1 7
2 891.93102422918764 2 5
969.01933598375615 2 2 8
2 521.01933598375615 2 5
605.01933598375615 2 2 8
1 948.78383797157335 1 6
104 1 1 7
5.4641016151377544 715.01933598375615 2 5
2 709.01933598375615 2 8
2 545.01933598375615 2 5
545.01933598375615 2 2 8
1 1.7258300203047767 1 6
1 352.16652224137044 1 7
673.01933598375615 2 2 5
733.01933598375615 2 2 8
649.01933598375615 2 2 5
2 805.01933598375615 2 8
1 150.17662350913716 1 6
1 39.725830020304777 1 7
841.01933598375615 2 2 5
865.01933598375615 2 2 8
797.01933598375615 2 2 5
194.46089475659906 2 2 8
76 1 1 6
988.33304448274089 1 1 7
5.4641016151377544 607.01933598375615 2 5
2 613.01933598375615 2 8
2 310.34314575050763 2 5
2 201.65685424949237 2 8
615.84776310850236 1 1 6
84 1 1 7
5.4641016151377544 587.01933598375615 2 5
317.53910524340097 2 2 8
5.4641016151377544 459.01933598375615 2 5
2 581.01933598375615 2 8
1 116 1 6
1 986.72496346852756 1 7
5.4641016151377544 799.01933598375615 2 5
2 453.01933598375615 2 8
12.402020253553342 2 2 5
521.01933598375615 2 2 8
80 10.255437353461971 1 6
1 326.71067811865476 1 7
971.01933598375615 5.4641016151377544 2 5
5.4641016151377544 889.93102422918764 2 8
965.01933598375615 2 2 5
2 481.01933598375615 2 8
1 878.27416997969522 1 6
1 942.6417023478424 1 7
2 517.01933598375615 2 5
5.4641016151377544 523.01933598375615 2 8
607.01933598375615 5.4641016151377544 2 5
420.04877323527899 2 2 8
374.3086578651014 1 1 6
611.01933598375615 4.2360679774997898 1 7
645.01933598375615 2 2 5
843.01933598375615 5.4641016151377544 2 8
651.01933598375615 5.4641016151377544 2 5
735.01933598375615 5.4641016151377544 2 8
1 185.28932188134524 1 6
1 876.27416997969522 1 7
837.01933598375615 2 2 5
677.01933598375615 2 2 8
863.01933598375615 5.4641016151377544 2 5
671.01933598375615 5.4641016151377544 2 8
739.01933598375615 4.2360679774997898 1 6
931.01933598375615 4.2360679774997898 1 7
549.01933598375615 2 2 5
869.01933598375615 2 2 8
543.01933598375615 5.4641016151377544 2 5
2 549.01933598375615 2 8
803.01933598375615 4.2360679774997898 1 6
394 1 1 7
799.01933598375615 5.4641016151377544 2 5
5.4641016151377544 543.01933598375615 2 8
2 781.01933598375615 2 5
192.46089475659906 5.4641016151377544 2 8
1 964.78383797157335 1 6
1 89.122799639974772 1 7
198.46089475659906 2 2 5
2 306.34314575050763 2 8
2 205.65685424949237 2 5
319.53910524340097 5.4641016151377544 2 8
960.33304448274089 1 1 6
140 1 1 7
917.01933598375615 43.489125293076057 2 5
917.01933598375615 20.510874706923943 2 8
789.01933598375615 20.510874706923943 2 5
313.53910524340097 2 2 8
1 339.19595949289334 1 6
74 1 1 7
523.01933598375615 5.4641016151377544 2 5
80 24.246211251235323 2 8
773.01933598375615 2 2 5
517.01933598375615 2 2 8
1 807.84776310850236 1 6
4.2360679774997898 803.01933598375615 1 7
5.4641016151377544 479.01933598375615 2 5
725.01933598375615 20.510874706923943 2 8
2 645.01933598375615 2 5
597.01933598375615 20.510874706923943 2 8
1 148.17662350913716 1 6
1 615.84776310850236 1 7
20.510874706923943 597.01933598375615 2 5
20.510874706923943 661.01933598375615 2 8
581.01933598375615 2 2 5
2 677.01933598375615 2 8
1 140 1 6
86 1 1 7
661.01933598375615 20.510874706923943 2 5
709.01933598375615 2 2 8
2 51.38268426979716 2 5
20.510874706923943 725.01933598375615 2 8
1 706.19090885900994 1 6
903.01933598375615 4.2360679774997898 1 7
533.01933598375615 20.510874706923943 2 5
2 773.01933598375615 2 8
2 485.01933598375615 2 5
2 777.01933598375615 2 8
4.2360679774997898 583.01933598375615 1 6
4.2360679774997898 199.65685424949237 1 7
20.510874706923943 533.01933598375615 2 5
202.46089475659906 2 2 8
2 302.34314575050763 2 5
2 209.65685424949237 2 8
1 324.71067811865476 1 6
967.01933598375615 4.2360679774997898 1 7
309.53910524340097 2 2 5
777.01933598375615 2 2 8
2 649.01933598375615 2 5
585.01933598375615 2 2 8
422.8772003600252 1 1 6
647.01933598375615 4.2360679774997898 1 7
2 673.01933598375615 2 5
713.01933598375615 2 2 8
2 55.38268426979716 2 5
5.4641016151377544 779.01933598375615 2 8
839.01933598375615 4.2360679774997898 1 6
1 187.28932188134524 1 7
210.74516600406096 2 2 5
301.25483399593907 2 2 8
453.01933598375615 2 2 5
20.510874706923943 469.01933598375615 2 8
547.01933598375615 4.2360679774997898 1 6
679.84776310850236 1 1 7
43.489125293076057 469.01933598375615 2 5
469.01933598375615 20.510874706923943 2 8
469.01933598375615 43.489125293076057 2 5
485.01933598375615 2 2 8
551.84776310850236 1 1 6
867.01933598375615 4.2360679774997898 1 7
206.46089475659906 2 2 5
305.53910524340097 2 2 8
781.01933598375615 2 2 5
2 653.01933598375615 2 8
675.01933598375615 4.2360679774997898 1 6
834.19090885900994 1 1 7
589.01933598375615 2 2 5
2 669.01933598375615 2 8
717.01933598375615 2 2 5
5.4641016151377544 53.38268426979716 2 8
871.84776310850236 1 1 6
4.2360679774997898 547.01933598375615 1 7
457.01933598375615 2 2 5
481.01933598375615 2 2 8
779.01933598375615 5.4641016151377544 2 5
5.4641016151377544 651.01933598375615 2 8
1 551.84776310850236 1 6
395 2.7320508075688772 1 7
587.01933598375615 5.4641016151377544 2 5
5.4641016151377544 671.01933598375615 2 8
715.01933598375615 5.4641016151377544 2 5
461.01933598375615 2 2 8
392 1 1 6
642.19090885900994 1 1 7
477.01933598375615 2 2 5
459.01933598375615 5.4641016151377544 2 8
479.01933598375615 5.4641016151377544 2 5
1 966.78383797157335 1 6
4.2360679774997898 312.34314575050763 1 7
4.2360679774997898 611.01933598375615 1 6
1 578.19090885900994 1 7
4.2360679774997898 711.01933598375615 1 6
106 1 1 7
1 118 1 6
1 450.19090885900994 1 7
14.402020253553342 4.2360679774997898 1 6
4.2360679774997898 455.01933598375615 1 7
9.5735931288071523 1 1 6
4.2360679774997898 519.01933598375615 1 7
1 894.75945135393385 1 6
1 514.19090885900994 1 7
1 87.122799639974772 1 6
150 1 1 7
4.2360679774997898 308.34314575050763 1 6
196.46089475659906 4.2360679774997898 1 7
4.2360679774997898 203.65685424949237 1 6
1 405.90663761154804 1 7
138 1 1 6
770.19090885900994 1 1 7
315.53910524340097 4.2360679774997898 1 6
1 422.8772003600252 1 7
519.01933598375615 4.2360679774997898 1 6
514.19090885900994 1 1 7
1 642.19090885900994 1 6
2.7320508075688772 149.17662350913716 1 7
1 103.51471862576143 1 6
408.48528137423858 1 1 7
578.19090885900994 1 1 6
1 679.84776310850236 1 7
1 138 1 6
88 1 1 7
85 2.7320508075688772 1 6
4.2360679774997898 739.01933598375615 1 7
706.19090885900994 1 1 6
1 770.19090885900994 1 7
4.2360679774997898 483.01933598375615 1 6
52.201010126776673 1 1 7
1 487.84776310850236 1 6
1 372 1 7
200.46089475659906 4.2360679774997898 1 6
1 299.51471862576142 1 7
1 212.48528137423855 1 6
2.7320508075688772 325.71067811865476 1 7
1 396 1 6
311.53910524340097 4.2360679774997898 1 7
775.01933598375615 4.2360679774997898 1 6
1 19.725830020304777 1 7
583.01933598375615 4.2360679774997898 1 6
4.2360679774997898 647.01933598375615 1 7
424.8772003600252 1 1 6
158.17662350913716 1 1 7
4.2360679774997898 675.01933598375615 1 6
935.84776310850236 1 1 7
711.01933598375615 4.2360679774997898 1 6
1 58.211111394543352 1 7
2.7320508075688772 186.28932188134524 1 6
743.84776310850236 1 1 7
917.01933598375615 40.062257748298549 1 6
213.57359312880715 1 1 7
298.42640687119285 1 1 6
450.19090885900994 1 1 7
149 2.7320508075688772 1 6
1 896.75945135393385 1 7
136 1 1 6
1 424.8772003600252 1 7
139 2.7320508075688772 1 6
7.5735931288071523 1 1 7
2.7320508075688772 139 1 6
1 136 1 7
1 120 1 6
54.201010126776673 1 1 7
1 374 1 6
1 214.48528137423855 1 7
1 394 1 6
2.7320508075688772 18.725830020304777 1 7
1 21.725830020304777 1 6
1 297.51471862576142 1 7
1 60.211111394543352 1 6
296.42640687119285 1 1 7
2.7320508075688772 895.75945135393385 1 6
215.57359312880715 1 1 7
1 898.75945135393385 1 6
8.5735931288071523 2.7320508075688772 1 7
2.7320508075688772 117 1 6
108 1 1 7
53.201010126776673 2.7320508075688772 1 6
483.01933598375615 4.2360679774997898 1 7
2.7320508075688772 373 1 6
455.01933598375615 4.2360679774997898 1 7
487.84776310850236 1 1 6
1 376 1 7
917.01933598375615 23.937742251701451 1 6
789.01933598375615 23.937742251701451 1 7
1 216.48528137423855 1 6
2.7320508075688772 395 1 7
40.062257748298549 789.01933598375615 1 6
725.01933598375615 40.062257748298549 1 7
725.01933598375615 23.937742251701451 1 6
1 392 1 7
597.01933598375615 23.937742251701451 1 6
40.062257748298549 597.01933598375615 1 7
597.01933598375615 40.062257748298549 1 6
23.937742251701451 597.01933598375615 1 7
23.937742251701451 661.01933598375615 1 6
120 1 1 7
40.062257748298549 661.01933598375615 1 6
661.01933598375615 23.937742251701451 1 7
533.01933598375615 40.062257748298549 1 6
661.01933598375615 40.062257748298549 1 7
533.01933598375615 23.937742251701451 1 6
112 21.744562646538029 1 7
40.062257748298549 533.01933598375615 1 6
112 10.255437353461971 1 7
23.937742251701451 533.01933598375615 1 6
23.937742251701451 725.01933598375615 1 7
469.01933598375615 40.062257748298549 1 6
1 288 1 7
1 224 1 6
224 1 1 7
288 1 1 6
1 63.666955517259062 1 7
23.937742251701451 469.01933598375615 1 6
40.062257748298549 469.01933598375615 1 7
469.01933598375615 23.937742251701451 1 6
1 295.51471862576142 1 7
2.7320508075688772 59.211111394543352 1 6
294.42640687119285 1 1 7
217.57359312880715 1 1 6
107 2.7320508075688772 1 7
1 218.48528137423855 1 6
118 1 1 7
1 290 1 6
1 222 1 7
222 1 1 6
290 1 1 7
1 293.51471862576142 1 6
292.42640687119285 1 1 7
219.57359312880715 1 1 6
116 1 1 7
117 2.7320508075688772 1 6
