100 100 100 49
100 300 100 49
300 100 100 49
98 497.98989873223331 98 48
495.95917942265424 96 96 47
94 689.94822754346251 94 46
683.9166214141859 92 92 45
90 873.9047441445332 90 44
863.87217148141781 88 88 43
197.97958971132712 200 40 19
966.63403211073887 30 30 14
26 970.65183712411579 26 12
24 197.97958971132712 24 11
22 590.85539286218454 22 10
583.59478862348078 20 20 9
18 772.21608274827508 18 8
16 20 16 7
755.69405519389136 14 14 6
197.97958971132712 24 24 11
617.46363051084131 12 12 5
22 393.80831519646858 22 10
389.44271909999156 20 20 9
163.24555320336759 10 10 4
788.82551932424292 16 16 7
8 43.431457505076196 8 3
12 429.40418593430434 12 5
817.91567030911358 6 6 2
145.82575694955841 200 10 4
428.0769284287457 12 12 5
43.431457505076196 8 8 3
175.8946638440411 4 4 1
923.20175937818317 10 10 4
12 808.17803724391331 12 5
939.80121638074138 6 6 2
59.207843891257724 200 8 3
10 163.24555320336759 10 4
10 363.24555320336759 10 4
200 59.207843891257724 8 3
993.46684784073636 6 6 2
4 54.745166004060955 4 1
2 31.313708498984759 2 0
10 236.75444679663241 10 4
356.5685424949238 8 8 3
6 827.42894399004422 6 2
200 145.82575694955841 10 4
551.3848052648583 8 8 3
414.2205219681947 4 4 1
236.75444679663241 10 10 4
6 449.49247612030473 6 2
8 744.79346434667082 8 3
10 560.59980210222739 10 4
10 628.62938867643891 10 4
8 927.57037560452818 8 3
447.95917942265424 6 6 2
4 150.59644256269408 4 1
946.72941961101685 2 2 0
636.927260916303 6 6 2
4 249.40355743730592 4 1
730.9059819120688 6 6 2
6 945.67184513052223 6 2
345.25483399593907 4 4 1
437.87488739987839 2 2 0
4 224.1053361559589 4 1
367.88225099390854 4 4 1
181.55151809353347 2 2 0
4 350.59644256269405 4 1
540.07109676587356 4 4 1
932.14603128818237 2 2 0
562.69851376384304 4 4 1
4 175.8946638440411 4 1
2 817.97599621504605 2 0
224.1053361559589 4 4 1
4 794.32163078336225 4 1
2 372.18982511336674 2 0
249.40355743730592 4 4 1
4 733.47975584768608 4 1
986.53864461046089 2 2 0
910.55264873750968 4 4 1
4 547.9506914615539 4 1
950.72941961101685 2 2 0
4 641.27849931711239 4 1
4 615.98027803576542 4 1
2 60.402020253553339 2 0
4 916.25666710554344 4 1
54.745166004060955 4 4 1
2 35.313708498984759 2 0
4 142.59644256269408 4 1
770.66068474098711 4 4 1
2 456.42067935058026 2 0
740.72742564679561 4 4 1
4 4 4 1
2 442.5642728900292 2 0
603.60722405029026 4 4 1
4 412.56997823576228 4 1
2 569.54407401222659 2 0
4 991.04791517848696 4 1
901.3954975600052 4 4 1
643.85546414657847 2 2 0
4 651.16678868413192 4 1
4 537.58787847867995 4 1
723.97777868179332 2 2 0
140 4 4 1
71.434286285828591 200 4 1
2 834.35714722031969 2 0
128.56571371417141 200 4 1
4 340 4 1
339.5979797464467 2 2 0
4 260 4 1
200 71.434286285828591 4 1
373.53910524340091 2 2 0
200 128.56571371417141 4 1
260 4 4 1
534.41424251638114 2 2 0
150.59644256269408 4 4 1
804.82551932424292 4 4 1
2 181.55151809353347 2 0
32.117749006091437 4 4 1
218.44848190646653 2 2 0
2 788.66477653386983 2 0
2 376.18982511336674 2 0
2 727.82290159819365 2 0
982.53864461046089 2 2 0
2 610.323423786273 2 0
2 64.402020253553331 2 0
2 910.59981285605102 2 0
60.402020253553339 2 2 0
8.4721359549995796 146.59644256269408 2 0
2 136.93958831320171 2 0
776.31753899047953 2 2 0
2 460.42067935058026 2 0
597.95036980079783 2 2 0
2 418.22683248525465 2 0
568.35536801333546 2 2 0
2 573.54407401222659 2 0
2 996.70476942797939 2 0
2 985.39106092899453 2 0
895.73864331051277 2 2 0
647.85546414657847 2 2 0
2 656.82364293362434 2 0
2 531.93102422918753 2 0
719.97777868179332 2 2 0
2 838.35714722031969 2 0
2 334.34314575050763 2 0
335.5979797464467 2 2 0
2 265.65685424949237 2 0
265.65685424949237 2 2 0
530.41424251638114 2 2 0
810.48237357373534 2 2 0
26.460894756599057 2 2 0
214.44848190646653 2 2 0
2 380.18982511336674 2 0
2 784.66477653386983 2 0
2 723.82290159819365 2 0
2 606.323423786273 2 0
2 68.402020253553331 2 0
651.85546414657847 2 2 0
2 660.82364293362434 2 0
2 527.93102422918753 2 0
645.85546414657847 5.4641016151377544 2 0
721.97777868179332 5.4641016151377544 2 0
891.73864331051277 2 2 0
2 577.54407401222659 2 0
715.97777868179332 2 2 0
5.4641016151377544 836.35714722031969 2 0
2 464.42067935058026 2 0
2 842.35714722031969 2 0
2 330.34314575050763 2 0
331.5979797464467 2 2 0
5.4641016151377544 458.42067935058026 2 0
2 132.93958831320171 2 0
2 269.65685424949237 2 0
269.65685424949237 2 2 0
64.402020253553331 2 2 0
526.41424251638114 2 2 0
22.460894756599057 2 2 0
216.44848190646653 5.4641016151377544 2 0
2 906.59981285605102 2 0
2 719.82290159819365 2 0
5.4641016151377544 608.323423786273 2 0
134.34314575050763 2 2 0
655.85546414657847 2 2 0
2 218.44848190646653 2 0
711.97777868179332 2 2 0
2 468.42067935058026 2 0
402.0918297406651 2 2 0
824.84387353938905 2 2 0
408.56366771870233 2 2 0
627.26158948197406 2 2 0
2 760.21608274827508 2 0
2 752.79346434667082 2 0
2 211.83599617187815 2 0
2 956.22963202225981 2 0
837.33917315857457 2 2 0
2 935.57037560452818 2 0
2 847.07192841453571 2 0
2 900.73755987453069 2 0
2 128.2842712474619 2 0
71.715728752538098 2 2 0
128.2842712474619 2 2 0
79.90024875775822 200 2 0
120.09975124224178 200 2 0
200 79.90024875775822 2 0
200 120.09975124224178 2 0
468.24636650155219 2 2 0
454.88738265292977 2 2 0
18.460894756599057 2 2 0
828.84387353938905 2 2 0
833.33917315857457 2 2 0
464.24636650155219 2 2 0
458.88738265292977 2 2 0
14.460894756599057 2 2 0
826.84387353938905 5.4641016151377544 2 0
456.88738265292977 5.4641016151377544 2 0
10.460894756599057 2 2 0
