900 900 100 99
700 900 100 99
99 901 99 98
902 98 98 97
97 97 97 96
504.04082057734576 904 96 95
292.95875850293532 905 95 94
906 289.95832881122919 94 93
907 707.1269847801409 93 92
92 285.93385085791272 92 91
909 523.13785466643014 91 90
714.17028989001767 90 90 89
282.82787734890587 89 89 88
88 714.32380976675142 88 87
537.19571544498615 87 87 86
86 463.83269852140938 86 85
595.13311586457132 747.59285905271179 85 84
426.23644461701252 741.68401470766003 84 83
620.2871452104265 235.30985907732125 83 82
200.42665401641992 197.19444714637518 47 46
799.47435456252174 199.11623028786471 46 45
409.39801600727981 45 45 44
397.93494627902101 971 29 28
972 392.56437151827447 28 27
726.40876737184317 206.3581525675225 27 26
26 618.65772382194018 26 25
800 975 25 24
437.55697391200573 245.24386618673066 100 99
600.04082057734581 976 24 23
23 804.30158480036732 23 22
978 616.66152175695174 22 21
622.68255653763617 21 21 20
20 380.8869331080985 20 19
739.51959940833763 611.21392301243225 100 99
254.19714682133264 386.79556590886284 99 98
981 438.69462189695764 19 18
794.66873708001015 18 18 17
983 983 17 16
16 984 16 15
753.85821826768893 411.72857515649008 100 99
555.46920717863111 404.30582029919879 98 97
226.69295089611751 580.85617295343377 97 96
464.94614797223238 15 15 14
826.41775281278524 14 14 13
800 799.18333471097151 42 41
285.69031204464892 218.96848259332955 41 40
737.55389236475662 272.42468107396314 40 39
650.39201899080535 504.54961591340157 39 38
82.421052631578974 588.44738089199984 38 37
950.93399473685804 427.73855839236262 13 12
435.24446249137628 988 12 11
197.46006741242874 976 24 23
23 191.46692542895636 23 22
923.47861022352504 404.63395039077017 22 21
766.33249580710799 989 11 10
307.10876854944951 494.50053462479849 21 20
20 573.05070681797463 20 19
10 221.79842720516257 10 9
593.15998976351898 9 9 8
390.94344962524536 537.01813390932534 73 72
334.37743148562998 183.90333749824055 19 18
691.1753728874711 307.25330337079032 18 17
8 957.2849891178812 8 7
178.21576201698781 17 17 16
984 16 16 15
977 196.96370531072785 23 22
15 535.66583850568122 15 14
487.83986472797386 7 7 6
879.51303071208156 402.89388768415841 22 21
660.43158819765097 331.24954688818235 21 20
212.23042697001472 14 14 13
750.08441899783611 994 6 5
725.53378406047159 760.31454667162643 42 41
427.67131755330689 118.62919958622295 27 26
234.24329025787029 261.88938600030275 26 25
122.85550898466764 619.52880202151334 13 12
200.74796854796645 807.77258506017643 39 38
796.01627472776227 264.0241780589692 19 18
387.28945017125693 138.4863088103404 18 17
360.48653056747185 988 12 11
833.66750419289201 989 11 10
995 419.20103320733972 5 4
10 773.97008302416111 10 9
141.41960085354668 379.70859719975107 14 13
991 649.26508021418317 9 8
820 996 4 3
509.43670888844025 795.13363977180927 13 12
959.6761924206188 992 8 7
349.265965788046 642.05140169149036 40 39
420.11330945164809 383.14498500088121 39 38
191.54396807963187 42.755755146213403 12 11
373.63551934720419 346.80196604252751 20 19
16 16 16 15
478.36255583723113 3 3 2
989 165.1517578695541 11 10
7 512.90407510695059 7 6
788.09863568921776 731.21747911022123 27 26
977 804.08336953374555 23 22
801.28378827088272 515.395422845962 14 13
559.50201620014013 584.42456438107115 82 81
166.47620064276941 990 10 9
994 146.49742261192856 6 5
537.3284265156733 186.99991193881982 13 12
387.04982192872512 101.75877219802464 16 15
9 408.19098754843515 9 8
853.98449545308335 797.88940632190656 12 11
357.43649178021349 15 15 14
2 998 2 1
767.83592135001265 8 8 7
5 759.82794740043016 5 4
186.60221960781962 477.34900767117182 14 13
632.53697419588968 989 11 10
622.40854074652498 139.33330110101426 13 12
398.89681742880663 846.16628490318124 24 23
990 836.75444679663246 10 9
332.74781324630061 7 7 6
332.84156278650818 469.32468705707595 15 14
396.99462087355641 930.01078448991939 12 11
779.59899496852961 996 4 3
253.56461352955006 803.36781345550071 14 13
991 465.90150258141341 9 8
292.68989465897187 713.32655988561817 51 50
989 357.464513968706 11 10
6 237.29036058999225 6 5
852.40656739359974 616.26688838876328 13 12
958 8 8 7
120.68582392057922 555.4890873819279 12 11
990 583.47026718242353 10 9
1 764.30008335542971 1 0
617.01138332582298 997 3 2
947.02708177994532 995 5 4
795.4569489337141 300.01983272249925 17 16
198.99414966359086 287.05275110597915 15 14
629.30793342227821 326.86653758870523 9 8
849.61679658516482 7 7 6
349.18150764234554 320.38225159405863 16 15
569.05695380768645 990 10 9
992 956.5685424949238 8 7
452.21502523985345 994 6 5
512.32138648239459 679.83433577531798 22 21
358.69217240660339 160.13795565939898 15 14
368.25126118532603 379.35975718452988 13 12
209.81630564382672 708.74745039262564 32 31
437.88086942895313 446.70844787424005 27 26
386.66551848566348 437.70912413544283 25 24
467.62828772306875 483.0965105436776 20 19
989 771.09572714701881 11 10
499.88619923263087 4 4 3
145.99162237292671 798.23430812396452 14 13
805.40487582150831 698.04784698204276 9 8
232.02941684323804 7 7 6
273.52593916276845 273.63134048047783 15 14
2 2 2 1
10 834.63308657657353 10 9
995 663.99926747444522 5 4
152.71355310873648 8 8 7
194.36803310656984 258.42411080293897 14 13
11 351.22213915971588 11 10
159.63935115780544 779.72108314789966 9 8
6 334.97406235044394 6 5
606.80804867124868 3 3 2
990 227.29520708693406 10 9
599.33145258132265 846.50379863379544 14 13
279.51872560448993 489.72669651534341 7 6
286.21087207744904 788.19475170700275 22 21
631.17924306347459 649.7803227286114 15 14
142.46964212713604 194.96178665597202 11 10
328.26458994355772 292.32013203793571 19 18
8 38.627416997969519 8 7
374.34293702802285 996 4 3
646.58972239493312 668.1791576584294 9 8
412.40901202253576 631.613216397624 24 23
654.17028989001767 10 10 9
5 51.276527638643039 5 4
994 754.37103202421179 6 5
398.27195921292531 882.16086160870793 12 11
248.47744883428902 769.75054474783667 20 19
511.69895629651063 708.82765536214174 7 6
42.715010882118847 992 8 7
498.15408750114267 504.00525388011329 17 16
366.89257915151222 822.17193697934374 16 15
647.70110122867413 552.4741290731348 9 8
548.12942095890139 295.55322245322242 11 10
228.44393418208807 990 10 9
495.88619923263087 1 1 0
998 2 2 1
967.79795897113274 3 3 2
996 940 4 3
147.74423042781575 994 6 5
5 593.05070681797463 5 4
333.59238592525935 595.62577413208248 9 8
41.286446891263523 8 8 7
752.69016600643863 227.92869001584506 7 6
341.92586882754154 799.09243578025075 18 17
862.97015419139154 432.11448791461345 11 10
10 654.99422186998618 10 9
10 159.28964600958975 10 9
313.4282757449007 803.03432507024297 9 8
992 42 8 7
427.74141800188687 834.80895168717234 7 6
994 337.45569715938086 6 5
5 553.05070681797463 5 4
681.95354892094781 790.47682618070553 11 10
996 824.10533615595898 4 3
199.69554993114306 856.76128186928702 10 9
317.08552086011042 785.40978087280985 9 8
3 600.9942020892845 3 2
303.1177881609409 655.25540493661106 8 7
748.66860320148442 180.65796368032909 7 6
196.35560507679764 139.3374980345252 11 10
998 998 2 1
648.78505100516156 994 6 5
458.86755513253013 353.15984798759013 10 9
803.09848044533021 850.08912435154093 9 8
481.14529501793106 658.1075937047865 16 15
5 421.60739541343389 5 4
946.01112045793252 196.13343744598001 8 7
173.09284071833599 764.922312298782 11 10
37.455541465468336 546.65440790722892 10 9
540.02997948698976 276.03807227211786 7 6
996 784.36222630844043 4 3
992 1 1 0
851.0102051443364 994 6 5
856.81232139116901 197.19210503837991 11 10
943.68459184377559 801.22927338809973 8 7
452.62054481956801 609.27417814363469 22 21
997 745.88575064997326 3 2
237.84411557254492 740.02750586891352 10 9
668.31242551374862 5 5 4
239.96363011772846 684.00601092226975 7 6
698.3814959230441 505.55465510175463 9 8
816.31841467506274 751.92120036969686 8 7
552.04082057734581 994 6 5
996 596.11937782309701 4 3
348.98854872313063 446.44948552435676 13 12
998 818.44848190646655 2 1
52.952989734675178 802.62277392524095 7 6
601.4334156572022 502.53587322305907 10 9
5 669.13635749371713 5 4
750.27446417048543 804.41507309010183 8 7
801.6319848499229 140.51189874416212 11 10
3 970.14359353944894 3 2
6 850.12501996140315 6 5
393.97747392995859 656.53867333509811 7 6
740.28646002670337 996 4 3
346.87937595941594 689.99203361254331 8 7
396.88137951726253 909.01108981606217 9 8
578.90902267421461 5 5 4
963.65685424949243 1 1 0
471.92226692208612 513.79767896832243 11 10
245.20941295768205 994 6 5
465.51373206432959 577.81363582994402 12 11
453.72699711686499 648.66106311369663 13 12
657.47798406755066 679.90288393246908 7 6
697.32959988285086 186.87990782763038 8 7
471.12941746527133 635.20165131312478 9 8
2 585.69981745864811 2 1
3 681.82765614820755 3 2
333.25914254093055 769.32856749212385 13 12
183.38460506464835 744.35341377115117 12 11
4 247.56719867141095 4 3
5 141.04543109109048 5 4
445.9724820112221 6 6 5
809.42749947847142 319.53453788236214 7 6
310.02260703574314 769.94642909159631 8 7
253.98143411717203 181.61146102334396 8 7
540.61764640154854 673.48440076874647 7 6
343.51596781899468 994 6 5
995 241.43734271066501 5 4
333.718008847862 996 4 3
3 522.06922649686226 3 2
652.99368499375282 455.6187326799149 10 9
382.70340006729316 998 2 1
302.43662169582569 271.35704158350319 14 13
624.69959764818338 50.012561600335367 8 7
53.862995620121055 551.10361549543711 7 6
376.41015774122377 6 6 5
181.41643504109919 677.80480425903954 10 9
660.49484521035447 1 1 0
995 565.79931268183327 5 4
800 940.79215610874223 8 7
4 940.79949748426475 4 3
190.82618528386632 761.83548698461595 7 6
812.66747537157971 534.49763893880061 6 5
3 396.37886649292818 3 2
218.30093262216425 753.95819142878281 14 13
374.07183116517922 402.64324844141902 11 10
995 480.47639665102707 5 4
44.960206370428438 561.90826003265158 7 6
785.25584921802204 998 2 1
57.604568792815584 4 4 3
197.31518795042422 943.22705078824197 8 7
310.70102028252848 521.26049963759681 6 5
995 850.89658242036342 5 4
47.842955113799484 377.92553976527034 8 7
163.93290515990211 3 3 2
844.33984893138711 595.44321313856665 6 5
354.53503605363767 465.6650125348898 7 6
641.01285931745952 4 4 3
1 339.87304183601032 1 0
686.38828653971655 329.74960982983248 5 4
435.04375627481659 652.11598882028034 6 5
222.81343221427309 2 2 1
805.61022918606659 47.107838693592527 11 10
777.6338803211454 3 3 2
471.58398461231104 556.66766614293931 10 9
658.58300997629431 996 4 3
326.72233157290947 261.35851969106068 12 11
652.9109764883043 440.61896070487717 5 4
709.2832986681691 236.13730679526304 6 5
667.14832346964261 690.02634854930602 7 6
600.0408205773457 944 8 7
818.41207743833036 34.454274716356259 7 6
459.84325645970262 35.370579231120324 6 5
127.17814941688196 800.89010091184855 5 4
4 502.32106986269224 4 3
3 365.39499972326882 3 2
453.99169682212909 2 2 1
790 999 1 0
329.61949745733762 241.56947146134266 8 7
188.1234270149186 305.02014905603426 6 5
534.12005032893831 286.48186168721105 5 4
996 250.38161462066415 4 3
57.414368489217502 193.17160588184305 7 6
997 671.74523416686009 3 2
813.35994728051151 499.45282633302975 6 5
606.82704644984983 148.34535056174622 5 4
900.7486041787414 422.64358184741297 7 6
2 258.80453092541165 2 1
486.65455885872404 527.3239339671635 9 8
59.200502515735202 996 4 3
800.0254288586367 864.77096190497821 6 5
614.76720452808866 835.42510007133285 5 4
29.856406460551018 3 3 2
1 840.95764189691033 1 0
754.97774083273612 719.90349113489219 8 7
