936 936 64 6
808 936 64 6
32 968 32 5
968 32 32 7
872 984 16 4
16 16 16 8
992 992 8 3
8 38.6274 8 9
996 4 4 2
4 996 4 10
2 2 2 1
9.65685 998 2 11
680 936 64 6
904 32 32 5
32 904 32 7
744 984 16 4
16 61.2548 16 8
999 999 1 0
8 1 1 12
936 122.51 64 6
61.2548 32 32 5
32 106.51 32 7
858.745 16 16 4
16 858.745 16 8
936 8 8 3
8 936 8 9
776 996 4 2
856 996 4 10
990.343 2 2 1
2 30.6274 2 11
151.765 64 64 6
847.873 62.7524 32 5
32 813.49 32 7
93.2548 8 8 3
992 64 8 9
1 27.799 1 0
6 1 1 12
552 936 64 6
616 864.446 32 5
461.49 968 32 7
826.745 16 16 4
616 984 16 8
996 968 4 2
4 842.745 4 10
998 9.65685 2 1
2 952 2 11
64 197.019 64 6
781.49 32 32 5
461.49 904 32 7
73.0927 78.5174 16 4
48 858.745 16 8
8 151.765 8 3
887.468 68.424 8 9
104.569 4 4 2
4 77.2548 4 10
864 999 1 0
860 999 1 12
872 825.149 64 6
85.0761 108.189 16 4
984 872 16 8
506.745 992 8 3
39.2587 67.1738 8 9
928 2 2 1
2 984 2 11
64 722.981 64 6
968 826.745 32 5
968 762.745 32 7
842.745 4 4 2
600 996 4 10
122.51 936 64 6
96 813.49 32 5
32 287.529 32 7
984 717.49 16 4
186.51 984 16 8
992 794.745 8 3
8 781.49 8 9
998 56 2 1
924 2 2 11
100.569 1 1 0
850.745 1 1 12
370.981 936 64 6
280.471 968 32 5
217.806 947.605 32 7
64 992 8 3
429.49 992 8 9
584 996 4 2
170.51 996 4 10
64 378.039 64 6
96 287.529 32 5
280.471 904 32 7
984 2 2 1
998 778.745 2 11
1 979.314 1 0
1 69.2548 1 12
64 506.039 64 6
32 596.548 32 5
96 596.548 32 7
8 319.529 8 3
312.471 992 8 9
848 996 4 2
4 881.373 4 10
690.981 64 64 6
781.49 96 32 5
203.923 885.129 32 7
16 658.981 16 4
16 442.039 16 8
736.235 8 8 3
248.471 992 8 9
904 996 4 2
648 996 4 10
2 870.059 2 1
574.627 998 2 11
604 999 1 0
174.51 999 1 12
279.765 64 64 6
153.857 845.262 32 5
145.778 773.264 32 7
215.765 16 16 4
64 632.325 16 8
562.981 64 64 6
626.981 16 16 4
93.5984 644.488 16 8
8 255.529 8 3
8 636.353 8 9
4 129.137 4 2
996 976 4 10
2 46.6274 2 1
944 2 2 11
434.981 64 64 6
213.416 821.837 32 5
8 551.294 8 3
209.137 992 8 9
1 71.2548 1 0
1 956.686 1 12
936 653.49 64 6
145.778 556.322 32 5
968 213.019 32 7
343.765 16 16 4
498.981 16 16 8
712 996 4 2
32 4 4 10
296.471 998 2 1
201.137 998 2 11
936 525.49 64 6
141.508 641.548 32 5
159.21 710.689 32 7
984 589.49 16 4
244.051 858.79 16 8
225.137 992 8 3
992 167.765 8 9
577.456 999 1 0
846.745 1 1 12
174.851 442.039 64 6
155.203 348.071 32 5
206.685 753.609 32 7
984 461.49 16 4
984 258.274 16 8
366.392 8 8 3
389.726 8 8 9
199.765 4 4 2
996 573.49 4 10
998 984 2 1
256.471 998 2 11
243.645 665.009 64 6
270.587 757.151 32 5
277.371 824.239 32 7
4 619.176 4 2
720 996 4 10
608 999 1 0
568 999 1 12
739.632 182.394 64 6
649.122 150.394 32 5
826.49 141.508 32 7
318.916 875.26 16 4
984 290.274 16 8
106.137 119.697 8 3
821.056 101.879 8 9
437.49 998 2 1
45.2548 2 2 11
936 397.49 64 6
353.196 841.662 32 5
416.444 851.448 32 7
984 333.49 16 4
955.077 319.798 16 8
118.575 864.108 8 3
24 636.353 8 9
191.765 4 4 2
495.431 996 4 10
48.0833 1 1 0
570 999 1 12
250.772 338.985 64 6
121.565 138.081 16 4
956.287 274.274 16 8
2 82.9117 2 1
653.657 998 2 11
302.059 456.261 64 6
230.504 520.261 32 5
286.632 551.013 32 7
40.2372 635.691 8 3
296.289 867.26 8 9
520 996 4 2
183.765 4 4 10
825.149 589.49 64 6
844.797 683.458 32 5
170.729 285.983 32 7
882.59 713.05 16 4
241.377 567.013 16 8
875.434 897.067 8 3
306.345 854.816 8 9
781.657 998 2 1
300.471 998 2 11
1 4.82843 1 0
1 49.4558 1 12
498.981 174.851 64 6
501.717 854.222 32 5
164.707 159.124 32 7
572.55 143.426 16 4
568.474 857.715 16 8
968 996 4 2
632 996 4 10
382.512 555.816 64 6
594.306 186.212 32 5
221.83 247.451 32 7
215.765 112 16 4
855.592 730.229 16 8
637.439 112.138 8 3
237.308 779.343 8 9
4 573.921 4 2
236.451 996 4 10
2 874.059 2 1
998 16 2 11
981.172 1 1 0
999 577.49 1 12
574.387 777.933 64 6
661.129 819.066 32 5
744 864.446 32 7
96.9848 442.039 8 3
944 794.745 8 9
692.369 728.291 64 6
807.912 735.76 32 5
781.06 677.665 32 7
660.96 196.911 16 4
791.526 857.715 16 8
996 75.3137 4 2
4 565.921 4 10
920 2 2 1
998 958.627 2 11
1 73.2548 1 0
999 972 1 12
398.659 757.109 64 6
209.575 563.458 16 4
182.525 521.67 16 8
118.846 331.392 8 3
655.825 868.18 8 9
652.869 276.501 64 6
241.94 152.235 32 5
909.329 305.27 32 7
301.41 720.355 16 4
696.474 857.715 16 8
243.855 882.789 8 3
378.476 19.3771 8 9
487.431 996 4 2
418.177 996 4 10
217.137 998 2 1
2 559.294 2 11
316.013 228.86 64 6
405.013 155.203 32 5
413.545 218.631 32 7
174.74 238.151 16 4
883.968 745.021 16 8
1 850.745 1 0
230.794 999 1 12
466.547 298.674 64 6
551.983 254.894 32 5
560.515 318.322 32 7
108.129 663.59 8 3
548.134 844.976 8 9
976 996 4 2
996 274.274 4 10
2 837.088 2 1
355.078 2 2 11
530.547 409.525 64 6
436.579 389.877 32 5
385.914 350.773 32 7
311.268 592.209 16 4
143.784 246.259 16 8
183.602 786.277 8 3
94.2237 130.377 8 9
162.51 996 4 2
996 349.49 4 10
491.431 999 1 0
999 955.799 1 12
590.386 650.937 64 6
445.111 453.305 32 5
491.614 497.276 32 7
711.266 829.339 16 4
152.24 215.397 16 8
2 644.353 2 1
2 263.529 2 11
820.643 342.023 64 6
555.421 502.247 32 5
519.213 555.02 32 7
324.689 308.388 16 4
191.05 210.619 16 8
545.396 864.303 8 3
135.974 595.102 8 9
4 163.078 4 2
996 904 4 10
176.51 999 1 0
852 999 1 12
644.805 467.224 64 6
619.93 374.503 32 5
683.737 379.473 32 7
837.022 102.92 8 3
347.54 39.7011 8 9
37.6569 2 2 1
2 948 2 11
709.404 420.034 16 4
330.673 799.274 16 8
4 674.981 4 2
4 140.451 4 10
772.794 468.837 64 6
748.858 277.949 32 5
904 213.019 32 7
331.231 617.219 16 4
375.421 117.41 16 8
246.194 410.839 8 3
135.034 517.792 8 9
2 944 2 1
2 829.49 2 11
580 999 1 0
291.785 999 1 12
671.4 864.515 8 3
119.438 674.908 8 9
4 458.039 4 2
888 996 4 10
4 410.039 4 2
4 426.039 4 10
2 134.794 2 1
178.108 2 2 11
848.745 1 1 0
1 848.745 1 12
875.26 174.574 16 4
289.13 143.45 16 8
267.671 863.045 8 3
175.476 800.06 8 9
840.247 207.407 32 5
511.394 705.492 32 7
443.782 501.287 16 4
330.768 339.805 16 8
596.381 146.266 8 3
307.268 615.873 8 9
4 418.039 4 2
747.549 4 4 10
2 311.529 2 1
56 998 2 11
1 51.4558 1 0
999 20.6863 1 12
869.414 278.608 16 4
473.134 541.576 16 8
311.747 631.233 8 3
960.741 723.409 8 9
996 557.49 4 2
90.5097 996 4 10
909.657 998 2 1
2 267.529 2 11
178.51 999 1 0
999 981.172 1 12
996 156.451 4 2
4 330.843 4 10
405.387 426.36 16 4
786.021 247.571 16 8
2 90.5097 2 1
445.49 998 2 11
287.298 591.008 8 3
796.82 226.137 8 9
466.981 4 4 2
996 621.49 4 10
716 999 1 0
1 867.23 1 12
2 123.48 2 1
998 782.745 2 11
729.195 394.888 16 4
240.263 203.132 16 8
891.586 269.42 8 3
615.113 718.558 8 9
996 235.647 4 2
996 477.49 4 10
999 579.49 1 0
1 414.039 1 12
597.297 550.645 32 5
365.939 650.375 32 7
721.592 317.453 16 4
394.991 262.901 16 8
623.38 119.777 8 3
67.4173 125.1 8 9
2 580.548 2 1
998 246.96 2 11
640 996 4 2
996 685.49 4 10
360.735 1 1 0
1 647.182 1 12
933.379 782.779 8 3
861.511 753.487 8 9
840 996 4 2
996 896 4 10
998 548.118 2 1
99.8823 998 2 11
840.659 264.567 16 4
397.279 457.316 16 8
214.913 208.054 8 3
905.871 718.883 8 9
154.51 996 4 2
592 996 4 10
52 998 2 1
304.471 998 2 11
664 999 1 0
999 341.49 1 12
196.438 541.225 8 3
256.471 936 8 9
960.741 866.081 8 3
128.291 318.477 8 9
996 693.49 4 2
247.765 4 4 10
984 998 2 1
441.49 998 2 11
917.172 1 1 0
242.814 999 1 12
402.981 996 4 2
996 701.49 4 10
998 145.137 2 1
148.853 998 2 11
862 999 1 0
1 583.377 1 12
936 248.796 16 4
355.164 298.625 16 8
851.303 110.134 8 3
424.203 487.406 8 9
996 849.373 4 2
402.981 4 4 10
830.627 998 2 1
264.471 998 2 11
999 270.274 1 0
1 824.804 1 12
327.087 640.858 8 3
260.6 581.383 8 9
514.981 4 4 2
810.745 4 4 10
429.055 639.779 32 5
707.898 539.579 32 7
359.253 89.7944 16 4
389.387 398.648 16 8
247.296 590.272 8 3
613.441 132.315 8 9
408.638 2 2 1
253.421 2 2 11
660.291 545.711 16 4
320.394 378.39 16 8
996 565.49 4 2
239.765 4 4 10
1 326.843 1 0
596 999 1 12
740.607 816.566 16 4
343.421 117.604 16 8
788.328 271.459 8 3
172.069 672.813 8 9
2 628.353 2 1
2 612.548 2 11
134.754 268.496 8 3
880.884 257.526 8 9
4 338.843 4 2
82.5097 996 4 10
1 666.981 1 0
1 569.921 1 12
722.981 4 4 2
996 317.49 4 10
77.2548 2 2 1
952 2 2 11
776.734 829.339 16 4
728.782 362.89 16 8
351.233 55.2691 8 3
412.233 476.088 8 9
999 162.108 1 0
1 623.176 1 12
291.87 606.341 8 3
912.237 252.162 8 9
996 888 4 2
728 996 4 10
998 786.745 2 1
717.324 2 2 11
319.587 769.256 16 4
857.521 413.015 16 8
345.384 320.542 8 3
47.6332 649.879 8 9
530.981 4 4 2
4 474.039 4 10
461.324 2 2 1
2 990.343 2 11
358.735 1 1 0
999 900 1 12
755.335 546.908 16 4
869.884 442.531 16 8
308.899 129.842 8 3
308.349 790.462 8 9
610.981 4 4 2
4 538.039 4 10
48 998 2 1
2 307.529 2 11
656.485 999 1 0
999 953.799 1 12
802.83 264.701 8 3
313.059 145.292 8 9
996 485.49 4 2
874.745 4 4 10
948 2 2 1
998 855.029 2 11
838.745 1 1 0
724 999 1 12
996 740.118 4 2
760 996 4 10
919.633 266.35 8 3
558.21 542.149 8 9
958.627 998 2 1
397.324 998 2 11
577.194 354.679 8 3
638.71 205.907 8 9
658.981 4 4 2
996 605.49 4 10
1 117.823 1 0
86.5097 999 1 12
260.471 998 2 1
998 909.657 2 11
684.619 632.604 32 5
494.658 643.719 32 7
318.48 693.289 16 4
856.574 515.921 16 8
561.961 209.744 8 3
368.194 278.47 8 9
996 190.392 4 2
996 357.49 4 10
999 343.49 1 0
999 553.49 1 12
650.822 598.52 16 4
450.724 817.849 16 8
869.95 151.169 8 3
498.981 96.9848 8 9
4 244.215 4 2
996 365.49 4 10
529.373 998 2 1
2 404.382 2 11
1 609.72 1 0
1 120.652 1 12
385.493 190.117 8 3
845.576 752.039 8 9
996 429.49 4 2
4 236.215 4 10
998 860.686 2 1
998 197.019 2 11
628.453 589.823 8 3
455.17 841.433 8 9
981.172 999 1 0
94.5097 999 1 12
996 493.49 4 2
768 996 4 10
998 242.96 2 1
998 423.833 2 11
459.85 521.588 8 3
811.532 178.606 8 9
474.924 573.526 16 4
674.725 574.271 16 8
150.994 516.663 8 3
64 837.49 8 9
594.981 4 4 2
996 179.078 4 10
13.6569 998 2 1
408.638 998 2 11
195.765 1 1 0
394.495 999 1 12
726.553 655.962 16 4
740.187 575.095 16 8
4 754.981 4 2
602.981 4 4 10
370.016 32.9578 8 3
102.795 866.752 8 9
998 842.745 2 1
81.2548 2 2 11
884 999 1 0
1 334.843 1 12
248.668 790.611 8 3
638.333 188.911 8 9
996 613.49 4 2
4 762.981 4 10
998 184.735 2 1
998 48 2 11
512.402 999 1 0
1 876.887 1 12
397.111 481.315 8 3
718.796 806.551 8 9
327.765 4 4 2
482.981 4 4 10
338.488 394.157 8 3
590.108 345.234 8 9
323.785 996 4 2
758.863 4 4 10
2 887.029 2 1
2 168.735 2 11
736 999 1 0
961.456 999 1 12
653.698 353.06 8 3
903.015 589.49 8 9
377.706 4 4 2
112.569 4 4 10
2 344.5 2 1
765.49 2 2 11
207.765 1 1 0
28 1 1 12
315.507 669.474 8 3
279.674 165.509 8 9
4 466.039 4 2
231.765 4 4 10
481.775 998 2 1
753.206 2 2 11
451.033 597.106 16 4
498.775 751.803 16 8
373.371 179.673 8 3
862.886 255.513 8 9
784.485 999 1 0
999 138.51 1 12
522.981 4 4 2
996 445.49 4 10
2 172.735 2 1
540.353 2 2 11
696.389 800.178 8 3
628.13 99.1249 8 9
319.765 4 4 2
996 309.49 4 10
366.312 165.315 8 3
651.543 568.059 8 9
998 676.118 2 1
998 301.588 2 11
450.981 1 1 0
1 87.6812 1 12
996 90.5097 4 2
650.981 4 4 10
324.359 133.964 8 3
234.293 911.161 8 9
477.49 998 2 1
998 810.745 2 11
999 857.858 1 0
999 12.4853 1 12
108.395 851.764 8 3
799.992 835.258 8 9
4 682.981 4 2
996 437.49 4 10
998 627.147 2 1
2 355.411 2 11
920 999 1 0
836.745 1 1 12
194.069 122.261 8 3
319.307 820.412 8 9
4 690.981 4 2
642.981 4 4 10
896 996 4 2
474.981 4 4 10
998 728.804 2 1
2 920 2 11
866.745 1 1 0
1 240.215 1 12
772.7 716.782 8 3
809.862 250.329 8 9
338.981 996 4 2
311.765 4 4 10
85.2548 2 2 1
2 928 2 11
740.958 675.158 8 3
367.929 140.211 8 9
730.579 1 1 0
1 470.039 1 12
187.908 917.371 4 2
194.312 376.883 4 10
998 734.461 2 1
888 2 2 11
1 159.078 1 0
636 999 1 12
401.471 668.746 8 3
932.566 864.082 8 9
566.086 163.859 4 2
598.256 403.247 4 10
76.8528 998 2 1
72 998 2 11
852.321 987.571 4 2
171.166 747.741 4 10
187.765 1 1 0
999 964 1 12
377.966 291.139 8 3
391.428 681.202 8 9
2 351.411 2 1
2 789.49 2 11
805.49 64 8 3
395.517 286.895 8 9
48.6795 74.6068 4 2
431.816 602.647 4 10
998 99.8823 2 1
998 229.019 2 11
999 453.49 1 0
395.383 1 1 12
325.076 716.364 8 3
833.521 412.861 8 9
607.302 12.4286 4 2
523.718 519.303 4 10
129.137 2 2 1
998 80.9706 2 11
1 24 1 0
834.745 1 1 12
438.863 940 4 2
516.419 742.386 4 10
896.237 252.259 8 3
322.325 732.126 8 9
18.6906 146.314 4 2
987.571 481.169 4 10
2 479.696 2 1
998 745.775 2 11
999 313.49 1 0
1 670.981 1 12
367.94 485.306 8 3
945.906 729.401 8 9
810.621 74.8479 4 2
132 506.182 4 10
118.225 2 2 1
2 271.529 2 11
78.8941 868.935 16 4
866.679 485.558 16 8
205.339 133.618 8 3
861.614 122.369 8 9
175.279 1 1 0
26 1 1 12
314.359 980.149 4 2
12.4286 461.717 4 10
2 924 2 1
797.49 2 2 11
731.916 624.415 16 4
925.06 741.294 16 8
999 345.49 1 0
952 999 1 12
798.544 819.323 8 3
709.375 348.77 8 9
533.29 285.66 4 2
744 958.978 4 10
998 802.745 2 1
998 149.137 2 11
74.2382 649.506 4 2
987.571 353.169 4 10
772 999 1 0
999 731.632 1 12
348.353 998 2 1
122.225 2 2 11
710.688 587.498 16 4
468.494 683.961 16 8
768.079 732.1 8 3
832.655 517.883 8 9
457.19 419.392 4 2
596 989.072 4 10
900 999 1 0
634.981 1 1 12
223.489 583.013 8 3
732.37 597.787 8 9
998 499.147 2 1
880.402 2 2 11
449.436 221.427 4 2
323.785 988 4 10
2 230.558 2 1
2 793.49 2 11
882 999 1 0
654.981 1 1 12
573.771 220.538 8 3
338.114 707.091 8 9
964.109 591.572 4 2
498.981 41.0217 4 10
51.2579 67.0337 4 2
636 989.072 4 10
999 601.49 1 0
956.686 1 1 12
592.871 130.656 8 3
314.718 653.493 8 9
2 773.49 2 1
2 797.49 2 11
415.03 677.239 8 3
748.37 597.657 8 9
302.654 779.9 4 2
142.384 508.306 4 10
267.299 999 1 0
1 430.039 1 12
524.25 605.926 16 4
202.508 594.668 16 8
706.343 998 2 1
2 226.558 2 11
746.875 378.658 8 3
745.589 317.816 8 9
504.992 242.585 4 2
369.047 153.631 4 10
998 52 2 1
998 371.147 2 11
1 249.872 1 0
999 481.49 1 12
243.882 733.009 4 2
103.556 322.727 4 10
438.863 932 4 2
627.491 707.922 4 10
2 745.608 2 1
2 219.647 2 11
662 999 1 0
999 249.789 1 12
108.569 10.9282 4 2
251.34 925.152 4 10
668.353 2 2 1
801.49 2 2 11
999 815.431 1 0
43.3137 999 1 12
189.164 852.294 4 2
937.593 329.509 4 10
302.392 2 2 1
998 806.745 2 11
381.895 421.448 8 3
891.091 453.768 8 9
42.4264 1 1 0
912.485 999 1 12
928.07 765.105 8 3
769.832 748.004 8 9
975.556 67.1982 4 2
308.637 296.458 4 10
329.442 998 2 1
585.608 2 2 11
856.978 649.581 4 2
609.61 899.874 4 10
999 617.49 1 0
770.177 1 1 12
500.318 604.121 8 3
588.867 225.84 8 9
2 769.49 2 1
2 303.529 2 11
130.76 226.101 8 3
430.834 679.739 8 9
228.091 484.342 4 2
340.348 875.291 4 10
478.981 1 1 0
1 892.686 1 12
2 696.638 2 1
2 532.382 2 11
484.346 605.071 8 3
308.146 743.391 8 9
110.523 563.608 4 2
690.071 414.911 4 10
999 278.274 1 0
999 175.078 1 12
470.364 792.585 16 4
775.638 771.29 16 8
637.298 538.832 8 3
494.92 586.798 8 9
358.503 280.937 2 1
942.99 739.712 2 11
303.003 388.267 4 2
664.911 348.788 4 10
496.689 896.444 4 2
446.198 233.79 4 10
336.384 879.795 2 1
842.957 717.408 2 11
499.431 999 1 0
448.319 999 1 12
184.428 964.109 4 2
263.623 272.21 4 10
598.842 8.59259 2 1
620.081 709.88 2 11
999 678.946 1 0
636.981 1 1 12
744 913.022 4 2
533.842 870.469 4 10
738.837 310.439 2 1
444.661 938.457 2 11
999 545.289 1 0
734 999 1 12
802.731 236.58 4 2
201.089 718.047 4 10
987.778 240.675 2 1
864.455 33.0704 2 11
886.979 472.756 8 3
384.028 437.305 8 9
24.4444 322.727 4 2
755.207 830.235 4 10
1 800.319 1 0
514.402 999 1 12
109.48 652.959 2 1
795.545 62.9593 2 11
847.203 434.684 8 3
638.084 554.812 8 9
272.222 132.766 4 2
496.689 975.556 4 10
386.981 999 1 0
135.765 1 1 12
295.307 583.888 2 1
239.272 743.909 2 11
55.9308 877.105 4 2
324.341 11.2307 4 10
1 401.553 1 0
999 884 1 12
787.402 807.84 8 3
836.737 502.412 8 9
717.416 297.894 4 2
724.321 987.571 4 10
184.708 796.215 2 1
361.756 493.165 2 11
895.268 728.519 4 2
367.399 71.5283 4 10
684.247 413.469 2 1
482.262 557.09 2 11
999 489.49 1 0
458.495 1 1 12
753.238 9.68854 4 2
863.298 110.488 4 10
359.371 109.261 2 1
567.671 533.963 2 11
97.0538 999 1 0
1 846.745 1 12
934.379 852.22 4 2
708.51 491.007 4 10
359.171 490.113 2 1
446.573 226.7 2 11
885.172 1 1 0
1 758.981 1 12
501.717 890.222 4 2
988.769 608.913 4 10
439.33 993.786 2 1
16 630.353 2 11
764 999 1 0
74.4264 1 1 12
479.694 463.307 4 2
281.013 601.23 4 10
261.481 854.297 2 1
448.87 799.945 2 11
357.132 152.211 8 3
802.918 803.933 8 9
74.8479 842.621 4 2
130.915 493.938 4 10
999 864 1 0
833.456 999 1 12
870.771 757.262 2 1
544.862 288.14 2 11
763.492 709.087 4 2
463.74 833.034 4 10
987.515 1 1 0
1 986.828 1 12
236.689 791.327 4 2
432.238 187.865 4 10
217.137 986 2 1
466.977 427.269 2 11
414.177 999 1 0
999 882 1 12
518.404 11.2307 4 2
561.428 553.71 4 10
884.492 3.92202 2 1
78.28 653.941 2 11
462.937 864.026 8 3
374.395 450.081 8 9
469.738 768.593 8 3
753.147 393.378 8 9
414.754 254.611 4 2
951.321 858.648 4 10
128.027 867.371 2 1
778.203 753.474 2 11
1 144.451 1 0
131.966 1 1 12
116.349 319.655 4 2
820.1 869.085 4 10
60.1743 65.9828 2 1
314.412 970 2 11
999 433.49 1 0
918 999 1 12
988.769 314.067 4 2
784.524 282.841 4 10
991.528 972 2 1
333.269 292.564 2 11
243.765 1 1 0
1 298.843 1 12
344.377 379.28 8 3
740.029 332.818 8 9
507.716 594.673 4 2
358.09 45.4208 4 10
456.169 558.552 8 3
395.793 312.013 8 9
813.706 69.7016 2 1
412.981 466.116 2 11
715.144 613.519 4 2
362.756 51.9188 4 10
999 689.49 1 0
315.765 1 1 12
843.861 991.407 2 1
228.721 554.214 2 11
392.233 824.805 4 2
821.246 521.602 4 10
1 399.553 1 0
335.765 1 1 12
64 580.056 4 2
707.123 660.704 4 10
454.033 800.156 2 1
52.4028 79.3117 2 11
369.229 411.672 8 3
791.776 792.45 8 9
671.182 1 1 0
102.711 999 1 12
372.728 470.04 8 3
484.957 773.531 8 9
646.088 399.236 4 2
195.501 787.828 4 10
732.286 832.527 2 1
880.402 6 2 11
1 834.26 1 0
999 321.49 1 12
936 196.527 4 2
709.501 874.733 4 10
502.966 36.5365 2 1
314.933 323.514 2 11
140.278 131.023 4 2
24.4444 252.331 4 10
852.27 284.094 2 1
875.04 729.39 2 11
486.981 1 1 0
1 915.314 1 12
751.15 115.376 4 2
778.911 873.234 4 10
888.031 278.767 2 1
539.242 286.416 2 11
24 1 1 0
470.981 1 1 12
12 330.843 4 2
308.139 643.457 4 10
776.26 796.357 8 3
351.304 403.736 8 9
867.826 35.2233 2 1
993.786 784.906 2 11
1 545.637 1 0
999 501.976 1 12
196.341 11.2307 4 2
455.153 570.509 4 10
429.458 423.123 2 1
54.8889 131.651 2 11
166.831 987.571 4 2
747.121 403.755 4 10
1 422.039 1 0
1 625.176 1 12
695.291 341.178 8 3
598.288 331.483 8 9
621.385 728.789 4 2
235.568 405.263 4 10
403.647 278.682 2 1
994 855.029 2 11
999 71.3137 1 0
126.309 1 1 12
870.019 234.121 8 3
462.669 618.096 8 9
850.241 496.951 4 2
330.801 992.156 4 10
395.211 187.759 2 1
236.406 875.086 2 11
752 999 1 0
743.549 1 1 12
359.588 69.7972 4 2
650.916 619.951 4 10
214.649 129.965 2 1
9.3453 571.196 2 11
912.435 761.705 8 3
502.428 775.524 8 9
626.981 86.9783 4 2
964.144 255.882 4 10
645.575 533.22 2 1
227.007 853.003 2 11
205.765 1 1 0
794.662 1 1 12
291.471 163.312 4 2
904.291 261.155 4 10
188.514 794.987 2 1
60.8051 614.611 2 11
381.706 1 1 0
999 280.274 1 12
352.66 616.914 4 2
674.174 211.924 4 10
703.452 874.307 2 1
722.241 573.695 2 11
999 681.49 1 0
235.765 1 1 12
821.865 410.012 4 2
389.806 623.424 4 10
9.65685 994 2 1
297.265 292.141 2 11
1 706.981 1 0
352.25 1 1 12
486.88 107.937 4 2
989.072 892 4 10
172.571 218.269 4 2
900.831 734.268 4 10
6.2143 265.368 2 1
163.727 744.388 2 11
456.495 1 1 0
916 999 1 12
473.351 825.849 8 3
483.027 733.693 8 9
903.582 269.731 4 2
431.171 179.936 4 10
555.728 551.836 2 1
59.6921 872.431 2 11
318.128 999 1 0
814.745 1 1 12
991.827 83.6845 4 2
858.763 238.281 4 10
501.733 594.222 2 1
991.528 561.49 2 11
1 462.039 1 0
999 892 1 12
248.265 223.013 4 2
356.345 31.5477 4 10
224.746 553.77 2 1
991.571 241.944 2 11
95.1428 19.8506 4 2
986.88 77.3967 4 10
365.522 396.108 8 3
151.957 595.842 8 9
238 766.852 2 1
912.764 591.716 2 11
804.319 1 1 0
999 697.49 1 12
166.951 590.258 8 3
729.938 795.068 8 9
379.681 683.649 4 2
284.326 868.207 4 10
57.6832 128.789 2 1
982.054 62.9593 2 11
880 999 1 0
999 912.485 1 12
728.729 414.882 4 2
799.595 214.463 4 10
503.672 791.475 8 3
471.459 707.777 8 9
481.577 110.742 2 1
304.283 752.615 2 11
203.765 1 1 0
999 561.49 1 12
868.364 390.465 4 2
336.779 719.016 4 10
694.689 573.068 4 2
741.686 18.6906 4 10
126 528.666 2 1
180.488 684.17 2 11
1 222.475 1 0
392.495 999 1 12
601.885 342.931 4 2
280.079 722.425 4 10
861.33 713.168 2 1
956.511 794.745 2 11
714.495 1 1 0
582.78 1 1 12
384.327 823.582 4 2
196.786 507.648 4 10
266.417 128.636 2 1
753.109 403.378 2 11
955.799 999 1 0
999 838.059 1 12
188.595 575.112 8 3
560.217 565.649 8 9
318.204 533.715 4 2
814.573 81.8036 4 10
144.076 264.874 2 1
776.817 847.338 2 11
131.379 676.094 4 2
25.2954 33.7086 4 10
757.032 402.593 2 1
736.849 557.408 2 11
351.182 999 1 0
1 699.466 1 12
97.2161 856.127 4 2
975.556 177.821 4 10
569.064 578.98 8 3
164.289 606.035 8 9
912.857 587.717 2 1
254.235 404.894 2 11
532.201 999 1 0
342.981 999 1 12
253.887 876.204 4 2
484.118 932 4 10
302.97 702.423 2 1
253.048 545.713 2 11
332.27 999 1 0
999 201.706 1 12
331.136 672.897 8 3
185.932 559.335 8 9
545.746 716.26 4 2
581.501 874.733 4 10
226.192 783.866 4 2
758.331 566.682 4 10
297.572 127.552 2 1
727.381 420.945 2 11
1 276.215 1 0
546.981 1 1 12
206.209 279.886 4 2
359.494 129.507 4 10
116.059 120.944 2 1
302.632 993.786 2 11
999 609.49 1 0
999 86.5097 1 12
372.201 267.159 4 2
48.4924 936 4 10
841.607 404.604 2 1
203.656 978.521 2 11
543.182 1 1 0
1 181.019 1 12
429.292 817.819 4 2
653.279 783.932 4 10
782.165 713.553 2 1
450.524 227.328 2 11
377.605 307.134 8 3
455.831 704.348 8 9
758.863 68 4 2
654.064 399.858 4 10
999 323.49 1 0
824 999 1 12
426.022 425.17 2 1
853.001 758.738 2 11
342.426 691.683 8 3
271.552 593.848 8 9
130.915 390.139 4 2
772.614 536.836 4 10
952.125 589.49 2 1
717.046 291.906 2 11
412.177 999 1 0
644 999 1 12
353.543 134.853 4 2
161.666 880.405 4 10
181.347 568.222 2 1
717.65 377.035 2 11
972 999 1 0
665.525 1 1 12
755.477 587.988 4 2
812.158 868.127 4 10
944.687 854.177 4 2
746.292 103.556 4 10
191.535 792.365 2 1
781.358 287.937 2 11
1 678.981 1 0
999 751.431 1 12
318.933 123.261 4 2
618.081 964.109 4 10
61.7945 875.834 2 1
816.485 76.1165 2 11
999 637.49 1 0
673.182 1 1 12
132.276 214.197 4 2
460.535 230.94 4 10
871.162 385.158 2 1
825.182 872.276 2 11
508.409 806.758 8 3
553.095 579.976 8 9
526.981 1 1 0
534.201 999 1 12
852.948 248.788 4 2
868.045 655.971 4 10
12.2222 78.8539 2 1
129.385 526.535 2 11
339.607 364.008 8 3
580.034 283.409 8 9
673.531 528.858 4 2
585.714 844.983 4 10
999 106.51 1 0
703.515 999 1 12
32.944 9.92528 2 1
196.47 112.554 2 11
236.083 484.696 4 2
533.028 341.57 4 10
323.765 1 1 0
166.51 999 1 12
434.008 485.442 2 1
873.131 198.768 2 11
799.375 774.838 8 3
745.822 793.139 8 9
195.155 712.682 4 2
418.528 887.387 4 10
814.716 109.612 2 1
933.895 756.977 2 11
844 999 1 0
1 542.039 1 12
167.924 885.388 4 2
316.633 895.13 4 10
762.703 400.636 4 2
519.33 239.735 4 10
104.523 563.634 2 1
198.129 530.644 2 11
299.563 1 1 0
167.765 1 1 12
467.115 840.287 4 2
69.2125 848.299 4 10
231.16 787.23 2 1
791.117 780.478 2 11
999 325.49 1 0
999 774.059 1 12
409.806 991.827 4 2
987.571 697.812 4 10
881.457 57.4521 2 1
835.743 716.23 2 11
1 348.583 1 0
999 449.49 1 12
886.913 244.706 4 2
64 304.021 4 10
204.142 292.277 2 1
64.7961 614.343 2 11
672.153 345.388 4 2
215.765 41.0217 4 10
588.437 1 1 0
108.569 1 1 12
966.01 334.098 2 1
632.824 598.817 2 11
860.854 102.87 4 2
775.501 809.377 4 10
1 358.24 1 0
1 434.039 1 12
357.999 494.537 2 1
110.676 627.218 2 11
759.387 801.623 8 3
460.676 719.597 8 9
879.818 691.799 4 2
423.871 499.402 4 10
806.502 813.268 2 1
8.59259 470.178 2 11
999 361.49 1 0
1 432.039 1 12
19.8506 779.602 4 2
279.325 860.186 4 10
187.516 363.94 4 2
518.944 670.293 4 10
775.203 877.951 2 1
758.023 572.675 2 11
526.544 999 1 0
999 224.333 1 12
464.066 366.629 4 2
869.085 641.39 4 10
463.133 776.101 2 1
426.361 605.145 2 11
1 179.019 1 0
1 216.818 1 12
127.98 683.336 4 2
10.9282 678.981 4 10
815.815 524.154 2 1
649.271 210.599 2 11
726.981 1 1 0
606.981 1 1 12
426.292 975.556 4 2
864.717 534.188 4 10
119.177 314.363 2 1
858.505 246.524 2 11
760.702 716.585 4 2
741.264 109.778 4 10
307.765 1 1 0
518.981 1 1 12
106.972 628.729 2 1
744.222 919.018 2 11
378.868 480.349 4 2
790.713 137.508 4 10
999 961.456 1 0
372.049 1 1 12
867.77 114.488 2 1
974.267 275.133 2 11
718.479 258.633 4 2
369.703 44.9537 4 10
712.495 1 1 0
999 597.49 1 12
478.868 457.364 2 1
716 991.528 2 11
670.804 599.36 4 2
235.894 732.566 4 10
426.414 886.039 4 2
529.263 477.513 4 10
148.25 507.047 2 1
967.558 250.948 2 11
1 175.563 1 0
1 668.981 1 12
855.261 174.688 4 2
78.1318 130.504 4 10
828.895 508.616 2 1
509.124 768.097 2 11
999 381.49 1 0
806.319 1 1 12
516.091 252.098 4 2
447.081 130.915 4 10
328.493 394.465 2 1
335.805 634.628 2 11
999 705.49 1 0
999 543.289 1 12
940 54.6274 4 2
317.018 354.329 4 10
861.307 653.735 2 1
557.604 841.764 2 11
902.706 456.782 4 2
380.162 279.341 4 10
223.765 1 1 0
999 379.49 1 12
869.29 110.788 2 1
686.933 796.926 2 11
803.766 791.963 4 2
382.298 862.853 4 10
1 890.686 1 0
624 999 1 12
122.104 684.546 2 1
308.257 678.473 2 11
861.695 159.878 4 2
588.831 515.655 4 10
295.765 1 1 0
868.745 1 1 12
422.517 420.833 2 1
106.784 327.784 2 11
104.486 451.405 4 2
310.887 802.191 4 10
398.547 298.506 4 2
895.13 176.857 4 10
493.018 734.099 2 1
318.761 984.226 2 11
638.981 1 1 0
999 550.946 1 12
316.317 571.38 4 2
898.23 463.413 4 10
448.247 936.685 2 1
211.779 36.5365 2 11
1 397.553 1 0
999 914.485 1 12
609.664 409.008 4 2
182.328 124.744 4 10
668.229 593.941 2 1
647.448 558.322 2 11
999 421.005 1 0
1 522.039 1 12
143.022 381.948 4 2
988.769 442.067 4 10
485.673 463.799 2 1
934.202 792.745 2 11
247.388 918.196 4 2
701.955 504.073 4 10
1 686.981 1 0
1 362.039 1 12
862.378 245.526 2 1
994 9.65685 2 11
527.243 625.701 4 2
129.531 741.138 4 10
999 373.976 1 0
999 377.49 1 12
319.632 325.663 2 1
510.649 249.572 2 11
747.142 905.664 4 2
895.514 598.857 4 10
732 999 1 0
397.383 1 1 12
504.848 982.182 2 1
80.1245 442.039 2 11
553.187 713.323 4 2
670.52 179.344 4 10
418.981 1 1 0
999 441.49 1 12
598.034 417.863 4 2
24.4444 561.35 4 10
236.202 411.23 2 1
305.306 799.988 2 11
550.773 218.914 4 2
349.563 805.846 4 10
161.151 989.505 2 1
869.451 503.344 2 11
999 629.976 1 0
411.466 1 1 12
266.493 521.173 4 2
980.776 313.752 4 10
708.808 485.014 2 1
187.842 844.242 2 11
240.451 999 1 0
701.515 999 1 12
258.917 593.264 4 2
766.06 246.325 4 10
187.956 250.371 2 1
916.549 590.422 2 11
999 725.976 1 0
786.485 999 1 12
616.566 588.179 4 2
146.966 313.026 4 10
738.742 553.884 2 1
256.018 408.972 2 11
745.746 686.161 4 2
36.0039 646.92 4 10
999 282.274 1 0
390.495 999 1 12
232.285 480.051 2 1
855.847 243.535 2 11
172.991 579.889 4 2
761.763 756.886 4 10
999 305.49 1 0
890.828 1 1 12
106.297 445.684 2 1
851.482 280.173 2 11
815.373 775.057 8 3
470.519 752.612 8 9
709.089 445.054 4 2
287.216 858.866 4 10
999 880 1 0
305.765 1 1 12
757.973 749.841 4 2
313.604 527.17 4 10
595.132 423.115 2 1
423.225 891.121 2 11
492.805 803.219 8 3
842.763 487.565 8 9
554.283 135.283 4 2
83.8059 61.6286 4 10
237.154 415.115 2 1
118.891 341.392 2 11
816.745 1 1 0
826 999 1 12
395.169 120.575 4 2
179.936 374.229 4 10
743.778 952.982 2 1
603.613 415.656 2 11
474.662 999 1 0
999 581.49 1 12
955.913 246.929 4 2
131.873 382.196 4 10
204.728 285.7 2 1
556.128 556.523 2 11
598.981 1 1 0
646.981 1 1 12
785.088 131.82 4 2
857.02 166.371 4 10
493.149 891.6 2 1
460.794 511.632 2 11
354.396 163.895 4 2
235.16 116.879 4 10
1 6.82843 1 0
1 95.196 1 12
757.905 711.276 2 1
918.545 244.402 2 11
343.089 159.878 8 3
847.311 450.684 8 9
737.61 899.874 4 2
468.163 607.428 4 10
999 669.49 1 0
1 482.524 1 12
594.732 516.742 2 1
975.99 317.371 2 11
678.487 597.13 4 2
470.456 377.696 4 10
999 353.49 1 0
104.711 999 1 12
934.202 796.745 2 1
87.2356 444.264 2 11
611.402 120.49 4 2
715.927 251.051 4 10
498.629 813.711 4 2
686.472 596.652 4 10
30 140.451 2 1
186.622 128.935 2 11
1 395.553 1 0
662.981 1 1 12
617.592 900.411 4 2
215.765 86.9783 4 10
963.698 249.898 2 1
166.485 876.83 2 11
345.525 999 1 0
413.466 1 1 12
748.405 366.756 4 2
743.992 530.436 4 10
878.905 155.618 2 1
398.798 659.11 2 11
999 83.799 1 0
999 268.274 1 12
763.423 988.769 4 2
888.279 349.048 4 10
541.426 290.187 2 1
488.772 102.242 2 11
198.309 999 1 0
510.981 1 1 12
625.341 822.964 4 2
235.902 471.986 4 10
991.407 617.629 2 1
945.111 187.878 2 11
545.452 594.68 8 3
328.519 149.414 8 9
534.356 293.589 4 2
421.264 981.778 4 10
999 94.5097 1 0
999 503.976 1 12
302.817 382.27 2 1
466.019 423.386 2 11
64 796.998 4 2
319.873 855.283 4 10
628 999 1 0
1 524.039 1 12
236.451 988 4 2
350.251 391.782 4 10
41.8423 4.08671 2 1
543.499 604.487 2 11
1 454.039 1 0
588 999 1 12
868.673 104.563 4 2
650.259 853.385 4 10
369.629 690.204 8 3
846.816 472.087 8 9
109.539 673.49 2 1
563.273 352.21 2 11
12.8889 140.806 4 2
814.422 664.137 4 10
870.745 1 1 0
999 569.49 1 12
945.839 6.2143 2 1
127.724 395.22 2 11
561.636 588.405 4 2
811.436 696.986 4 10
384.069 1 1 0
964 999 1 12
712.978 850.53 2 1
179.443 680.309 2 11
518.447 342.61 4 2
235.109 586.006 4 10
333.765 1 1 0
146.024 999 1 12
472.675 719.715 4 2
372.07 438.308 4 10
631.292 703.279 2 1
226.059 859.322 2 11
895.514 580.124 4 2
918.352 772.145 4 10
120.225 5.4641 2 1
807.275 169.558 2 11
999 505.976 1 0
331.765 1 1 12
343.621 141.603 8 3
445.83 691.859 8 9
207.998 193.626 8 3
746.87 643.186 8 9
383.829 690.489 4 2
711.559 498.403 4 10
990.655 852.098 2 1
566.389 712.42 2 11
999 142.309 1 0
999 151.966 1 12
131.255 806.205 4 2
397.696 622.1 4 10
875.018 195.242 2 1
86.7306 90.2651 2 11
999 473.49 1 0
334.27 999 1 12
455.23 532.663 4 2
807.981 230.544 4 10
549.225 132.055 2 1
772.139 991.407 2 11
810.61 657.103 4 2
143.552 604.406 4 10
658.485 999 1 0
590.981 1 1 12
524.41 488.307 2 1
30 779.549 2 11
873.621 908.929 4 2
490.74 815.04 4 10
618.981 1 1 0
999 748.603 1 12
990.008 565.19 2 1
4.08671 87.0971 2 11
367.833 314.1 4 2
317.687 847.588 4 10
416.981 1 1 0
999 920 1 12
134.343 206.469 4 2
473.648 613.252 4 10
374.453 99.4359 2 1
647.227 184.341 2 11
263.765 1 1 0
1 484.524 1 12
350.53 368.977 4 2
820.064 657.3 4 10
683.806 793.733 2 1
550.74 854.631 2 11
164.209 804.188 4 2
12 244.215 4 10
34 870.059 2 1
708.105 240.377 2 11
999 298.274 1 0
788.485 999 1 12
720.636 344.624 4 2
604.422 124.399 4 10
981.514 74.7134 2 1
250.982 217.592 2 11
422.177 999 1 0
999 507.976 1 12
755.546 370.362 4 2
219.521 196.974 4 10
238.17 920.379 2 1
52.2432 931.317 2 11
138.51 999 1 0
144.024 999 1 12
736.802 785.224 4 2
759.453 741.979 4 10
21.2156 327.784 2 1
966.171 874.478 2 11
470.839 599.889 4 2
932 54.6274 4 10
452.981 1 1 0
142.024 999 1 12
546.791 535.133 2 1
349.586 167.48 2 11
324.046 661.042 4 2
313.677 809.815 4 10
999 96.5097 1 0
1 704.981 1 12
428.238 354.856 4 2
104.486 432.672 4 10
652.976 393.957 2 1
872 919.875 2 11
754 999 1 0
999 709.49 1 12
661.564 857.641 4 2
421.534 687.324 4 10
275.692 156.335 2 1
333.046 682.713 2 11
894.298 343.778 4 2
728.52 336.215 4 10
935.29 772.023 2 1
806.463 870.018 2 11
606 999 1 0
537.525 1 1 12
366.654 21.4383 4 2
491.431 989.072 4 10
84.9493 628.702 2 1
30 870.059 2 11
999 635.49 1 0
194.51 999 1 12
255.692 271.163 4 2
465.181 848.05 4 10
266.417 937.041 2 1
871.891 636.086 2 11
999 413.49 1 0
892 999 1 12
438.89 143.022 4 2
539.712 836.428 4 10
367.822 442.545 2 1
934.545 846.222 2 11
130.761 605.911 4 2
577.095 473.502 4 10
999 451.49 1 0
818.745 1 1 12
477.3 715.893 2 1
721.441 253.415 2 11
318.414 832.379 4 2
347.709 66.7401 4 10
1 529.553 1 0
1 748.437 1 12
555.449 594.943 2 1
241.227 922.959 2 11
873.78 299.591 4 2
413.751 689.171 4 10
790.485 999 1 0
999 599.49 1 12
381.854 201.552 4 2
799.357 276.187 4 10
744.617 13.4549 2 1
332.854 599.292 2 11
139.258 677.478 4 2
938.869 805.593 4 10
230.641 401.84 2 1
184.931 252.988 2 11
1 701.466 1 0
1 649.182 1 12
907.456 750.787 4 2
183.947 326.397 4 10
491.931 104.697 2 1
279.854 584.331 2 11
999 707.49 1 0
1 527.553 1 12
219.065 188.987 4 2
596.491 319.618 4 10
378.447 99.666 2 1
590.127 990.3 2 11
696 999 1 0
756 999 1 12
469.934 727.231 4 2
758.24 382.512 4 10
281.904 607.163 2 1
995.156 731.617 2 11
1 750.437 1 0
999 43.3137 1 12
641.499 788.889 4 2
646.404 11.2307 4 10
705.16 440.519 2 1
26.6356 142.614 2 11
246.012 806.557 4 2
857.934 467.571 4 10
1 490.039 1 0
1 742.78 1 12
57.1416 945.111 2 1
498.981 47.8755 2 11
582.374 365.503 4 2
370.097 423.641 4 10
1 488.039 1 0
524.544 999 1 12
19.6293 41.5869 4 2
684.32 142.838 4 10
443.471 139.148 2 1
427.128 891.997 2 11
1 738.981 1 0
488.981 1 1 12
452.128 869.239 4 2
765.142 393.016 4 10
598.731 516.675 2 1
460.283 414.251 2 11
128.018 258.565 4 2
580.535 582.505 4 10
5.61535 771.779 2 1
902 179.078 2 11
999 918 1 0
578.981 1 1 12
536.211 843.621 4 2
586.565 293.476 4 10
714.827 846.983 2 1
236.663 465.174 2 11
227.765 1 1 0
535.525 1 1 12
178.166 585.99 4 2
432.5 131.955 4 10
960.037 251.508 2 1
966.589 338.055 2 11
508.981 1 1 0
706.981 1 1 12
538.008 851.417 4 2
746.537 655.182 4 10
193.064 371.014 2 1
596.498 412.063 2 11
870.072 139.17 4 2
694.053 131.931 4 10
506.981 1 1 0
256.25 1 1 12
892.371 575.013 2 1
579.785 843.712 2 11
189.643 925.18 4 2
255.568 260.011 4 10
710.495 1 1 0
261.765 1 1 12
243.074 422.426 4 2
643.281 347.103 4 10
808.507 795.64 2 1
787.056 228.295 2 11
225.765 1 1 0
158.51 999 1 12
27.0472 44.5827 4 2
905.144 743.128 4 10
135.524 740.847 2 1
452.765 796.362 2 11
61.2795 883.055 4 2
330.803 752.697 4 10
104.186 129.505 2 1
717.701 381.035 2 11
999 415.49 1 0
626 999 1 12
757.228 763.476 4 2
128.786 156.732 4 10
466.392 232.244 2 1
763.953 721.628 2 11
1 450.039 1 0
1 213.019 1 12
135.151 280.489 4 2
463.079 731.354 4 10
979.489 794.745 2 1
484.756 676.245 2 11
999 469.49 1 0
169.765 1 1 12
357.212 318.52 4 2
166.624 509.539 4 10
242.021 738.713 2 1
875.689 9.92528 2 11
11.2307 422.616 4 2
478.647 365.589 4 10
1 452.039 1 0
999 102.711 1 12
314.412 902 2 1
477.829 700.068 2 11
508.347 104.486 4 2
823.059 274.065 4 10
354.981 999 1 0
999 471.49 1 12
588.603 509.659 2 1
220.032 855.187 2 11
351.226 361.008 4 2
67.1982 975.556 4 10
490.981 1 1 0
614.981 1 1 12
715.528 338.467 4 2
681.783 135.251 4 10
103.072 108.554 2 1
354.235 72.5079 2 11
465.089 664.253 4 2
109.778 773.264 4 10
447.473 873.024 2 1
223.31 213.484 2 11
20.6863 999 1 0
999 240.132 1 12
755.345 629.615 8 3
138.972 195.398 8 9
331.791 744.758 4 2
64 271.037 4 10
989.505 358.849 2 1
215.542 80.9824 2 11
18.6863 999 1 0
698 999 1 12
841.06 424.375 4 2
364.993 63.8987 4 10
6 837.088 2 1
951.077 720.842 2 11
999 417.49 1 0
999 671.49 1 12
488.824 784.891 4 2
141.581 307.11 4 10
492.256 463.282 2 1
196.056 721.313 2 11
999 266.274 1 0
258.25 1 1 12
847.664 172.18 4 2
483.848 591.425 4 10
869.193 904.88 2 1
714.882 437.18 2 11
613.616 112.802 4 2
138.888 808.598 4 10
16.6863 999 1 0
835.456 999 1 12
355.513 394.665 2 1
782.553 788.585 2 11
865.683 465.583 4 2
707.231 809.75 4 10
616.981 1 1 0
999 633.49 1 12
441.187 673.673 4 2
132.999 814.012 4 10
327.694 599.569 2 1
936 20.5109 2 11
171.765 1 1 0
382.504 446.175 1 12
931.477 268.278 4 2
835.946 430.527 4 10
966.341 586.003 2 1
700.305 662.77 2 11
374.097 430.569 4 2
103.556 778.292 4 10
277.276 865.825 2 1
780.428 265.328 2 11
16 640.476 1 0
139.724 226.901 1 12
619.7 828.636 4 2
866.23 96.9449 4 10
991.407 433.351 2 1
316.576 973.364 2 11
327.502 707.697 1 0
478.84 111.972 1 12
754.151 652.725 4 2
642.321 780.931 4 10
812.983 105.858 1 0
740.86 537.994 1 12
470.392 814.22 4 2
577.318 458.886 4 10
699.514 129.446 2 1
546.54 129.09 2 11
257.856 193.62 4 2
964.144 292.666 4 10
384.965 829.548 2 1
394.491 627.172 2 11
875.797 694.772 1 0
841.158 417.625 1 12
403.502 680.572 4 2
479.062 761.039 4 10
517.975 521.042 2 1
747.441 691.917 2 11
3 4.82843 1 0
928.281 57.9696 1 12
193.903 917.619 2 1
991.528 689.49 2 11
997.192 706.346 1 0
366.743 445.344 1 12
457.637 667.164 4 2
917.87 719.029 4 10
434.172 137.717 2 1
98 562.607 2 11
945.214 302.399 4 2
722.07 603.943 4 10
577.456 997 1 0
526.757 233.617 1 12
650.941 388.442 2 1
902.019 748.25 2 11
810.584 238.109 4 2
755.098 362.375 4 10
169.295 222.046 1 0
899.793 451.472 1 12
65.1823 890.038 4 2
446.953 577.527 4 10
215.765 47.8755 2 1
425.63 182.238 2 11
541.527 718.944 1 0
893.879 172.016 1 12
534.887 588.989 4 2
802.946 207.198 4 10
646.727 879.001 2 1
501.746 978.784 2 11
570.212 469.425 4 2
964.109 459.409 4 10
379.338 458.774 2 1
551.284 570.141 2 11
570.986 162.863 1 0
847.405 650.561 1 12
421.905 349.968 4 2
901.7 756.343 4 10
8.59259 758.842 2 1
839.274 722.63 2 11
718.97 991.107 1 0
446.242 801.391 1 12
972 991.528 2 1
506.614 611.89 2 11
464.126 426.335 1 0
879.919 54.8763 1 12
362.382 421.527 4 2
744.937 663.837 4 10
805.244 826.747 2 1
970 860.686 2 11
702.402 323.089 4 2
297.281 785.826 4 10
629.826 598.718 1 0
181.989 909.784 1 12
488.847 594.743 2 1
342.108 716.259 2 11
608.281 338.126 4 2
817.077 90.5582 4 10
713.681 877.476 1 0
478.636 713.207 1 12
490.494 536.82 2 1
86.6486 991.407 2 11
478.359 814.944 4 2
523.247 336.211 4 10
755.144 997.192 1 0
839.91 512.558 1 12
137.314 498.739 4 2
751.196 328.425 4 10
953.62 252.474 2 1
529.675 676.825 2 11
196.88 578.626 1 0
813.658 672.532 1 12
679.966 343.671 4 2
484.1 820.515 4 10
499.248 240.851 2 1
872.494 507.52 2 11
185.888 318.636 4 2
966.67 300.257 4 10
377.199 274.123 2 1
720.383 610.594 2 11
745.792 398.565 1 0
426.97 421.447 1 12
131.21 733.317 4 2
869.919 964.109 4 10
173.129 212.295 2 1
889.134 443.961 2 11
15.4072 44.2652 1 0
880.787 60.3763 1 12
73.1111 312.671 2 1
121.519 311.12 2 11
987.515 3 1 0
188.215 505.65 1 12
66.6856 652.144 4 2
521.287 476.892 4 10
751.814 774.186 8 3
120.021 249.618 8 9
358.993 63.8268 2 1
452.394 615.054 2 11
497.975 983.451 4 2
150.972 195.437 4 10
778.21 868.284 1 0
113.607 871.613 1 12
682.212 592.427 2 1
61.0511 650.082 2 11
807.251 783.891 4 2
449.296 527.298 4 10
719.638 293.415 1 0
789.553 64 1 12
751.475 336.42 4 2
628.926 212.855 4 10
656.221 852.709 2 1
864.705 711.02 2 11
3.10715 847.665 1 0
178.848 4.90733 1 12
810.621 53.1521 4 2
366.097 430.569 4 10
103.731 133.479 2 1
793.751 132.334 2 11
447.617 535.12 4 2
407.594 487.155 4 10
174.73 574.147 2 1
46.5446 627.931 2 11
845.857 425.785 1 0
202.528 294.806 1 12
76.8528 994 2 1
489.015 533.103 2 11
43.6953 75.0043 1 0
745.78 634.252 1 12
948.742 866.221 4 2
925.692 720.705 4 10
715.993 502.445 2 1
260.106 263.937 2 11
441.665 235.901 1 0
151.425 315.288 1 12
756.624 313.102 4 2
759.635 783.286 4 10
855.728 160.512 2 1
89.5061 85.9065 2 11
330.001 652.499 4 2
428.368 691.483 4 10
112.863 625.164 1 0
577.467 364.542 1 12
617.815 958.115 2 1
641.873 990.3 2 11
658.118 656.97 4 2
696.588 328.584 4 10
997 83.799 1 0
644.705 352.703 1 12
633.107 180.385 2 1
105.84 559.857 2 11
361.815 176.44 4 2
876.017 467.872 4 10
872.979 201.765 1 0
814.068 66.7236 1 12
300.921 626.057 4 2
470.077 735.23 4 10
73.1111 788.349 2 1
580.407 452.768 2 11
236.948 899.459 4 2
770.521 398.937 4 10
298.791 738.164 2 1
875.488 966.341 2 11
900.459 598.12 1 0
839.917 419.193 1 12
161.367 506.647 2 1
489.07 460.864 2 11
711.671 812.049 1 0
439.815 147.936 1 12
386.727 299.339 4 2
854.166 98.4808 4 10
994.385 804.457 2 1
492.57 577.078 2 11
186.641 841.492 1 0
47.5913 640.879 1 12
696.464 812.178 4 2
355.855 326.404 4 10
987.778 735.089 2 1
19.6 255.871 2 11
505.172 818.313 4 2
727.142 249.237 4 10
223.575 210.495 1 0
275.333 857.176 1 12
526.262 484.761 2 1
930.714 331.702 2 11
656.941 664.883 4 2
606.69 152.409 4 10
262.54 995.704 1 0
866.684 159.556 1 12
871.308 424.587 2 1
191.61 231.872 2 11
453.824 546.783 4 2
333.704 736.99 4 10
912.07 752.713 1 0
872 924.642 1 12
36.728 654.887 4 2
72.2265 981.778 4 10
842.458 742.537 2 1
751.718 658.209 2 11
235.765 10.9282 4 2
479.558 11.2307 4 10
527.143 324.829 2 1
226.87 400.505 2 11
245.891 782.05 1 0
709.148 482.034 1 12
707.058 794.685 4 2
814.573 46.1964 4 10
68.6831 793.247 2 1
361.744 16.8543 2 11
432.444 422.833 1 0
206.786 204.186 1 12
846.875 281.46 2 1
513.458 107.629 2 11
997 421.005 1 0
353.906 281.672 1 12
760.383 813.582 4 2
303.098 940 4 10
137.578 604.972 2 1
236.887 893.459 2 11
318.484 155.995 4 2
323.416 749.626 4 10
316.693 349.34 1 0
669.485 213.66 1 12
991.528 489.49 2 1
629.695 178.297 2 11
990.311 184.767 4 2
609.014 585.539 4 10
4.29629 950.069 1 0
711.67 879.237 1 12
674.868 556.271 2 1
758.985 245.493 2 11
733.212 342.694 4 2
243.714 903.728 4 10
508.464 599.617 1 0
997 12.4853 1 12
639.632 767.975 2 1
342.657 720.221 2 11
971.969 306.251 4 2
758.694 641.139 4 10
358.943 124.537 1 0
826.946 406.716 1 12
213.69 183.062 4 2
707.685 336.889 4 10
519.24 245.734 2 1
419.584 355.501 2 11
824.756 767.576 4 2
835.834 438.526 4 10
337.411 295.653 2 1
923.978 774.23 2 11
123.162 4.85008 1 0
304.047 944.909 1 12
997 501.976 1 0
857.564 262.771 1 12
594.246 314.054 2 1
177.953 576.516 2 11
137.635 300.151 4 2
156.924 807.495 4 10
329.974 397.074 1 0
643.99 195.911 1 12
484.118 940 4 2
16.0305 772.573 4 10
692.213 578.533 2 1
831.418 434.464 2 11
355.638 375.134 4 2
476.12 593.49 4 10
212.207 280.061 2 1
450.464 566.765 2 11
232.694 581.628 1 0
779.61 788.004 1 12
861.775 134.368 4 2
620.241 581.073 4 10
300.937 876.115 2 1
6.55975 83.9532 2 11
927.269 56.2447 1 0
498.908 595.232 1 12
608.26 144.565 4 2
464.955 741.98 4 10
328.964 817.813 2 1
21.8698 773.952 2 11
233.545 409.836 1 0
545.767 836.293 1 12
61.0071 654.082 2 1
54 994.536 2 11
295.931 619.804 4 2
77.9508 987.366 4 10
345.525 997 1 0
139.473 607.298 1 12
794.328 279.459 2 1
587.193 354.799 2 11
303.098 932 4 2
357.709 415.033 4 10
386.206 199.088 1 0
760.995 984.398 1 12
527.12 8.59259 2 1
332.866 781.408 2 11
583.673 271.974 4 2
336.516 729.501 4 10
196.932 512.646 1 0
315.894 852.255 1 12
668.3 664.693 4 2
353.683 171.863 4 10
380.103 462.7 2 1
447.13 835.487 2 11
149.089 809.111 4 2
125.225 238.806 4 10
36.4585 8.01524 2 1
357.289 37.473 2 11
852 993 1 0
480.758 595.356 1 12
943.694 294.545 4 2
756.986 704.431 4 10
646.359 785.369 2 1
30.4751 71.9539 2 11
345.537 62.2368 1 0
124.745 3.62811 1 12
616 913.022 4 2
693.229 837.98 4 10
108.326 634.139 2 1
356.155 390.717 2 11
750.566 588.929 1 0
469.28 666.979 1 12
885.48 354.355 2 1
588.295 152.149 2 11
135.323 292.492 4 2
299.068 160.806 4 10
606.885 342.927 1 0
309.624 983.462 1 12
54.3532 934.715 2 1
418.266 361.23 2 11
627.566 577.856 4 2
845.781 245.234 4 10
2.42213 544.23 1 0
256.549 255.109 1 12
388.559 279.712 2 1
524.424 342.094 2 11
769.774 636.531 8 3
202.559 178.578 8 9
305.646 154.729 4 2
956.307 294.274 4 10
562.804 534.41 1 0
738.377 798.196 1 12
884.801 695.14 2 1
838.985 478.306 2 11
626.733 205.162 4 2
547.343 703.58 4 10
751.626 901.678 2 1
522.625 511.216 2 11
997.268 344.49 1 0
126.698 243.584 1 12
270.869 173.662 4 2
324.413 520.481 4 10
9.61224 771.621 2 1
747.256 109.478 2 11
814.988 72.4136 1 0
127.326 803.112 1 12
8.59259 413.9 2 1
247.474 912.197 2 11
468.39 429.915 1 0
17.8531 151.243 1 12
184.444 541.578 4 2
246.583 980.149 4 10
494.592 769.311 2 1
984.949 309.441 2 11
906.211 463.974 4 2
817.45 33.7086 4 10
736.992 16.9681 1 0
694.084 509.609 1 12
801.3 784.651 2 1
560.608 129.957 2 11
892 989.072 4 2
888.217 334.43 4 10
214.314 132.947 1 0
248.494 228.008 1 12
936 50.1553 2 1
871.116 221.658 2 11
714.754 792.501 4 2
740.935 344.784 4 10
744.566 369.96 1 0
519.566 261.071 1 12
360.948 57.6399 2 1
338.987 290.732 2 11
244.029 895.735 4 2
373.594 191.671 4 10
319.563 527.871 2 1
421.757 359.277 2 11
857.122 157.855 1 0
750.245 106.617 1 12
265.423 179.522 4 2
260.614 791.742 4 10
635.285 579.958 4 2
258.817 184.034 4 10
243.765 8.47214 2 1
528.904 588.538 2 11
451.247 936.63 1 0
187.999 314.103 1 12
6.2143 791.33 2 1
921.418 777.303 2 11
726.022 423.619 1 0
11.0078 415.679 1 12
620.17 108.215 4 2
193.356 134.24 4 10
873.455 914.927 2 1
677.373 204.3 2 11
998 419.273 1 0
754.73 76.6899 1 12
629.863 197.799 4 2
160.219 674.703 4 10
29.9242 49.848 2 1
521.235 738.807 2 11
852.625 461.587 4 2
296.827 793.814 4 10
101.906 105.79 1 0
214.497 582.615 1 12
870.294 647.267 2 1
360.941 323.221 2 11
160.787 523.6 4 2
355.742 383.133 4 10
137.59 607.972 1 0
310.32 889.927 1 12
133.728 681.615 2 1
258.183 994.385 2 11
983.521 180.537 4 2
158.896 196.537 4 10
8 333.843 1 0
815.665 3.10715 1 12
579.331 228.85 2 1
898.356 262.032 2 11
416.405 496.527 4 2
831.366 763.07 4 10
461.284 657.216 4 2
387.18 474.579 4 10
63.271 847.464 2 1
444.084 530.27 2 11
103.97 8.9641 1 0
254.694 542.708 1 12
196.225 191.3 4 2
169.307 810.353 4 10
756.26 646.623 2 1
187.675 798.898 2 11
484.004 554.647 1 0
714.54 301.985 1 12
448.842 680.243 4 2
41.0217 442.039 4 10
71.9366 655.047 2 1
187.626 8.59259 2 11
55.0065 991.658 1 0
996.042 678.39 1 12
324.851 160.84 4 2
74.0156 888.331 4 10
646.389 616.013 2 1
469.706 523.277 2 11
126.381 695.915 4 2
451.923 672.763 4 10
976.062 794.745 1 0
239.866 769.201 1 12
982.182 169.661 2 1
866.332 646.721 2 11
328.291 360.015 4 2
358.545 685.608 4 10
720.892 250.465 1 0
843.777 281.279 1 12
315.626 8.59259 2 1
201.469 787.207 2 11
452.405 853.111 4 2
880.528 459.463 4 10
997.192 578.346 1 0
61.7103 132.06 1 12
961.497 336.614 2 1
863.593 643.805 2 11
188.24 190.818 4 2
940.477 287.22 4 10
940.511 870.154 2 1
16.8543 33.9797 2 11
872.062 40.3057 1 0
712.772 302.92 1 12
471.665 617.843 1 0
723.423 598.759 1 12
472.77 364.38 2 1
221.458 94.924 2 11
75.6248 61.707 1 0
515.234 522.26 1 12
633.987 983.316 2 1
926 5.4641 2 11
610.236 330.368 4 2
388.12 244.118 4 10
686.307 345.57 2 1
501.206 87.2356 2 11
849.684 282.574 1 0
246.306 779.5 1 12
350.946 683.105 4 2
513.155 817.78 4 10
180.704 193.504 4 2
859.9 892.063 4 10
324.352 650.477 2 1
190.652 723.627 2 11
588.278 992.662 1 0
652.589 624.663 1 12
188.337 377.431 2 1
803.308 242.553 2 11
315.187 611.596 1 0
376.371 818.169 1 12
533.082 831.951 4 2
230.646 592.645 4 10
164.748 528.106 2 1
80.7458 657.09 2 11
997.192 95.3654 1 0
871.983 664.751 1 12
880.42 78.1359 4 2
133.581 307.048 4 10
375.535 460.016 2 1
404.529 408.381 2 11
578.028 578.178 1 0
930.465 855.331 1 12
945.798 860.993 2 1
476.755 371.283 2 11
636.653 342.622 4 2
820.744 266.408 4 10
287.244 160.642 1 0
491.203 610.9 1 12
5.4641 309.529 2 1
118.113 684.82 2 11
177.148 811.943 4 2
362.618 379.044 4 10
809.801 9.92528 2 1
540.188 586.177 2 11
870.598 113.488 1 0
707.084 995.089 1 12
751.272 764.2 2 1
496.755 87.2356 2 11
749.02 659.522 1 0
233.259 411.815 1 12
876.219 84.9441 4 2
443.849 703.694 4 10
340.909 97.762 4 2
120.899 158.07 4 10
912.368 771.705 2 1
604.103 404.594 2 11
331.931 757.568 1 0
850.515 480.292 1 12
492.845 108.591 2 1
231.443 476 2 11
805.767 73.6475 1 0
236.767 888.336 1 12
527.024 826.726 4 2
290.137 789.427 4 10
622.958 897.726 2 1
121.118 854.437 2 11
101.795 111.269 1 0
124.042 530.939 1 12
780.601 536.387 4 2
223.002 595.003 4 10
413.101 986.812 2 1
452.162 127.724 2 11
371.521 157.975 1 0
75.7441 786.911 1 12
868.424 529.47 2 1
648.224 875.291 2 11
175.742 661.388 4 2
178.357 593.988 4 10
376.207 95.8409 2 1
803.762 166.795 2 11
868.473 759.19 1 0
166.55 798.906 1 12
164.064 252.643 2 1
6.2143 945.839 2 11
463.643 746.805 1 0
815.088 669.092 1 12
402.74 386.576 2 1
471.327 869.468 2 11
108.172 448.026 1 0
657.512 403.478 1 12
933.657 721.45 4 2
615.977 335.94 4 10
491.976 598.606 2 1
484.654 459.931 2 11
616.57 727.439 1 0
155.83 524.254 1 12
174.824 198.928 4 2
621.167 210.908 4 10
211.779 91.4635 2 1
443.932 874.885 2 11
4.90733 478.956 1 0
197.586 575.51 1 12
763.687 644.465 2 1
655.589 858.183 2 11
79.2556 992.204 1 0
856.176 498.926 1 12
462.827 417.338 2 1
204.442 982.443 2 11
451.254 861.287 4 2
521.621 820.826 4 10
516.192 110.549 2 1
157.626 232.572 2 11
4.96264 559.765 1 0
335.501 600.705 1 12
795.055 128.553 2 1
841.339 525.507 2 11
724.5 412.216 1 0
192.056 783.189 1 12
807.227 189.807 4 2
244.737 972.365 4 10
199.007 380.618 2 1
350.542 74.0429 2 11
8 241.215 1 0
4.91134 405.122 1 12
59.3169 793.247 2 1
554.314 868.828 2 11
343.852 810.012 1 0
589.614 333.885 1 12
373.207 386.892 4 2
815.269 272.241 4 10
308.207 753.391 2 1
897.873 990.3 2 11
341.679 308.977 1 0
444.662 871.975 1 12
426.285 187.109 2 1
575.452 874.307 2 11
729.172 2.42213 1 0
365.809 149.821 1 12
813.871 409.685 4 2
436.85 699.818 4 10
683.401 870.088 2 1
712.466 504.334 2 11
308.143 524.683 2 1
859.964 96.9364 2 11
547.818 287.63 1 0
234.35 476.739 1 12
561.631 195.611 2 1
860.697 462.245 2 11
288.658 872.032 1 0
177.953 221.457 1 12
175.243 740.672 2 1
402.255 489.891 2 11
902.495 751.406 1 0
315.218 622.929 1 12
866.719 130.968 2 1
252.691 553.013 2 11
675.134 206.297 1 0
237.974 769.852 1 12
12.6525 566.189 4 2
129.145 164.724 4 10
488.644 677.183 2 1
966.171 715.012 2 11
166.632 879.827 1 0
551.866 870.561 1 12
805.332 212.704 2 1
291.96 936 2 11
877.535 905.818 1 0
32.9516 780.086 1 12
885.83 462.272 2 1
888.637 571.455 2 11
814.609 787.033 4 2
171.54 206.223 4 10
913.847 774.315 1 0
315.862 293.859 1 12
166.864 199.731 4 2
214.034 175.069 4 10
330.312 596.204 2 1
418.675 692.599 2 11
16.8479 36.9797 1 0
659.137 852.005 1 12
98.2781 661.869 2 1
859.79 395.159 2 11
833.229 714.593 1 0
714.526 879.288 1 12
772.959 391.318 4 2
766.425 625.007 4 10
403.361 382.625 2 1
262.654 190.016 2 11
54.2794 942.317 2 1
650.007 778.902 2 11
485.152 556.284 1 0
457.145 125.105 1 12
459.65 850.374 2 1
59.3169 307.772 2 11
62.6506 612.246 1 0
780.097 131.525 1 12
991.15 569.023 2 1
846.646 462.089 2 11
388.701 429.614 1 0
265.009 933.153 1 12
705.9 496.409 2 1
719.276 788.557 2 11
3 529.553 1 0
392.061 473.496 1 12
345.251 72.2135 2 1
802.896 201.199 2 11
758.863 60 4 2
805.972 408.421 4 10
486.833 991.036 1 0
883.189 463.696 1 12
825.26 773.555 2 1
613.301 904.604 2 11
332.302 732.191 1 0
76.6158 643.72 1 12
96.1102 874.189 2 1
433.257 813.315 2 11
808.477 811.01 1 0
835.084 995.089 1 12
381.308 248.313 4 2
102.172 16.0305 4 10
990.185 177.598 2 1
814.487 40.197 2 11
240.314 796.108 2 1
243.862 273.348 2 11
828.771 106.514 1 0
432.248 597.666 1 12
483.728 362.398 2 1
337.851 782.767 2 11
133.738 738.436 1 0
882.774 60.1476 1 12
473.716 605.154 2 1
545.052 710.3 2 11
567.279 536.938 1 0
469.059 844.894 1 12
248.256 930.298 2 1
241.473 802.633 2 11
128.109 253.566 1 0
241.386 741.78 1 12
127.724 488.857 2 1
772.867 542.831 2 11
765.617 788.599 4 2
238.919 977.856 4 10
211.644 580.331 1 0
607.929 413.697 1 12
415.52 989.998 2 1
717.745 640.264 2 11
891.333 180.111 1 0
558.881 133.318 1 12
875.236 425.345 2 1
763.159 563.119 2 11
81.8036 846.573 4 2
817.585 416.77 4 10
