900 900 100 0
700 900 100 0
50 950 50 1
800 975 25 2
990 990 10 3
794.638 945.483 5 4
900 100 100 0
800 788.197 50 1
25 25 25 2
700 100 100 0
950 758.579 50 1
877.317 777.075 25 2
990 10 10 3
5 995 5 4
191.421 900 100 0
50 850 50 1
768.377 990 10 3
115.404 715.01 100 0
867.01 702.787 50 1
939.694 684.29 25 2
754.235 995 5 4
391.421 900 100 0
532.843 950 50 1
291.421 975 25 2
577.564 990 10 3
677.778 701.238 100 0
800 25 25 2
970 990 10 3
18.3772 995 5 4
500 100 100 0
291.421 788.197 50 1
413.644 701.238 100 0
913.236 614.112 50 1
600 25 25 2
254.667 990 10 3
5 985 5 4
300 100 100 0
577.778 813.042 50 1
575.576 888.009 25 2
268.809 995 5 4
400 273.205 100 0
263.925 692.051 50 1
514.346 877.317 25 2
836.754 990 10 3
289.691 544.281 100 0
813.328 618.417 50 1
636.754 990 10 3
850.897 995 5 4
857.194 474.974 100 0
732.917 558.97 50 1
495.622 830.955 25 2
663.25 426.13 100 0
439.409 553.468 50 1
658.338 551.033 25 2
488.121 990 10 3
822.361 995 5 4
802.522 282.592 100 0
559.074 740.411 25 2
631.623 10 10 3
200 273.205 100 0
526.563 602.501 50 1
955.858 995 5 4
95.7107 50 50 1
400 25 25 2
768.377 10 10 3
937.403 348.221 50 1
200 25 25 2
47.3607 5 5 4
652.646 276.505 50 1
25 75 25 2
454.667 990 10 3
436.754 10 10 3
57.3607 5 5 4
950 241.421 50 1
178.606 70.1918 25 2
5 47.3607 5 4
990 970 10 3
553.218 690.755 25 2
990 836.754 10 3
995 955.858 5 4
176.635 120.153 25 2
128.176 990 10 3
995 945.858 5 4
50 145.711 50 1
609.779 539.116 25 2
616.754 990 10 3
422.612 5 5 4
50 245.711 50 1
231.623 10 10 3
450.897 5 5 4
967.819 416.776 25 2
10 200.989 10 3
650.897 995 5 4
955.513 552.164 25 2
10 905.279 10 3
473.979 995 5 4
328.176 990 10 3
50 345.711 50 1
623.738 587.128 25 2
368.377 10 10 3
440.525 995 5 4
990 816.754 10 3
146.7 995 5 4
563.246 10 10 3
255.279 5 5 4
569.775 509.121 25 2
831.623 10 10 3
344.721 5 5 4
50 445.711 50 1
990 286.143 10 3
754.235 5 5 4
546.825 242.504 50 1
105.902 395.711 25 2
990 163.246 10 3
845.765 5 5 4
50 545.711 50 1
593.062 183.453 25 2
990 36.7544 10 3
149.381 456.822 50 1
970 10 10 3
995 50.8966 5 4
25 616.421 25 2
411.913 457.322 50 1
593.386 322.476 25 2
10 300.989 10 3
955.858 5 5 4
10 648.044 10 3
5 577.333 5 4
300 385.008 50 1
510.396 529.264 25 2
168.377 10 10 3
945.858 5 5 4
479.408 490.024 25 2
558.352 358.149 25 2
108.176 990 10 3
5 186.847 5 4
990 183.246 10 3
225.741 395.526 25 2
655.279 5 5 4
10 490.432 10 3
544.727 465.847 25 2
236.143 995 5 4
10 390.432 10 3
540.101 404.699 25 2
