488 188 12 0
464 188 12 0
491 167.215 9 3
477.369 173.475 6 1
4 196 4 2
476 197 3 4
488 12 12 0
9 9 9 3
471.029 6 6 1
440 188 12 0
452 170.766 9 3
423.029 194 6 1
464.939 172.028 4 2
452 197 3 4
17.8564 188 12 0
27 9 9 3
461.231 4 4 2
488 146.431 12 0
465.663 159.048 9 3
494 129.46 6 1
479.271 164.679 3 4
41.8564 188 12 0
408.332 191 9 3
420.526 182.264 6 1
39 4 4 2
29.8564 197 3 4
447.375 12 12 0
468.959 20.8564 9 3
494 117.46 6 1
396.332 196 4 2
423.375 12 12 0
491 32.7846 9 3
435.375 3 3 4
52.8564 12 12 0
494 105.46 6 1
55.7128 196 4 2
382.476 188 12 0
73.641 9 9 3
6 23.6969 6 1
409.519 4 4 2
481.463 25.5008 3 4
69.5692 188 12 0
361.691 191 9 3
17.736 21.1936 6 1
94.4256 12 12 0
491 90.7633 9 3
478.053 31.6138 4 2
402.59 3 3 4
340.907 188 12 0
402.59 15 9 3
86.5398 194 6 1
395.662 4 4 2
3 32.1822 3 4
316.907 188 12 0
14.3137 36.1822 9 3
111.396 6 6 1
292.907 188 12 0
491 50.7846 9 3
479 41.7846 6 1
387.662 4 4 2
304.907 197 3 4
128.367 12 12 0
491 72.7633 9 3
96.3377 196 4 2
373.806 12 12 0
149.151 9 9 3
111.396 18 6 1
497 61.1769 3 4
268.907 188 12 0
353.021 9 9 3
106.136 194 6 1
389.803 11.7082 4 2
280.907 197 3 4
169.936 12 12 0
388.985 21.6747 6 1
255.05 196 4 2
332.237 12 12 0
120.833 191 9 3
97.1612 186.034 6 1
328.907 197 3 4
241.194 188 12 0
190.721 9 9 3
85.0881 184.106 4 2
308.237 12 12 0
220.409 191 9 3
108.639 182.264 6 1
202.721 4 4 2
320.237 3 3 4
141.617 188 12 0
202.409 191 9 3
212.519 6 6 1
153.617 197 3 4
181.625 188 12 0
227.215 9 9 3
162.103 194 6 1
203.376 11.9731 4 2
284.237 12 12 0
213.754 20.9491 9 3
199.239 18.8203 4 2
296.237 3 3 4
431.673 165.491 12 0
448.619 153.087 9 3
379.531 29.0653 6 1
248 12 12 0
232.527 26.1984 9 3
264.971 6 6 1
435.375 22.583 4 2
262.751 14.722 3 4
476 105.46 12 0
479.144 127.39 9 3
471.155 140.086 6 1
191.876 21.9486 4 2
268.726 14.1789 3 4
357.419 29.5344 12 0
199.141 28.8198 6 1
83.1644 168.222 12 0
461.204 128.862 9 3
183.792 20 4 2
345.737 18.5366 3 4
78.0383 29.5344 12 0
197.098 173.802 9 3
187.314 30.8473 6 1
461.314 141.862 4 2
144.754 29.5344 12 0
392.725 36.2009 9 3
211.409 179 6 1
67.2238 19.14 3 4
125.23 170.466 12 0
225.449 173.72 9 3
212.031 167.016 6 1
62.8235 24.584 4 2
469.524 120.215 3 4
280.907 167.215 12 0
376.375 43.7296 9 3
342.158 24.5523 4 2
264.268 29.6451 12 0
222.224 156.011 9 3
143.226 170.072 6 1
473.197 148.851 3 4
366.089 170.466 12 0
62.1648 168.349 9 3
389.569 50.8652 6 1
55.8749 179.726 4 2
296.237 32.7846 12 0
473.72 55.8246 9 3
380.115 58.2558 6 1
248.353 27.9961 4 2
354.408 181.463 3 4
472.026 81.7633 12 0
464.043 40.647 9 3
194.983 40.0765 6 1
479.656 68.8489 3 4
69.3316 148.609 12 0
453.682 139.465 4 2
201.538 152.391 12 0
443.592 32.6565 9 3
428.808 30.1242 6 1
281.071 27.6838 4 2
156.435 18.5366 3 4
304.907 167.215 12 0
209.958 39.2116 9 3
154.137 175.067 6 1
320.237 32.7846 12 0
386.873 167.466 9 3
397.486 178.066 6 1
157.246 184.571 4 2
482.969 63.8465 3 4
407.568 51.0563 12 0
430.516 45.0266 9 3
391.243 62.7479 6 1
178.187 25.7082 4 2
334.031 26.8923 3 4
292.907 146.431 12 0
167.316 32.8359 9 3
101.417 34.959 12 0
123.969 32.5344 9 3
183.156 42.1039 6 1
280.498 35.6632 4 2
51.6551 174.141 3 4
362.138 59.1669 12 0
447.767 50.1657 9 3
338.11 34.9147 6 1
463.839 116.132 4 2
364.39 44.337 3 4
218.443 135.355 12 0
404.691 164.909 9 3
407.392 33.0571 6 1
448.307 112.289 12 0
90.3312 148.483 9 3
165.499 178.926 6 1
411.324 178.349 4 2
358.398 44.6407 3 4
268.907 146.431 12 0
102.985 161.284 9 3
420.914 36.2634 4 2
280.907 125.646 12 0
236.832 145.495 9 3
446.623 132.382 6 1
350.828 175.448 4 2
400.603 27.1488 3 4
281.386 51.6385 12 0
349.552 46.2986 6 1
453.397 25.738 3 4
56.0099 39.0607 12 0
333.392 49.1534 9 3
235.642 162.715 6 1
417.139 172.855 4 2
379.326 76.2385 12 0
432.788 144.52 9 3
419.776 151.983 6 1
98.2999 173.41 4 2
105.291 173.06 3 4
244.728 43.58 12 0
29.8564 170.766 9 3
237.255 171.57 3 4
110.152 141.545 12 0
12.1019 167.804 9 3
262.288 47.5358 6 1
460.972 53.2789 4 2
256.907 167.215 12 0
154.404 160.069 9 3
47.3112 166.258 6 1
346.492 55.819 4 2
455.521 31.3496 3 4
414.124 134.893 12 0
343.285 68.4172 9 3
138.979 158.848 6 1
305.139 55.0723 12 0
357.375 79.6195 9 3
431.326 129.592 6 1
115.165 156.739 4 2
161.432 169.796 3 4
191.937 57.8168 12 0
171.79 51.8924 9 3
4.89293 178.622 4 2
255.113 182.108 3 4
239.963 124.73 12 0
23.5447 153.909 9 3
460.701 63.2753 6 1
55.7381 157.048 4 2
133.994 50.9873 12 0
393.568 150.757 9 3
128.622 152.788 6 1
3.08615 185.385 3 4
328.907 167.215 12 0
37.9386 158.13 6 1
418.939 28.5111 4 2
468.964 66.842 3 4
75.2741 53.3747 12 0
48.4617 146.276 9 3
116.787 45.7032 6 1
320.397 48.7838 4 2
433.725 65.78 12 0
140.744 143.953 9 3
444.481 141.823 3 4
403.326 76.0896 12 0
221.574 114.589 9 3
151.367 46.2759 6 1
87.1688 42.6735 4 2
417.465 160.681 3 4
338.522 88.8698 12 0
325.696 72.2413 9 3
8.5602 153.228 6 1
449.49 63.051 4 2
178.413 164.216 12 0
256.131 61.2141 9 3
250.503 139.322 6 1
344.149 173.355 3 4
57.8912 127.512 12 0
317.53 88.2823 9 3
379.082 154.648 6 1
322.641 56.4626 4 2
154.119 64.0642 12 0
174.603 69.6712 9 3
249.279 149.246 4 2
266.637 55.4152 3 4
316.907 146.431 12 0
78.7611 129.846 9 3
450.202 73.0256 6 1
409.914 150.329 4 2
156.49 38.8764 3 4
237.465 100.86 12 0
391.433 93.3974 9 3
257.332 129.454 6 1
12.9575 135.773 12 0
37.3942 132.08 9 3
93.855 133.903 6 1
348.429 167.816 4 2
328.591 60.151 3 4
53.2457 62.901 12 0
258.295 114.485 9 3
310.919 74.8176 6 1
127.793 142.822 4 2
160.002 43.7409 3 4
235.636 65.7912 12 0
129.458 129.93 9 3
411.792 98.5468 12 0
227.766 49.6031 6 1
35.5299 144.946 4 2
159.676 49.732 3 4
33.9816 48.587 12 0
38.1552 28.0059 9 3
420.113 82.5855 6 1
269.11 61.964 4 2
28.221 34.7372 3 4
191.735 81.8159 12 0
209.069 69.9615 9 3
209.711 54.9752 6 1
244.726 155.824 4 2
40.2207 111.271 12 0
431.758 92.0398 9 3
26.0074 122.316 6 1
428.843 80.3992 3 4
214.173 90.3317 12 0
424.13 116.43 9 3
409.175 117.587 6 1
27.843 141.64 4 2
423.526 54.7804 3 4
195.579 105.506 12 0
394.924 111.056 9 3
229.204 39.707 4 2
16.6105 106.963 12 0
197.758 131.734 9 3
304.907 133.014 6 1
267.113 131.538 3 4
377.984 136.682 12 0
183.149 142.25 9 3
395.969 135.95 6 1
207.766 123.438 4 2
315.002 66.7972 3 4
72.5099 77.215 12 0
181.346 124.34 9 3
367.545 151.346 6 1
211.567 106.118 4 2
359.509 100.511 12 0
252.147 78.7677 9 3
376.445 94.0065 6 1
90.8627 49.7696 4 2
264.864 124.528 3 4
32.1463 88.6702 12 0
52.4126 94.1727 9 3
222.66 42.1917 3 4
296.674 85.8219 12 0
11.2426 86.661 9 3
57.9421 108.116 6 1
218.022 60.5362 4 2
163.369 135.196 12 0
69.7797 98.9038 9 3
144.45 129.418 6 1
222.6 35.192 4 2
192.812 120.8 3 4
307.987 106.989 12 0
325.051 101.26 6 1
220.718 75.7316 4 2
435.053 121.4 3 4
132.731 74.954 12 0
116.153 62.0639 9 3
316.006 128.453 6 1
354.132 139.342 12 0
330.835 130.714 9 3
334.862 145.163 6 1
25.1625 28.4407 4 2
426.211 102.681 3 4
109.815 82.0847 12 0
98.3199 64.5102 9 3
442.37 79.2433 4 2
5.31433 97.0943 3 4
127.449 98.3654 12 0
287.131 104.528 9 3
92.2347 78.2205 6 1
307.416 123.334 4 2
150.365 91.2347 12 0
144.027 111.256 9 3
450.532 85.0211 6 1
218.599 53.56 3 4
165.003 110.254 12 0
171.341 90.2329 9 3
364.57 124.678 6 1
418.952 72.6531 4 2
439.374 125.563 3 4
104.532 105.496 12 0
376.606 115.727 9 3
322.409 118.304 6 1
152.918 120.74 4 2
272.898 89.0879 12 0
336.682 113.69 9 3
94.0863 90.8372 6 1
299.515 124.592 4 2
27.7931 21.9539 3 4
420.031 59.6573 3 4
20.4775 71.2105 9 3
102.28 125.357 6 1
178.233 101.256 4 2
114.204 124.007 6 1
7.80797 74.1229 4 2
179.843 108.068 3 4
272.35 107.08 6 1
418.727 65.5139 3 4
35.6119 66.513 6 1
119.135 112.036 4 2
72.0688 116.421 6 1
358.17 154.824 4 2
294.701 131.538 3 4
239.404 81.3411 4 2
138.807 122.406 3 4
266.852 71.7057 6 1
282.96 74.1633 6 1
56.5659 78.5527 4 2
243.46 87.0464 3 4
381.988 102.33 4 2
133.996 118.821 3 4
353.033 121.376 6 1
292.244 70.4474 4 2
375.01 102.891 3 4
344.49 126.574 4 2
299.219 71.0393 3 4
7.24929 64.1385 6 1
401.955 124.506 4 2
87.194 100.66 6 1
369.858 87.8732 3 4
84.0532 115.81 6 1
263.652 102.146 4 2
344.65 102.561 3 4
390.947 127.303 4 2
348.29 156.368 6 1
171.886 148.741 4 2
364.606 115.678 3 4
16.6676 56.7024 6 1
248.554 90.2171 3 4
256.109 95.58 6 1
41.9584 74.241 4 2
126.792 114.352 4 2
219.136 47.048 3 4
49.6511 77.4639 3 4
231.405 81.2217 4 2
84.4046 66.5138 4 2
201.494 120.33 3 4
77.7194 109.416 3 4
7.00107 54.1416 4 2
90.211 123.689 4 2
291.975 62.2628 3 4
84.0913 91.1539 4 2
182.147 95.4517 3 4
105.961 53.9933 4 2
46.3412 83.8219 3 4
294.342 115.345 4 2
457.073 78.8389 3 4
432.816 104.997 4 2
206.205 116.614 3 4
275.53 66.7369 4 2
11.8546 49.0975 3 4
164.263 151.171 4 2
92.9385 117.242 3 4
162.45 80.7488 4 2
99.1147 52.5366 3 4
5.43993 46.2954 4 2
459.2 73.2286 3 4
286.814 66.0301 3 4
17.7042 47.7623 3 4
