488 188 12 0
464 188 12 0
491 167.215 9 3
477.369 173.475 6 1
12 188 12 0
491 9 9 3
4 4 4 2
476 197 3 4
36 188 12 0
473 9 9 3
52.9706 194 6 1
440 188 12 0
67.6675 191 9 3
55.4739 182.264 6 1
496 155.215 4 2
452 197 3 4
88.4521 188 12 0
12 164 12 0
109.237 191 9 3
494 23.6969 6 1
22.583 176 4 2
130.021 188 12 0
9 16 9 3
482 21 6 1
3 176 3 4
154.021 188 12 0
491 143.215 9 3
27.0696 169.377 4 2
178.021 188 12 0
491 125.215 9 3
194.992 194 6 1
142.021 197 3 4
12 36.7846 12 0
419.215 191 9 3
6 147.029 6 1
496 113.215 4 2
12 60.7846 12 0
401.215 191 9 3
211.962 188 12 0
194.992 182 6 1
496 105.215 4 2
3 48.7846 3 4
452.215 12 12 0
467.688 26.1984 9 3
486.835 109.215 6 1
12 84.7846 12 0
488.859 94.3525 9 3
4 137.231 4 2
3 72.7846 3 4
380.431 188 12 0
491 38.3939 9 3
363.46 194 6 1
428.215 12 12 0
232.747 191 9 3
4 98.641 4 2
440.215 3 3 4
346.49 188 12 0
250.747 191 9 3
363.46 182 6 1
404.215 12 12 0
6 108.439 6 1
332.633 196 4 2
380.215 12 12 0
9 123.136 9 3
10.9282 3 3 4
271.532 188 12 0
491 56.3939 9 3
13.966 138.055 6 1
17.8564 4 4 2
318.777 188 12 0
297.992 191 9 3
363.245 6 6 1
285.992 196 4 2
24 197 3 4
31.7128 12 12 0
491 74.3939 9 3
24 108.439 12 0
227.435 173.802 9 3
23.6327 126.435 6 1
20 22.9282 4 2
497 84.7862 3 4
346.274 12 12 0
363.245 18 6 1
142.021 167.215 12 0
475.412 134.215 9 3
15.8941 148.481 4 2
322.274 12 12 0
52.4974 9 9 3
477.206 119.323 6 1
166.021 197 3 4
298.274 12 12 0
473.133 103.111 9 3
241.747 179 6 1
25.7082 28.5332 4 2
274.274 12 12 0
255.787 173.72 9 3
310.274 3 3 4
473.28 155.946 12 0
473.411 85.1131 9 3
242.369 167.016 6 1
467.695 170.939 4 2
250.274 12 12 0
29.9827 37.5736 6 1
334.274 3 3 4
226.274 12 12 0
455.348 166.873 9 3
33.7046 28.2921 4 2
202.274 12 12 0
475.412 65.3939 9 3
25.4906 48.7011 6 1
178.274 12 12 0
475.412 47.3939 9 3
124.402 170.899 6 1
117.457 178.094 4 2
392.215 3 3 4
73.282 12 12 0
47.1856 26.1984 9 3
154.274 12 12 0
103.925 173.802 9 3
90.2526 6 6 1
58.8046 20.3675 4 2
214.274 3 3 4
130.274 12 12 0
109.49 9 9 3
159.64 170.899 6 1
94.3298 23.5321 12 0
214.533 172.208 4 2
262.274 3 3 4
451.32 146.263 12 0
64.1492 32.218 9 3
115.749 22.6314 6 1
161.344 152.98 12 0
29.2337 72.7846 9 3
202.534 172.667 6 1
78.7207 27.0473 4 2
214.274 32.7846 12 0
81.0869 39.8301 9 3
142.274 3 3 4
410.215 172.026 12 0
188.07 168.692 9 3
171.282 167.988 6 1
426.144 180 4 2
286.274 32.7846 12 0
432.206 168.5 9 3
29.7497 87.7757 6 1
286.274 3 3 4
166.274 32.7846 12 0
202.3 157.669 9 3
27.9724 59.8459 4 2
72.0648 170.466 12 0
217.421 162.634 6 1
416.215 3 3 4
190.274 32.7846 12 0
230.946 156.147 9 3
216.993 150.642 6 1
91.0229 172.208 4 2
355.396 34.1988 12 0
334.895 29.6497 9 3
444.017 160.5 4 2
190.274 3 3 4
100.967 46.5961 12 0
185.638 150.857 9 3
148.655 29.1005 6 1
262.274 32.7846 12 0
141.461 146.223 9 3
150.255 40.9934 6 1
107.819 32.1374 4 2
31.778 150.405 12 0
125.409 154.368 9 3
98.7379 3 3 4
302.39 170.466 12 0
303.893 29.1005 6 1
395.885 179.143 4 2
43.8255 57.6823 12 0
119.772 37.2484 9 3
139.156 36.4324 6 1
238.274 3 3 4
41.5583 124.801 12 0
389.659 167.731 9 3
369.169 26.0561 4 2
459.265 120.788 12 0
371.188 169.144 9 3
51.6543 40.5173 6 1
166.274 3 3 4
392.215 32.7846 12 0
457.685 93.8714 9 3
356.507 172.22 6 1
290.079 180.686 4 2
305.597 47.0197 12 0
457.963 75.8736 9 3
167.088 175.952 3 4
226.815 135.558 12 0
206.314 140.108 9 3
284.493 172.392 6 1
438.038 155.185 4 2
46.9488 101.414 12 0
373.372 35.1299 6 1
452 179 3 4
160.193 56.0014 12 0
139.657 51.609 9 3
315.535 32.0118 6 1
41.9513 38.0981 4 2
238.274 32.7846 12 0
120.103 55.2454 9 3
250.274 53.5692 12 0
46.2897 78.5372 9 3
176.212 47.7926 6 1
139.018 26.4333 4 2
376.151 26.5695 3 4
81.6383 60.8229 12 0
61.5353 68.9678 9 3
322.759 41.5932 6 1
131.73 29.7342 4 2
226.274 53.5692 12 0
338.903 47.1978 9 3
10.6752 100.749 3 4
182.59 64.6247 12 0
202.274 50.0183 9 3
322.356 53.5864 6 1
186.136 49.0226 4 2
238.274 74.3538 12 0
62.1998 86.9556 9 3
73.8593 77.5187 6 1
311.341 24.0483 3 4
440.215 32.7846 12 0
94.3991 164.955 4 2
214.274 74.3538 12 0
459.823 56.3939 9 3
61.4381 53.9682 6 1
463.451 135.192 3 4
64.5071 117.776 12 0
103.632 155.804 9 3
461.617 41.5016 6 1
62.9428 101.852 4 2
253.471 152.848 12 0
271.1 164.259 9 3
127.873 46.1008 3 4
400.82 149.942 12 0
379.983 152.553 9 3
417.863 155.732 6 1
71.4142 48.5157 4 2
356.817 58.1567 12 0
430.38 144.68 9 3
287.259 160.715 6 1
416.29 145.856 4 2
465.419 140.86 3 4
142.662 72.3929 12 0
163.198 76.7852 9 3
88.6632 156.764 6 1
414.17 129.997 12 0
368.254 43.721 4 2
438.853 84.5797 12 0
75.8221 100.085 9 3
445.331 67.7857 6 1
489.002 155.048 3 4
325.768 165.041 12 0
443.572 105.043 9 3
377.935 46.2287 6 1
452.515 45.6425 4 2
274.274 53.5692 12 0
439.298 129.045 9 3
124.204 25.7168 3 4
298.631 146.762 12 0
273.461 146.415 9 3
445.315 52.5826 6 1
238.992 145.937 4 2
356.413 154.22 12 0
336.997 65.0965 9 3
345.172 168.279 6 1
32.84 96.3206 3 4
390.223 128.408 12 0
261.136 133.297 9 3
311.687 157.444 4 2
91.1274 138.933 12 0
112.104 139.922 9 3
78.0036 151.253 6 1
289.658 48.4226 4 2
455.555 105.681 3 4
154.697 129.919 12 0
170.912 137.734 6 1
350.382 81.278 12 0
70.1322 138.484 9 3
66.1226 152.938 6 1
341.179 159.111 4 2
131.146 41.0721 3 4
403.573 108.464 12 0
424.334 111.621 9 3
416.215 32.7846 12 0
419.152 94.383 9 3
128.005 139.595 6 1
78.7707 128.769 4 2
427.534 123.186 3 4
103.623 70.4487 12 0
336.732 146.895 9 3
87.2499 77.9258 6 1
350.43 130.978 12 0
86.6368 118.419 9 3
432.033 99.0536 4 2
74.1916 86.5126 3 4
262.274 74.3538 12 0
104.173 122.477 9 3
366.414 139.255 6 1
292.33 55.9634 4 2
326.464 83.2643 12 0
322.014 65.823 6 1
79.7708 84.3051 3 4
404.215 53.5692 12 0
425.14 51.7938 9 3
433.335 67.4463 6 1
389.05 48.4684 4 2
151.954 94.5214 12 0
384.435 60.6216 9 3
87.5031 166.157 3 4
226.274 95.1384 12 0
420.266 74.807 9 3
368.064 127.369 6 1
375.163 134.412 4 2
286.274 74.3538 12 0
370.202 74.3381 9 3
317.291 149.162 6 1
178.99 160.847 3 4
340.143 102.984 12 0
53.3693 145.042 9 3
298.318 61.2682 4 2
250.274 95.1384 12 0
238.274 112.372 9 3
307.634 64.9041 6 1
139.089 133.441 4 2
439.523 60.9104 3 4
400.541 84.6561 12 0
220.52 115.335 9 3
56.2518 159.762 6 1
96.5 93.3672 12 0
256.029 115.335 9 3
245.177 125.69 6 1
113.158 164.65 4 2
314.971 58.7299 3 4
175.931 93.4843 12 0
381.439 99.1856 12 0
164.687 111.22 9 3
149.732 112.384 6 1
395.698 67.1137 4 2
371.21 62.3805 3 4
132.227 108.191 12 0
116.519 87.023 9 3
121.461 72.8606 6 1
389.764 72.4792 4 2
185.223 115.613 12 0
206.993 103.459 9 3
454.01 26.8923 3 4
274.274 95.1384 12 0
362.178 113.572 9 3
134.938 88.6511 6 1
97.5201 111.309 4 2
298.274 95.1384 12 0
319.143 102.947 9 3
205.839 118.415 6 1
350.422 115.978 3 4
326.394 122.655 12 0
306.544 115.802 9 3
112.562 101.492 6 1
211.109 90.0376 4 2
281.126 126.863 12 0
314.598 72.5312 4 2
120.932 98.1822 3 4
286.274 108.555 6 1
201.554 87.0891 6 1
46.87 156.3 4 2
266.722 122.677 3 4
46.1737 166.276 6 1
127.812 80.5846 4 2
212.48 59.4615 3 4
357.397 97.8548 6 1
303.893 78.0379 6 1
105.319 109.528 4 2
340.645 117.976 3 4
384.583 83.4976 4 2
196.376 76.2637 6 1
389.418 113.43 3 4
373.88 119.234 4 2
284.617 152.111 3 4
55.5554 169.738 4 2
56.1305 131.408 4 2
387.444 143.154 3 4
365.518 86.4649 4 2
335.957 134.92 3 4
170.548 127.74 4 2
371.714 56.4018 3 4
276.571 110.973 4 2
143.127 118.497 3 4
332.397 179.604 4 2
310.129 130.367 6 1
455.215 32.7699 3 4
212.682 125.707 4 2
370.011 50.497 3 4
242.495 138.744 4 2
33.9571 45.6485 3 4
269.245 116.147 4 2
139.335 125.445 4 2
382.764 72.5047 3 4
190.335 100.451 4 2
174.593 145.947 3 4
132.287 129.23 4 2
205.894 127.414 3 4
300.592 127.359 4 2
29.2915 133.434 3 4
112.685 112.651 4 2
443.185 173.342 3 4
200.078 66.9741 4 2
175.073 78.5089 3 4
177.992 130.671 4 2
199.085 125.789 4 2
309.442 85.1241 3 4
318.135 136.359 4 2
417.309 60.8866 3 4
116.827 119.495 4 2
261.757 104.79 3 4
191.748 85.1283 4 2
206.787 61.3561 3 4
180.904 138.122 4 2
190.931 93.4769 3 4
325.802 138.645 4 2
250.188 138.212 3 4
116.177 127.468 4 2
311.746 139.22 3 4
185.901 131.874 4 2
187.897 79.2825 3 4
123.407 124.044 4 2
296.209 121.901 3 4
266.146 108.881 3 4
187.889 138.586 3 4
293.549 115.427 4 2
23.6353 135.435 3 4
193.494 134.392 4 2
402.564 68.478 3 4
284.409 141.5 3 4
312.473 90.302 3 4
60.1361 43.5271 3 4
286.738 186.837 3 4
50.2475 174.301 3 4
122.251 130.948 3 4
383.612 114.943 3 4
196.114 96.501 3 4
337.312 174.62 3 4
132.572 61.2939 3 4
372.509 86.1143 3 4
375.152 141.412 3 4
193.195 141.386 3 4
408.539 67.9326 3 4
44.2981 175.078 3 4
37.996 172.031 4 2
129.029 66.1364 3 4
425.097 63.8226 3 4
37.2548 165.071 3 4
