488 188 12 0
464 188 12 0
491 167.215 9 3
477.369 173.475 6 1
4 196 4 2
476 197 3 4
488 12 12 0
9 9 9 3
471.029 6 6 1
450.144 196 4 2
497 156.823 3 4
17.8564 188 12 0
27 9 9 3
459.029 6 6 1
442.144 196 4 2
29.8564 197 3 4
488 144.823 12 0
45 9 9 3
477.141 161.477 6 1
446.144 189.072 4 2
442.059 12 12 0
40.2487 191 9 3
466.864 167.673 6 1
430.059 3 3 4
488 36 12 0
430.144 191 9 3
6 23.6969 6 1
423.131 4 4 2
497 24 3 4
61.0333 188 12 0
491 124.038 9 3
15.4091 20.3103 4 2
419.751 197 3 4
85.0333 188 12 0
491 56.7846 9 3
494 109.342 6 1
4 33.4949 4 2
65.7846 12 12 0
16.9936 33.9018 9 3
82.7552 6 6 1
4 41.4949 4 2
73.0333 197 3 4
407.751 188 12 0
36 24.5885 9 3
50.8923 22.7942 6 1
416.202 3 3 4
488 92.371 12 0
97.4521 9 9 3
494 71.4815 6 1
23.376 21.4846 4 2
497 79.9668 3 4
109.033 188 12 0
386.967 191 9 3
482.264 111.845 6 1
81.3035 15.8941 4 2
404.202 12 12 0
129.818 191 9 3
6 51.2929 6 1
109.452 4 4 2
97.0333 197 3 4
12 68.2634 12 0
368.967 191 9 3
18 51.2929 6 1
141.818 196 4 2
116.38 3 3 4
348.182 188 12 0
383.418 9 9 3
3 80.2634 3 4
128.38 12 12 0
153.818 191 9 3
331.212 194 6 1
110.108 11.9731 4 2
362.633 12 12 0
9 90.6557 9 3
168.515 194 6 1
321.414 196 4 2
141.65 189.002 3 4
338.633 12 12 0
145.351 6 6 1
139.511 182.337 4 2
350.633 3 3 4
12 111.44 12 0
309.414 191 9 3
180.515 194 6 1
323.082 188.176 4 2
153.836 3 3 4
12 135.44 12 0
291.414 191 9 3
330.95 182.003 6 1
3 123.44 3 4
314.633 12 12 0
195.212 191 9 3
319.359 178.895 6 1
160.764 4 4 2
12 159.44 12 0
293.849 9 9 3
209.909 194 6 1
4 173.297 4 2
326.633 3 3 4
270.629 188 12 0
172.764 9 9 3
158.536 13.7485 6 1
219.707 196 4 2
3 180.225 3 4
246.629 188 12 0
275.849 9 9 3
227.707 196 4 2
258.629 197 3 4
193.549 12 12 0
257.849 9 9 3
145.351 18 6 1
207.405 4 4 2
237.064 12 12 0
214.334 15 9 3
166.011 182.264 6 1
3 147.44 3 4
476 71.4815 12 0
181.75 179.051 9 3
476.367 53.4853 6 1
223.208 4 4 2
214.334 3 3 4
44.646 170.466 12 0
26.1984 95.9676 9 3
266.849 21 6 1
32.3356 180.686 4 2
10.9124 174.401 3 4
223.707 180.508 12 0
252.809 26.28 9 3
27.3333 58.8353 6 1
28.9266 173.449 4 2
284.849 27.9737 12 0
328.715 167.17 9 3
29.1986 46.9812 6 1
299.179 20.857 4 2
337.265 175.59 3 4
258.629 167.215 12 0
305.405 32.2693 9 3
266.227 32.9839 6 1
19.9415 85.7279 3 4
204.309 33.4528 12 0
224.942 29.542 9 3
206.522 184.591 4 2
30.1638 166.559 3 4
294.244 50.0582 12 0
198.829 173.367 9 3
27.6213 81.0352 6 1
27.9905 68.8137 4 2
24.3736 168.132 3 4
470.024 125.043 12 0
469.448 104.051 9 3
277.201 44.2682 6 1
243.464 172.316 4 2
273.34 61.8493 12 0
256.034 43.9886 9 3
343.58 169.178 6 1
32.5595 159.981 4 2
268.819 47.5469 3 4
152.814 170.024 12 0
130.454 173.011 9 3
242.616 37.2847 6 1
168.604 172.606 4 2
241.003 28.4304 3 4
364.569 170.466 12 0
32.9653 112.647 9 3
25.4164 147.44 6 1
375.384 180.86 3 4
180.35 32.0448 12 0
382.039 174.802 6 1
23.9819 122.044 4 2
43.7708 66.1709 12 0
40.6939 149.841 9 3
38.1145 86.8569 6 1
166.172 20.2047 4 2
34.8927 53.951 3 4
173.139 157.262 12 0
156.22 28.5687 9 3
41.1866 47.5178 6 1
187.327 167.308 4 2
461.288 112.849 3 4
350.633 32.7846 12 0
33.7426 130.63 9 3
393.895 180 4 2
35.4926 40.548 3 4
282.629 167.215 12 0
137.623 30.8564 9 3
40.7016 99.7961 6 1
30.0505 38.0216 3 4
448.472 105.055 12 0
460.965 88.175 9 3
300.414 179 6 1
41.8121 37.5374 4 2
440.799 82.3145 12 0
310.723 166.631 9 3
193.418 159.377 6 1
376.49 20 4 2
309.414 179 3 4
465.029 22.9706 12 0
387.767 26.4666 9 3
456.661 73.8057 6 1
48.9297 41.1898 4 2
457.208 117.248 3 4
97.0333 167.215 12 0
449.048 126.047 9 3
368.252 29.1005 6 1
48.534 33.1996 4 2
472.207 92.3721 3 4
52.3099 120.819 12 0
220.391 46.9573 9 3
114.652 170.899 6 1
45.8187 135.444 4 2
472.834 86.4049 3 4
320.288 147.935 12 0
340.515 153.578 9 3
52.8366 50.395 6 1
326.633 32.7846 12 0
299.758 152.356 9 3
231.742 40.6213 4 2
44.085 108.136 3 4
463.24 150.042 12 0
451.864 167.694 9 3
311.748 45.8619 6 1
49.7584 104.036 4 2
298.946 164.328 3 4
64.2094 36.4429 12 0
53.1978 91.4988 9 3
79.4144 170.899 6 1
57.7503 103.676 4 2
73.8658 177.986 3 4
369.956 47.0197 12 0
239.937 52.0436 9 3
253.356 58.7475 6 1
77.4784 22.9204 4 2
270.629 146.431 12 0
57.4892 141.171 9 3
87.4406 23.7894 6 1
285.794 151.532 4 2
376.175 33.3698 3 4
236.507 157.908 12 0
303.876 134.833 9 3
62.6417 170.072 6 1
381.027 36.8993 3 4
313.974 63.7238 12 0
294.296 71.0581 9 3
253.01 150.115 6 1
80.0292 30.5028 4 2
158.191 156.021 3 4
251.306 132.196 12 0
447.07 62.2726 9 3
288.018 141.782 6 1
321.102 49.3993 4 2
50.5552 156.679 3 4
400.1 165.252 12 0
332.954 54.7389 9 3
464.974 57.2536 6 1
56.7291 159.977 4 2
321.858 123.987 12 0
191.319 49.9528 9 3
380.882 162.857 6 1
204.309 49.4528 4 2
462.122 65.7896 3 4
91.9027 41.2276 12 0
354.017 48.4226 4 2
55.3779 153.109 3 4
429.16 119.304 12 0
106.613 24.4946 9 3
336.057 139.256 6 1
338.633 41.7846 3 4
371.509 147.491 12 0
351.054 138.986 9 3
387.529 43.1225 6 1
62.2885 154.225 4 2
63.6396 161.093 3 4
281.466 125.017 12 0
79.3428 155.9 9 3
467.407 45.5028 6 1
353.39 151.775 4 2
389.449 61.0198 12 0
302.082 116.923 9 3
431.923 97.974 6 1
386.003 154.268 4 2
72.1887 165.534 3 4
72.9416 98.653 12 0
94.6047 146.356 9 3
456.014 49.2711 6 1
352.008 159.654 4 2
266.306 132.067 3 4
405.529 43.2025 12 0
78.7089 137.911 9 3
122.728 29.0895 6 1
346.024 48.1062 4 2
265.056 126.199 3 4
435.824 142.36 12 0
262.555 114.462 9 3
340.658 128.173 6 1
358.357 156.707 3 4
146.254 146.938 12 0
208.364 158.1 9 3
349.658 57.4224 6 1
459.199 39.7916 4 2
315.569 100.826 12 0
173.421 51.8686 9 3
65.0021 130.561 4 2
210.329 169.938 3 4
338.772 106.959 12 0
73.3083 120.561 9 3
306.326 80.0183 6 1
448.111 155.248 4 2
215.814 167.507 3 4
67.9659 60.1471 12 0
420.617 88.117 9 3
65.1451 82.4291 6 1
451.429 138.827 4 2
64.6342 112.269 3 4
423.626 170 12 0
415.272 150.733 9 3
351.913 124.011 6 1
139.354 161.374 4 2
426.387 155.256 3 4
332.482 83.798 12 0
79.6913 78.7673 9 3
362.619 129.432 6 1
184.389 69.7766 12 0
204.125 62.6015 9 3
130.808 156.181 6 1
441.534 159.802 4 2
457.195 134.858 3 4
124.225 47.0271 12 0
114.724 155.9 9 3
128.431 144.418 6 1
316.315 79.5516 4 2
115.686 34.6947 3 4
195.504 141.498 12 0
294.356 89.058 9 3
419.603 134.558 6 1
69.6509 147.236 4 2
439.913 166.612 3 4
443.598 36.239 12 0
216.497 142.042 9 3
282.326 80.0978 6 1
166.859 40.6462 4 2
313.204 85.8224 3 4
132.915 126.986 12 0
114.945 137.852 9 3
421.078 103.11 6 1
76.5402 46.6386 4 2
364.933 111.582 12 0
352.258 90.862 9 3
55.8387 78.7699 4 2
431.944 157.518 3 4
412.919 66.0362 12 0
425.62 49.3124 9 3
430.728 63.4162 6 1
80.7207 52.2531 3 4
394.538 140.735 12 0
422.971 31.5084 9 3
379.247 131.239 6 1
110.294 39.1581 4 2
435.659 55.8873 3 4
110.988 117.228 12 0
408.742 124.212 9 3
85.9568 59.5732 6 1
108.226 46.8862 4 2
437.587 50.2056 3 4
130.403 103.118 12 0
389.549 120.336 9 3
92.2871 131.536 6 1
425.982 76.276 4 2
106.086 62.7425 12 0
89.003 90.5271 6 1
329.571 67.2909 4 2
84.3393 127.314 3 4
396.84 83.8535 12 0
155.918 47.6673 9 3
409.937 98.6503 6 1
103.636 131.439 4 2
61.2419 74.3195 3 4
367.578 70.9016 12 0
92.9609 104.996 9 3
348.827 76.2596 6 1
48.9986 80.2575 3 4
242.021 110.065 12 0
230.772 127.798 9 3
89.4189 119.884 6 1
139.867 43.6613 4 2
359.811 58.0691 3 4
156.863 125.41 12 0
110.564 96.232 9 3
140.983 53.5989 6 1
440.285 173.602 4 2
259.555 93.6778 12 0
209.206 125.585 9 3
337.561 66.8954 4 2
145.675 39.754 3 4
123.905 80.0143 12 0
243.163 69.7523 9 3
279.606 91.7854 6 1
412.535 108.307 4 2
370.683 125.436 3 4
147.162 85.9387 12 0
163.581 66.9413 9 3
94.6457 79.9366 6 1
220.624 162.422 4 2
97.3668 124.107 3 4
189.527 118.254 12 0
169.029 84.097 9 3
224.496 114.174 6 1
382.871 75.605 4 2
82.2532 110.413 3 4
222.359 96.3015 12 0
202.432 80.5216 9 3
229.744 63.0484 6 1
410.727 136.047 3 4
187.483 90.5475 9 3
273.86 104.604 6 1
299.908 104.106 4 2
239.884 92.1921 6 1
236.941 139.241 4 2
377.722 122.369 3 4
205.972 110.937 6 1
144.194 115.638 4 2
97.3727 93.836 3 4
215.225 72.6904 6 1
410.459 27.9811 4 2
216.472 110.098 3 4
148.386 103.897 6 1
273.174 84.1281 4 2
214.379 81.6505 3 4
197.719 102.227 6 1
108.275 83.4351 4 2
229.961 139.771 3 4
290.474 107.422 6 1
90.1273 71.0155 4 2
220.199 80.1916 3 4
179.521 133.218 6 1
378.683 82.4208 4 2
286.225 97.8835 3 4
159.401 99.1371 6 1
224.944 75.0456 4 2
188.78 103.273 3 4
133.128 62.6712 6 1
157.067 108.861 4 2
370.825 88.6064 6 1
414.934 22.598 3 4
402.537 108.097 6 1
380.704 90.1613 4 2
199.378 92.1266 3 4
445.937 179.264 4 2
180.518 142.162 3 4
167.055 108.379 6 1
217.122 62.872 4 2
439.045 180.492 3 4
206.333 92.9225 4 2
144.912 64.9372 6 1
161.051 140.853 4 2
273.82 77.158 3 4
206.715 101.968 3 4
421.617 16.5697 6 1
181.844 104.22 4 2
102.48 87.3629 3 4
220.799 154.309 4 2
233.407 82.0904 6 1
173.577 141.259 4 2
137.754 70.3917 3 4
376.402 96.9067 4 2
403.469 28.3446 3 4
386.281 98.4617 6 1
429.275 21.2973 3 4
267.058 78.9707 4 2
177.309 109.552 3 4
123.133 62.9898 4 2
243.38 82.8231 4 2
170.678 134.887 3 4
169.39 98.6556 4 2
378.81 103.48 3 4
400.956 99.2364 3 4
383.984 108.194 4 2
256.089 68.3668 4 2
171.593 128.958 3 4
254.452 76.1977 4 2
174.546 103.39 3 4
395.739 102.199 3 4
176.033 124.921 3 4
161.226 147.85 3 4
176.318 97.6579 3 4
260.894 73.4572 3 4
231.357 71.9027 3 4
393.542 107.782 3 4
174.876 115.037 3 4
