936 936 64 6
808 936 64 6
32 968 32 5
968 32 32 7
64 64 64 6
680 936 64 6
96 968 32 5
968 845.49033200812187 32 7
744 984 16 4
872 984 16 8
877.49033200812187 64 64 6
8 8 8 3
992 992 8 9
186.50966799187808 936 64 6
968 96 32 5
589.49033200812187 968 32 7
314.50966799187808 936 64 6
250.50966799187808 984 16 4
378.50966799187808 984 16 8
996 4 4 2
4 996 4 10
192 64 64 6
525.49033200812187 968 32 5
461.49033200812187 968 32 7
749.49033200812187 64 64 6
984 2 2 1
2 990.34314575050757 2 11
936 754.98066401624374 64 6
904 845.49033200812187 32 5
493.49033200812187 912.57437415779589 32 7
410.50966799187808 984 16 4
128 16 16 8
936 8 8 3
992 813.49033200812187 8 9
999 999 1 0
1 1 1 12
64 877.49033200812187 64 6
557.49033200812187 912.57437415779589 32 5
429.49033200812187 912.57437415779589 32 7
320 64 64 6
936 626.98066401624374 64 6
32 786.98066401624374 32 5
410.50966799187808 32 32 7
813.49033200812187 16 16 4
984 690.98066401624374 16 8
64 696.4709960243656 64 6
4 32 4 2
4 19.313708498984759 4 10
461.49033200812187 822.06470616591776 64 6
95.999999999999986 786.98066401624374 32 5
410.50966799187808 96.000000000000014 32 7
557.49033200812187 992 8 3
634.74516600406093 992 8 9
64 568.4709960243656 64 6
256 16 16 4
394.50966799187808 956.287187078898 16 8
621.49033200812187 64 64 6
530.98066401624374 32 32 5
465.93529383408213 64 32 7
998 16 2 1
2 24.970562748477139 2 11
64 440.4709960243656 64 6
936 498.98066401624374 64 6
530.98066401624374 95.999999999999986 32 5
465.93529383408213 128 32 7
16 632.4709960243656 16 4
685.49033200812187 16 16 8
1 27.798989873223331 1 0
999 20.686291501015241 1 12
936 370.98066401624374 64 6
992 877.49033200812187 8 3
128 992 8 9
112 4 4 2
282.50966799187808 996 4 10
250.50966799187808 825.14874831559189 64 6
156.54193445255939 844.79728651779931 32 5
165.07377336957796 781.36852549652406 32 7
218.07578579139937 701.32611999021083 64 6
344.47740153119673 844.79728651779931 32 5
135.55417527999327 632.4709960243656 32 7
16 504.4709960243656 16 4
984 434.98066401624374 16 8
64 192 64 6
353.56341650622238 749.22823121288582 64 6
32 282.50966799187808 32 5
32 346.50966799187808 32 7
744 825.14874831559189 64 6
984 562.98066401624374 16 4
400.75075780631437 874.12912900707795 16 8
8 936 8 3
493.49033200812187 992 8 9
112 998 2 1
291.88225099390854 998 2 11
926.14151454312764 182.39367566701168 64 6
835.63184655124951 150.39367566701171 32 5
837.96773353931871 844.79728651779931 32 7
813.88662064812797 243.8984624451345 64 6
646.05887450304567 996 4 2
996 594.98066401624374 4 10
616 825.14874831559189 64 6
772.0281351912555 157.50478677812288 32 5
904.39628864000611 275.8984624451345 32 7
286.50966799187808 999 1 0
640.40202025355336 999 1 12
690.8203528564602 208.70338137079227 64 6
949.31028207388272 258.96526446537626 16 4
867.55995273334167 882.59015043644001 16 8
992 64 8 3
64 992 8 9
721.87365245366084 332.87943616448632 64 6
817.62201303604263 339.82576222839907 32 5
829.43589462230011 781.36852549652406 32 7
800.07999196120579 434.20943399746079 64 6
673.22246991865529 451.27311183149806 64 6
864.44582472000673 690.98066401624374 32 5
782.93254698425926 737.39764128372337 32 7
16 128 16 4
606.43078061834694 904.574374157796 16 8
751.42880942620025 552.60310966447253 64 6
841.93847741807826 520.60310966447241 32 5
841.93847741807838 584.60310966447241 32 7
120 998 2 1
541.49033200812187 998 2 11
624.57128738364975 569.66678749850985 64 6
8 378.50966799187808 8 3
8 754.98066401624374 8 9
144 4 4 2
996 546.98066401624374 4 10
546.36494787610479 468.33678966553538 64 6
801.71195831057707 634.38088744225024 32 5
739.13737303224161 647.81298620768246 32 7
522.22990620992937 874.12912900707795 16 4
865.95104348928817 304.638036646942 16 8
497.71376534109925 586.73046533254717 64 6
575.9201048486442 688.06046316552158 64 6
666.42977284052222 656.06046316552147 32 5
666.42977284052233 720.06046316552147 32 7
419.50742583355429 485.4004674995727 64 6
702.20686048051891 688.06046316552136 16 4
949.97257608294251 290.95841008511115 16 8
107.31370849898477 999 1 0
536.80404050710661 999 1 12
468.15860836855978 367.00679183256091 64 6
480.17174426626241 681.11413710160889 32 5
424.7461184240583 649.114137101609 32 7
8 314.50966799187808 8 3
8 832.2354980121828 8 9
341.30108632600928 384.07046966659823 64 6
224 4 4 2
904 996 4 10
292.64990379100379 502.46414533361002 64 6
365.61755070804497 564.84781710267157 32 5
310.19192486584097 596.84781710267168 32 7
702.96913449037061 616.25576008151108 16 4
434.57038752516212 696.09800387126836 16 8
214.44356428345878 401.13414750063555 64 6
998 9.6568542494923797 2 1
2 986.34314575050757 2 11
263.09474681846427 282.74047183362376 64 6
196.901543208622 495.51781926969727 32 5
213.81291732548411 557.24306066638621 32 7
136.23722477591377 299.80414966766114 64 6
190.12709990142304 220.35680006456221 32 5
245.55272574362704 188.35680006456209 32 7
413.61637852091383 565.18326991688707 16 4
170.85177134440789 535.83418549760029 16 8
8 394.50966799187808 8 3
692.86453231378869 594.48658428514671 8 9
389.95226886101477 265.67679399958644 64 6
595.01613041111023 349.94311399852359 64 6
308.77480539686979 198.30509862858938 32 5
410.50966799187808 160.00000000000003 32 7
516.80979090356527 248.61311616554912 64 6
984 306.98066401624374 16 4
151.30018646752166 510.50168603935668 16 8
274.50966799187808 996 4 2
4 728.4709960243656 4 10
289.05382386916233 999 1 0
1 979.31370849898474 1 12
8 237.25483399593904 8 3
378.50966799187808 8 8 9
984 274.98066401624374 16 4
485.72583002030467 16 16 8
2 370.50966799187808 2 1
2 762.98066401624374 2 11
571.20718312374515 145.77777777777774 32 5
984 242.98066401624374 16 4
849.6518415843251 631.97930635900309 16 8
562.98066401624374 8 8 3
442.50966799187808 8 8 9
4 843.54920651116754 4 2
996 578.98066401624374 4 10
981.17157287525379 1 1 0
1 13.65685424949238 1 12
139.13739083377027 540.10010495610959 16 4
875.2604257981925 807.04508685740393 16 8
458.50966799187808 8 8 3
992 220.3532470182742 8 9
2 944 2 1
2 322.50966799187808 2 11
124.73957420180749 748.5354188655258 16 4
888 562.98066401624374 16 8
888 996 4 2
996 322.98066401624374 4 10
679.40623053741558 523.0070724401935 8 3
813.49033200812187 96.984845004941292 8 9
1 837.89235226167523 1 0
999 570.98066401624374 1 12
142.28535689705427 584.94530619204295 16 4
266.0801009377688 577.92304524833332 16 8
546.98066401624374 2 2 1
909.65685424949243 998 2 11
4 112 4 2
4 472.4709960243656 4 10
450.22248091298013 27.215390309173465 8 3
208.25980366469847 329.40018689194011 8 9
611.58026038668743 498.84847618311488 8 3
67.417253514410575 263.91885968519142 8 9
996 402.98066401624374 4 2
234.50966799187808 996 4 10
651.7157287525381 998 2 1
474.41212152131993 2 2 11
152.01587125334669 478.50969023904224 16 4
523.26729984999713 143.37619669453068 16 8
1 116 1 0
278.50966799187808 999 1 12
396.13602947977512 337.41075460828188 8 3
250.50966799187808 903.01515499505877 8 9
4 924.68629150101526 4 2
4 616.4709960243656 4 10
454.12197240204836 721.43050332951202 16 4
374.73258035188144 128.00000000000003 16 8
601.19989102987063 421.67707460721903 8 3
279.65887679404142 431.64583401821511 8 9
116 998 2 1
952 2 2 11
140 1 1 0
1 928.68629150101526 1 12
485.25123366302978 728.84461779757635 16 4
735.63633084158926 745.58714301373379 16 8
175.52470608621201 461.70908024201458 8 3
747.43428628582853 897.06679666026662 8 9
4 224 4 2
996 586.98066401624374 4 10
123.95214777959676 493.88588693357298 16 4
282.72503353265557 157.98873240068644 16 8
140.28541141979858 720.56531080009779 16 4
619.17299406898087 143.96643011211529 16 8
2 722.81414177487318 2 1
470.41212152131993 2 2 11
853.62188675498385 482.34741797988374 8 3
430.18488225645291 719.69392181353385 8 9
999 550.98066401624374 1 0
242.50966799187808 999 1 12
170.66130548082199 599.7373831919565 16 4
714.36965611427036 717.6588820822742 16 8
996 258.98066401624374 4 2
4 480.4709960243656 4 10
609.65242827446309 174.5173519795853 16 4
183.43408508644362 629.07773256182963 16 8
351.68145568282614 461.24187124249408 8 3
395.44004575532443 850.72407960504779 8 9
944 2 2 1
426.50966799187808 2 2 11
857.71464310294573 738.50635384856639 16 4
137.34164534232087 379.79652589947773 16 8
829.49033200812187 4 4 2
160 4 4 10
412.30836475731121 687.13126855211851 8 3
465.54198704664992 742.53934663077052 8 9
956.68629150101526 1 1 0
912.48528137423864 999 1 12
680 777.14874831559189 16 4
263.98776446790839 609.85456773156125 16 8
456.11102473297842 174.98386676965936 16 4
419.07953964670395 601.44979104546303 16 8
804.6255067579151 110.304562467534 8 3
418.00160137670775 961.19932162944986 8 9
4 405.82337649086281 4 2
266.50966799187808 996 4 10
998 228.3532470182742 2 1
56 998 2 11
436.55943985609224 200.31636622790302 16 4
705.12377059725975 755.22994692837187 16 8
148.14825855388111 743.24075202945539 8 3
608.08114031480864 932.5827464855895 8 9
544.15223689149752 1 1 0
999 262.98066401624374 1 12
4 520.4709960243656 4 2
346.50966799187808 996 4 10
80 998 2 1
2 386.50966799187808 2 11
851.98826970031655 373.33636357909484 16 4
659.7809821074253 282.43639611658955 16 8
374.3263771010869 818.16950671121197 8 3
478.52949573870103 751.88411083185645 8 9
4 648.4709960243656 4 2
367.19595949289334 4 4 10
114.59080830668668 932.58274648558938 8 3
529.80081790052759 319.43142748094408 8 9
999 254.98066401624374 1 0
914.48528137423864 999 1 12
2 849.20606076065997 2 1
48 998 2 11
128.67276946955212 518.50168603935674 8 3
400.14390973953653 585.04510731766186 8 9
996 338.98066401624374 4 2
574.29437251522847 4 4 10
199.95136900252666 173.37293329490285 16 4
650.6986931563705 138.47732298514418 16 8
1 476.4709960243656 1 0
999 252.98066401624374 1 12
56 314.50966799187808 8 3
667.038709299895 379.53915122280262 8 9
255.37699484473066 141.37293329490274 16 4
487.82540524361605 170.71794731115006 16 8
998 829.49033200812187 2 1
2 854.86291501015239 2 11
996 904 4 2
712 996 4 10
745.24504880743996 480.86914905577709 8 3
398.40377328456094 679.21531403128404 8 9
223.66261433409304 145.63885275341207 16 4
355.79328160694138 611.83168387233093 16 8
996 290.98066401624374 4 2
4 488.4709960243656 4 10
2 417.84357902639607 2 1
76 998 2 11
999 318.98066401624374 1 0
258.50966799187808 999 1 12
381.90920919227187 859.26319325366262 8 3
569.73634422988391 616.3265025568262 8 9
362.56978471812999 157.59841891675293 16 4
142.12827208855416 220.02134725034671 16 8
877.7388810733803 541.28482482127902 8 3
411.61953483969961 703.11643396710883 8 9
313.85429479363694 150.57461793262183 16 4
583.04508685740393 192.29512975736304 16 8
4 528.4709960243656 4 2
856 996 4 10
988 2 2 1
340.85281374238571 998 2 11
294.71067811865476 999 1 0
568.63751826573616 1 1 12
633.36680963545837 264.37285569337291 16 4
387.507662117579 607.56576441382163 16 8
822.67330238307989 741.94432802585845 8 3
506.98066401624374 63.999999999999993 8 9
4 656.4709960243656 4 2
924.68629150101526 4 4 10
865.93847741807826 552.60310966447241 8 3
728.05741307242113 404.61339677318176 8 9
573.49033200812187 998 2 1
554.98066401624374 2 2 11
1 983.51471862576136 1 0
999 294.98066401624374 1 12
593.91170984470318 269.95073776670699 16 4
379.32955291745981 664.64911626428716 16 8
869.94971374720251 783.64003745537377 8 3
193.4494492022902 607.2673570119448 8 9
996 658.98066401624374 4 2
996 209.03953851928944 4 10
112 128 16 4
214.01195645357024 619.64408095412978 16 8
157.37930256303056 555.69602289837496 8 3
460.49653000168769 198.57978471192479 8 9
550.98066401624374 2 2 1
998 649.60808101421321 2 11
916.68629150101526 4 4 2
669.49033200812187 4 4 10
270.50966799187808 999 1 0
992 1 1 12
434.41272578566844 735.12523216270608 8 3
361.15639493520234 881.15400775375701 8 9
685.49033200812187 112 16 4
537.77574342792047 846.15902094164994 16 8
386.50966799187808 2 2 1
998 825.49033200812187 2 11
655.08990498599871 305.97346890487034 8 3
352.10516335391191 136 8 9
980.68629150101526 996 4 2
776 996 4 10
616.14520407885163 237.40219937854343 16 4
168.23698849188904 177.63885275341218 16 8
1 524.4709960243656 1 0
578.17662350913713 999 1 12
533.48872996449427 822.54500994045827 8 3
163.10792062518587 451.61832017079843 8 9
661.49033200812187 4 4 2
797.49033200812187 4 4 10
72 998 2 1
702.62741699796948 998 2 11
540.18118725734439 396.60282905683994 8 3
821.27597195733551 726.00546145130897 8 9
999 316.98066401624374 1 0
43.313708498984759 999 1 12
996 674.98066401624374 4 2
508.3532470182742 4 4 10
744.95026446869463 264.67775013028626 8 3
237.13508311547037 125.77701535263735 8 9
785.37258300203052 998 2 1
2 37.656854249492383 2 11
4 160 4 2
701.49033200812187 4 4 10
180.39978412564042 148.04043383665925 16 4
336.2416967300552 637.16418333057459 16 8
837.33363996384719 652.57692536793843 8 3
489.93529383408213 96 8 9
864 999 1 0
477.72583002030467 1 1 12
148.6854036150028 152.30635329516855 16 4
305.11243546907383 644.57829779863926 16 8
998 397.32380976675137 2 1
998 861.49033200812187 2 11
461.97484774979944 295.27283122386547 8 3
979.68340933690558 134.25569168458867 8 9
589.49033200812187 4 4 2
896 996 4 10
164.74235361399258 576.47870720216383 8 3
678.1131821774278 617.8047714809328 8 9
999 552.98066401624374 1 0
1 496.4709960243656 1 12
545.49033200812187 998 2 1
434.50966799187808 2 2 11
840 996 4 2
996 888.80404050710661 4 10
247.18366897844845 592.71915484534486 8 3
122.26111892661964 149.69583919496472 8 9
372.11715396929566 892.80998310533278 8 3
864.30346462804346 761.58420970456848 8 9
968 996 4 2
96 4 4 10
2 366.50966799187808 2 1
430.50966799187808 2 2 11
1 652.4709960243656 1 0
677.49033200812187 1 1 12
205.79815341670167 597.09339494080575 8 3
256 96.984845004941292 8 9
996 418.98066401624374 4 2
354.50966799187808 996 4 10
998 909.65685424949243 2 1
998 48 2 11
409.12705647673744 408.22906592367684 8 3
676.56571371417147 864.08195165532527 8 9
138 1 1 0
1 719.98571465012697 1 12
352 4 4 2
996 466.98066401624374 4 10
286.67994856036051 629.20808549170897 8 3
988.99247904416973 147.26880895852796 8 9
394.50966799187808 2 2 1
2 306.50966799187808 2 11
327.09787757547429 667.82997161765957 16 4
888 434.98066401624374 16 8
839.82609928294744 722.50635384856639 8 3
221.7974367586103 596.94195998669954 8 9
999 590.98066401624374 1 0
1 861.49033200812187 1 12
996 706.98066401624374 4 2
218.50966799187808 996 4 10
250.99148957602137 117.77701535263732 8 3
294.14504817725697 136.87988909942786 8 9
2 330.50966799187808 2 1
2 298.50966799187808 2 11
996 980.68629150101526 4 2
4 664.4709960243656 4 10
823.94843721434393 112.13798398242302 8 3
868.17975334056371 651.15532312559242 8 9
999 858.66190488337566 1 0
999 702.98066401624374 1 12
374.88798633860802 178.19603792568822 8 3
862.93095646224788 469.33430070594443 8 9
837.49033200812187 4 4 2
240 4 4 10
2 362.50966799187808 2 1
998 476.3532470182742 2 11
82.828427124746185 999 1 0
999 213.03953851928944 1 12
856.3737749690257 349.74044563682941 8 3
281.11527333962363 644.20923177083432 8 9
4 104 4 2
996 458.98066401624374 4 10
509.49033200812187 998 2 1
169.37258300203047 2 2 11
374.03519333620164 627.4276018145963 8 3
273.47511617528113 359.91187340951961 8 9
777.93343715140873 676.07719341152028 16 4
295.96861631449292 675.24408608572423 16 8
653.49033200812187 4 4 2
226.50966799187808 996 4 10
999 646.779653889467 1 0
1 660.4709960243656 1 12
382.37437481698765 831.99809061430403 8 3
96.984845004941292 504.4709960243656 8 9
90.343145750507617 2 2 1
218.34314575050763 2 2 11
560.41766985943445 184.29512975736301 8 3
447.40023447771949 744.46999636379212 8 9
4 144 4 2
996 972.68629150101526 4 10
809.42532247682391 681.75708413678092 16 4
538.09040760679295 798.99029570155551 16 8
999 266.98066401624374 1 0
900 999 1 12
332.28678170235031 165.94483023955212 8 3
888.57846048725764 312.638036646942 8 9
2 466.81414177487324 2 1
2 302.50966799187808 2 11
996 666.98066401624374 4 2
4 259.88225099390854 4 10
155.60074086993146 200.15950984957198 8 3
494.50444350823159 750.98910035104007 8 9
583.83347775862944 2 2 1
998 348.3532470182742 2 11
999 286.98066401624374 1 0
215.51471862576145 1 1 12
996 530.98066401624374 4 2
394.50966799187808 996 4 10
857.15938046428982 333.75974402501618 8 3
172.85713110370318 559.75025817343487 8 9
392.75075780631437 896.75654600504743 8 3
142.47440321251034 403.24124378317185 8 9
996 450.98066401624374 4 2
996 410.98066401624374 4 10
998 821.49033200812187 2 1
998 958.62741699796948 2 11
1 40.485281374238575 1 0
999 250.98066401624374 1 12
556.74531723292159 545.50819124143118 8 3
144.29989834629359 175.90227123743398 8 9
996 722.98066401624374 4 2
152 4 4 10
793.03795682870623 121.33763487000159 8 3
826.9788875772382 665.39027772057625 8 9
998 72 2 1
975.02943725152284 998 2 11
880 999 1 0
999 282.98066401624374 1 12
499.50436575258828 149.75126227440981 8 3
376.75239423546037 874.4093894593509 8 9
709.49033200812187 4 4 2
612.11774900609134 996 4 10
514.01010126776657 2 2 1
998 52 2 11
878.52183071038235 325.08248109138646 8 3
140.12291232925881 196.10527457451218 8 9
996 538.98066401624374 4 2
781.49033200812187 4 4 10
1 484.4709960243656 1 0
705.49033200812187 1 1 12
128 96.984845004941292 8 3
877.7388810733803 456.67650321120846 8 9
390.50966799187808 2 2 1
450.50966799187808 2 2 11
362.50966799187808 996 4 2
996 330.98066401624374 4 10
829.44018069736205 710.33537627346618 8 3
359.2041939095995 181.36126383291429 8 9
673.49033200812187 1 1 0
260.50966799187808 999 1 12
658.30416080503528 766.88762938897219 8 3
588.77895197451369 246.50601988301284 8 9
104 4 4 2
4 916.68629150101526 4 10
9.6568542494923797 998 2 1
998 898.34314575050757 2 11
745.36946758765407 723.64936625576672 8 3
234.33650663161222 606.88035657367357 8 9
999 670.98066401624374 1 0
999 883.14718625761429 1 12
232 4 4 2
623.4314575050762 996 4 10
348.81248395114949 657.60862777501893 8 3
478.53897772537664 444.17819340845676 8 9
2 766.98066401624374 2 1
501.49033200812187 998 2 11
4 600.4709960243656 4 2
996 714.98066401624374 4 10
322.12629871028662 241.51819774250782 8 3
389.03913150316907 811.88183163181952 8 9
657.49033200812187 1 1 0
100 1 1 12
505.49033200812187 998 2 1
772.11774900609134 2 2 11
278.33952826394631 134.39281445842101 8 3
139.86294104855381 881.15400775375701 8 9
728 996 4 2
996 802.17662350913713 4 10
135.99839795637237 696.95129979890612 8 3
350.41153279563991 673.52852233474937 8 9
164 1 1 0
999 326.98066401624374 1 12
2 218.34314575050763 2 1
2 413.84357902639607 2 11
4 820.92178951319806 4 2
139.31370849898477 996 4 10
732.71116653914873 150.14435363806544 8 3
131.82024665943635 672.29633691501692 8 9
237.84244309215106 622.49151955196135 8 3
738.74121290795927 135.32414646036392 8 9
4 736.4709960243656 4 2
4 152 4 10
2 900.11774900609134 2 1
998 865.49033200812187 2 11
1 981.51471862576136 1 0
370.50966799187808 999 1 12
385.48675783180227 641.45237451802461 8 3
66.621387483049872 326.4757086041655 8 9
4 251.88225099390854 4 2
4 96 4 10
911.02943725152284 2 2 1
2 86.627416997969519 2 11
999 534.98066401624374 1 0
108 1 1 12
615.29070456799047 280.85663454879938 8 3
384.86908219219231 190.70114590449279 8 9
720 996 4 2
789.49033200812187 4 4 10
507.46044043600853 710.36011223247567 8 3
144.71676378442396 419.08333389355585 8 9
522.91911647838344 770.81527262264672 16 4
751.54692283275347 694.18111183023291 16 8
617.77460325558377 998 2 1
2 742.12785027385803 2 11
1 208 1 0
999 986.34314575050757 1 12
282.47227280117716 760.63214662420887 8 3
636.47606979628483 288.17059720916171 8 9
32 4 4 2
848 996 4 10
2 245.25483399593904 2 1
998 869.49033200812187 2 11
768 996 4 2
24 4 4 10
999 45.171572875253808 1 0
172.20101012677665 1 1 12
389.49062649233667 912.42088588311515 8 3
724.8342774784885 696.06046316552124 8 9
4 812.92178951319806 4 2
717.49033200812187 4 4 10
998 521.60808101421321 2 1
2 591.09841302233508 2 11
267.43482507164282 755.16632868162026 8 3
506.36685356878354 740.25209762423981 8 9
696 999 1 0
732 999 1 12
337.85145692308714 150.94368396042674 8 3
136.86482525020671 110.304562467534 8 9
4 608.4709960243656 4 2
154.50966799187808 996 4 10
2 169.37258300203047 2 1
497.03953851928941 2 2 11
860.87256157000922 395.63141589960111 8 3
281.70909807099304 744.65035810316999 8 9
166 1 1 0
769.28932188134513 1 1 12
996 201.03953851928944 4 2
4 536.4709960243656 4 10
147.72724319139994 670.57370482077908 8 3
432.81367694117807 751.04512672243652 8 9
2 770.98066401624374 2 1
477.49033200812187 998 2 11
867.89131994056038 410.00976875852825 8 3
707.18617120308659 122.26111892661966 8 9
288 4 4 2
845.49033200812187 4 4 10
999 662.98066401624374 1 0
1 494.4709960243656 1 12
790.50422437250302 696.52163785596463 8 3
360.17878687565064 635.4276018145963 8 9
998 962.62741699796948 2 1
598.86291501015239 2 2 11
272 4 4 2
760 996 4 10
148.45237517941561 121.33763487000159 8 3
618.98506800704433 213.57080888471472 8 9
999 710.98066401624374 1 0
228 1 1 12
549.49033200812187 998 2 1
485.49033200812187 998 2 11
996 786.98066401624374 4 2
438.86291501015234 996 4 10
721.0974662713711 130.16528678434668 8 3
514.07559572403409 724.9285617215362 8 9
280 4 4 2
426.50966799187808 996 4 10
2 326.50966799187808 2 1
605.49033200812187 998 2 11
780 999 1 0
999 205.03953851928944 1 12
226.12343776573687 516.54353872214074 4 2
996 193.03953851928944 4 10
998 792.63751826573616 2 1
723.14718625761429 2 2 11
999 554.98066401624374 1 0
1 773.80909114098995 1 12
535.58550147047515 163.97381570346599 8 3
162.15787239638013 132.44451589439385 8 9
996 185.03953851928944 4 2
810.4808027792925 868.0452678794901 4 10
16 998 2 1
998 56 2 11
332.75072675295729 135.7785083356103 8 3
644.39286573675076 758.98346153124521 8 9
996 177.03953851928944 4 2
423.67243929039938 729.7730133705096 4 10
999 698.98066401624374 1 0
80 1 1 12
335.11732570724894 312.33650905790279 8 3
392.63044806088465 928.10978388513172 8 9
2 807.26493526370564 2 1
501.03953851928941 2 2 11
996 169.03953851928944 4 2
864.96533913509415 358.11809597450332 4 10
222.50966799187808 999 1 0
752 999 1 12
638.00434778059719 158.84527809803126 8 3
484.72273834413693 515.91215401715226 8 9
996 161.03953851928944 4 2
221.04394836896958 468.81305802617322 4 10
2 746.98066401624374 2 1
851.14718625761429 2 2 11
578.29437251522847 1 1 0
244 1 1 12
287.62771630567715 654.28832332781008 4 2
147.68452082988065 991.826588180268 4 10
18.34314575050762 2 2 1
830.62741699796948 998 2 11
545.63859056200295 868.83446217100754 8 3
619.68382577649334 197.58607436769395 8 9
126.76558363339829 597.56024328442311 4 2
228.23735953034461 524.25919389672686 4 10
1 640.4709960243656 1 0
999 454.98066401624374 1 12
998 155.38268426979707 2 1
2 670.12785027385803 2 11
586.53659140260015 230.66392977262885 8 3
276.88742981040809 659.64054212000656 8 9
218.12972962050549 165.03343659290002 4 2
596.08116787089682 932.60846312139074 4 10
1 424.4709960243656 1 0
665.49033200812187 1 1 12
444.5197692596447 998 2 1
998 600.63751826573616 2 11
429.97626966174477 126.28285685708572 4 2
156.13280476971318 662.00944568450905 4 10
999 644.779653889467 1 0
1 172.20101012677665 1 12
694.13512340601881 515.97752376853259 4 2
286.04951970549331 570.14305585914769 4 10
657.37258300203052 998 2 1
212.85281374238571 998 2 11
865.97262771546571 131.017478972481 4 2
875.25586171036286 468.41680196562186 4 10
361.53910524340097 2 2 1
998 728.63751826573616 2 11
514.17662350913713 999 1 0
1 717.98571465012697 1 12
763.42302030614371 988.76930625847501 4 2
541.33738149505916 880.03712259442659 4 10
948 2 2 1
647.83347775862944 2 2 11
1 255.88225099390854 1 0
1 140 1 12
399.9934273147407 550.54034669663406 4 2
367.19595949289334 12 4 10
144.97056274847714 998 2 1
41.372583002030481 2 2 11
579.07005023433442 221.26974204922286 4 2
525.49033200812187 929.0667966602665 4 10
999 197.03953851928944 1 0
999 462.98066401624374 1 12
293.65685424949237 2 2 1
2 952 2 11
834.08048695025684 745.66939718633864 4 2
147.42302030614371 11.230693741524936 4 10
999 394.49538264200515 1 0
999 832.31875913286808 1 12
407.30869257073294 617.61911877156547 4 2
907.89139377908691 437.0621186819285 4 10
565.49033200812187 998 2 1
160.16652224137044 998 2 11
999 189.03953851928944 1 0
447.34819638439092 999 1 12
733.58800074311898 419.96811720954162 4 2
316.99047077117052 868.0452678794901 4 10
342.62741699796953 2 2 1
2 803.26493526370564 2 11
643.80235584255274 684.06046316552147 4 2
500.78561014538161 518.7998848146508 4 10
1 335.19595949289334 1 0
892 999 1 12
2 904.11774900609134 2 1
2 542.12785027385803 2 11
10.928203230275509 108 4 2
284.0074003058279 347.44488377065829 4 10
697.49033200812187 1 1 0
999 731.46594539048237 1 12
998 966.62741699796948 2 1
481.49033200812187 998 2 11
461.49033200812187 929.0667966602665 4 2
104.48642950929748 513.83722418323532 4 10
605.49126072727893 204.97329964676976 8 3
153.22622867814852 439.03451453562366 8 9
446.46869216421544 97.717143142914296 4 2
128 41.021749413847886 4 10
432.16652224137044 998 2 1
569.49033200812187 998 2 11
1 401.82337649086281 1 0
999 718.98066401624374 1 12
793.54462482983729 778.57267988479077 4 2
256.76512259412613 560.22470695183029 4 10
2 911.02943725152284 2 1
958.62741699796948 998 2 11
593.49033200812187 1 1 0
356 1 1 12
136.49092524166258 122.29873600236377 4 2
899.87419571109876 684.59078695032542 4 10
998 777.60808101421321 2 1
998 76 2 11
793.49033200812187 1 1 0
734 999 1 12
724.3628181748569 614.98445397174282 4 2
212.0643879705716 769.05988628324781 4 10
2 948 2 1
998 80 2 11
643.80235584255274 692.06046316552147 4 2
874.04294471006745 726.95704362557615 4 10
580.29437251522847 1 1 0
1 156 1 12
41.021749413847886 504.4709960243656 4 2
724.57697969385629 988.76930625847501 4 10
52 998 2 1
2 266.50966799187808 2 11
999 334.98066401624374 1 0
999 582.98066401624374 1 12
563.37714579284909 195.92446775225935 4 2
972 258.98066401624374 4 10
907.02943725152284 2 2 1
520.96442728286218 793.44946562436178 2 11
103.55555555555546 751.78245979718008 4 2
582.47440113968435 7.8440491736326869 4 10
338.02438661763949 999 1 0
999 976.68629150101526 1 12
900.11774900609134 2 2 1
991.40741103032269 719.11955969809878 2 11
137.02206852809044 809.88346641327973 8 3
523.74480084537356 737.67636436832447 8 9
655.52930706494851 317.96542144868141 4 2
940.00000000000011 868.11774900609146 4 10
824 999 1 0
350.50966799187808 999 1 12
5.6153468707624699 764.69217416931554 2 1
394.13006043821946 546.32656474526584 2 11
811.59769625386207 501.22691296994174 4 2
668.59673740678681 760.71811831457774 4 10
1 492.4709960243656 1 0
884 999 1 12
991.52786404500046 197.03953851928944 2 1
309.62267337796794 663.51520183753723 2 11
396.60469873208103 193.2062016780616 4 2
354.56175164932881 530.58750030359204 4 10
41.021749413847886 128 4 2
599.95161825516141 250.88455025075939 4 10
888.68400097608594 452.96766328417925 2 1
322.35801055434462 167.13625941937357 2 11
999 700.98066401624374 1 0
1 906.94617613083756 1 12
733.0025086302586 265.79628954627378 4 2
357.43619671754647 523.12174076086637 4 10
814.07776764653295 751.03491483448431 2 1
47.017631092193689 504.24872839452104 2 11
999 807.83347775862944 1 0
999 426.98066401624374 1 12
992.1559508263673 793.99659488468126 4 2
176.05606211297734 580.47870720216383 4 10
554.90504778113609 771.76406063668901 16 4
900.13889568185505 991.40741103032269 2 1
165.53227832899287 461.31999475429132 2 11
287.63260521120344 126.8007975424521 4 2
733.5454135519866 725.6967416882693 4 10
1 852.03448788540618 1 0
767.28932188134513 1 1 12
213.37204061391247 161.3777020132917 2 1
482.04414044876216 453.54375982392725 2 11
131.99663715917751 567.79473051204241 4 2
502.36061224826994 876.41192498244754 4 10
836 999 1 0
999 284.98066401624374 1 12
119.99432014743246 921.86817417555665 4 2
751.64203774683767 757.57953003481032 4 10
505.62785947904666 9.3453028689703999 2 1
690.14960729292397 577.11554295676478 2 11
654.54415587728431 999 1 0
358.50966799187808 999 1 12
588.1023440432964 932.02676704257044 4 2
988.76930625847501 415.55764371010002 4 10
647.65298667722755 156.21777596816878 2 1
355.18661840621166 470.60743765796457 2 11
525.45229438874117 403.63237772850084 4 2
198.60991924974564 869.08524886471992 4 10
1 715.98571465012697 1 0
833.45584412271569 999 1 12
133.32047154622381 509.64737266075412 2 1
377.60828337395378 168.57314937601203 2 11
124.90029072566431 820.32676583963962 8 3
707.2966085766609 138.26073778415866 8 9
524.33909493873091 894.01760111798421 4 2
846.30861231589131 879.81770543640334 4 10
893.49033200812187 1 1 0
772 999 1 12
970.68484563333084 129.89382840466956 2 1
278.02173919343306 347.03032249947631 2 11
190.24991840919054 595.7017613634705 4 2
204.15110953980454 767.88514185267718 4 10
126.59786235374321 401.25744682786171 8 3
71.703352968811771 341.64718271848693 8 9
343.08840687673705 177.7484268775288 8 3
629.07945384196012 754.34671524311557 8 9
150.22712415818177 186.3362538986658 4 2
906.89012657953617 688.43483612395812 4 10
582.56104468842705 254.33785421359147 2 1
548.35292955777936 402.36673639260459 2 11
348 1 1 0
474.66190488337566 999 1 12
686.62105542701181 604.73446193685015 4 2
987.57139377908697 326.65920935055897 4 10
172.14978375365428 132.04238727271186 2 1
274.09975985095571 347.81650189196932 2 11
1 420.67200615114228 1 0
44.201010126776673 1 1 12
864.00957542057711 457.38287480177991 4 2
937.6592188357838 115.37619669453069 4 10
163.59787860521939 563.52732623865711 2 1
486.85259855377245 757.42721100502217 2 11
999 234.98066401624374 1 0
999 780.43650813895943 1 12
504.97689360497174 160.43074910219732 4 2
86.978250586152114 128 4 10
867.72417430762187 562.44238233163003 2 1
993.78569688954349 54.160727332842406 2 11
700.33989617024042 668.14779272019564 4 2
145.82826246354742 558.94771055559738 4 10
390.50966799187808 999 1 0
999 296.98066401624374 1 12
543.29310307182243 536.26737018343181 4 2
603.33252824431918 129.53086419753089 4 10
736.93985189158514 414.99166326335404 2 1
727.14368121276198 267.09017566645178 2 11
133.65685424949237 999 1 0
503.86796564403562 1 1 12
700.40167560323368 731.97305409616649 4 2
11.23069374152494 651.89401633050932 4 10
390.75642485264353 649.95123382321708 2 1
539.48168750894331 781.04414457564906 2 11
230.50966799187808 999 1 0
493.72583002030467 1 1 12
862.13659148088107 490.80317361913819 4 2
341.39879071136909 455.05585466599115 4 10
390.57220425445558 587.9403541304348 2 1
493.40652963457757 520.87116287216224 2 11
547.47308651871435 63.999999999999993 4 2
329.58673803655108 296.98178862154293 4 10
148 1 1 0
833.49033200812187 1 1 12
59.473494109147737 257.84459540782433 2 1
734.60759538407717 425.8808514981875 2 11
705.1688773424371 12.428606220913048 4 2
418.78454307117784 723.43988850594872 4 10
194.27646413967918 529.41632896970918 2 1
353.92910592428001 477.95171204131782 2 11
999 264.98066401624374 1 0
844 999 1 12
270.18821332619325 987.57139377908697 4 2
467.23674145928283 647.51821915934352 4 10
256 41.021749413847886 4 2
132.21793575602271 475.67389228365141 4 10
878.90529186579295 788.08948917011628 2 1
273.26249770190952 594.42798925679517 2 11
904.20101012677662 1 1 0
801.49033200812187 1 1 12
872.41968435454464 398.89698712051518 4 2
359.08664768573436 988.76930625847501 4 10
883.87714896979867 303.00869865204567 2 1
753.41679110787493 486.63305639154174 2 11
1 269.33809511662429 1 0
388.50966799187808 999 1 12
830.88473445645559 733.19376328383544 4 2
269.6951309039747 215.06156130808606 4 10
323.7673943902347 650.14076921187439 2 1
783.05083009853445 120.83038771575832 2 11
162.99494936611663 999 1 0
675.49033200812187 1 1 12
419.40972144819449 414.41508250017978 4 2
41.021749413847886 632.4709960243656 4 10
606.13891406899336 284.88710978907397 2 1
557.49033200812187 979.48912529307609 2 11
230.50966799187808 989.07179676972453 4 2
656.54012931068326 385.35119201843736 4 10
724 999 1 0
999 442.98066401624374 1 12
987.57139377908697 710.65920935055897 4 2
10.928203230275509 816.92178951319806 4 10
479.98959694453868 94.959272667157606 2 1
849.79020700694025 721.65985679324581 2 11
546.18517354567314 176.98513326770788 8 3
511.82154052626368 170.28726007326861 8 9
346 1 1 0
999 386.98066401624374 1 12
249.75654980692786 555.2292870845497 4 2
631.23156862145856 648.50490760996593 4 10
722.86494441112279 758.27145177076488 2 1
994.53589838486221 74 2 11
828.90722861879988 677.23432689420895 4 2
633.76927596810185 640.91807418469602 4 10
999 892.80404050710661 1 0
708 999 1 12
340.69454916739073 160.53101030776574 2 1
733.06709889715989 413.99077153885497 2 11
10.928203230275509 148 4 2
457.49033200812175 889.9469571598263 4 10
999 920 1 0
519.666955517259 1 1 12
629.70911737439462 735.92216112437654 8 3
115.49633615656616 389.73546279326979 8 9
216.43154596513344 335.16409422770477 2 1
380.54105773407315 331.00235641679132 2 11
353.82016600907275 646.70344000007651 4 2
552.88154771077825 859.26683071170669 4 10
185.35601262683625 463.5381269074332 2 1
392.44676584742746 124.80506146704086 2 11
999 470.98066401624374 1 0
897.28932188134513 1 1 12
330.05513090309591 559.2518991604062 4 2
24.444444444444528 822.17886823530739 4 10
756.14311400755628 189.81060826579636 4 2
989.07179676972453 454.98066401624374 4 10
9.6568542494923797 994 2 1
289.43309531967475 343.25734054168549 2 11
999 392.49538264200515 1 0
999 314.98066401624374 1 12
114.10383626416896 373.79617347254805 8 3
133.1237118348796 463.70812571000596 8 9
420.62005176797379 876.41192498244743 4 2
746.46835946907413 252.77416295793259 4 10
850.18079497063695 391.24538463278645 2 1
399.02054269880205 128.00000000000003 2 11
1 89.455844122715703 1 0
136 1 1 12
460.3085382290073 643.51821915934352 4 2
987.57139377908697 582.65920935055897 4 10
264.88569449542189 160.38831209609796 2 1
604.16486229153372 255.1563853002402 2 11
67.391536878609287 275.91883212910324 4 2
797.00814715692354 502.14001451535717 4 10
422.50966799187808 999 1 0
208 1 1 12
685.85284065238932 610.68507922080073 2 1
461.49033200812187 901.0852488647198 2 11
557.49033200812187 951.50757749752938 4 2
61.130559463309829 303.66174839439572 4 10
1 642.4709960243656 1 0
386.50966799187808 999 1 12
645.33359164663159 296.26654104979139 4 2
358.51149998094127 664.67467957597842 4 10
5.6153468707624699 945.7115101530718 2 1
864.94227556180761 792.29599279372019 2 11
1 210 1 0
841.49033200812187 1 1 12
371.57912606092572 639.17356850701117 4 2
869.2238052349295 862.65948073236439 4 10
360.17246064373819 528.46148417476013 2 1
520.56990833253246 407.11982757016722 2 11
769.58661319000305 618.13397386200336 4 2
574.29437251522847 12 4 10
825.49033200812187 1 1 0
202.50966799187808 999 1 12
912.87910560468742 688.79833335406977 2 1
936 856.97945730119795 2 11
802.3689163554717 176.88098347265353 4 2
291.32007961332249 434.47714975609938 4 10
276 1 1 0
627.4314575050762 999 1 12
243.01018365988048 154.45199981810174 2 1
349.70308679224075 594.89327995935867 2 11
330.40889147506965 232.83495773126984 4 2
235.35621777082244 465.83855943767009 4 10
473.56793478523821 184.74379973189383 4 2
10.928203230275509 920.68629150101526 4 10
830.06902339949215 720.31558453061075 2 1
710.84865498885551 10.494665713232878 2 11
13.65685424949238 1 1 0
754 999 1 12
132.55147188933717 871.63862974057099 4 2
425.39965617521352 970.64753760911003 4 10
517.66058433863861 856.71874998660451 2 1
528.22224549179293 814.04417814005217 2 11
999 770.98066401624374 1 0
826 999 1 12
613.88610928420076 268.93912171730824 4 2
506.43781553143907 752.25188780573285 4 10
157.11059188019715 210.04487023383717 2 1
296.93080379978323 436.60312579158631 2 11
1 857.6913421348986 1 0
330.50966799187808 999 1 12
865.55921012185786 483.57228974243003 4 2
869.19808442094245 283.45401800068998 4 10
342.14370319293727 164.25927432876028 2 1
522.61096237277457 789.80406822521763 2 11
627.64313218793211 501.73620698061347 4 2
785.67134388774696 356.41355114000942 4 10
516.83852839251279 1 1 0
999 610.98066401624374 1 12
266.79700948933203 120.26408999364415 8 3
147.26917929532004 453.88421361171754 8 9
176.05606211297734 572.47870720216383 4 2
847.05152961114482 184.53442608072609 4 10
521.61842349633116 856.13951842510676 2 1
201.15401714587094 632.24064384880546 2 11
1 897.28932188134513 1 0
999 682.98066401624374 1 12
139.31370849898477 988 4 2
360.26775626261781 8 4 10
822.72176862065885 100.82939674327343 2 1
156.03826000059763 458.69079488995766 2 11
489.07126185592347 431.71120376959544 4 2
226.0861240737604 218.63965692164783 4 10
368.50966799187808 999 1 0
999 738.98066401624374 1 12
8.5925889696773385 28.13889568185499 2 1
87.235598790415935 506.69634953528544 2 11
579.43661657692496 283.75188535990083 4 2
869.50263242295443 138.19655041418622 4 10
999 446.98066401624374 1 0
764 999 1 12
552.98066401624374 5.4641016151377544 2 1
169.48686031210082 617.6990278423126 2 11
24.444444444444503 932.80179578093635 4 2
504.31414942661002 654.4093758580849 4 10
28 1 1 0
262.50966799187808 999 1 12
980.14944053669012 811.60241241063954 4 2
783.85378585966851 304.90689493253001 4 10
46.054303110456537 315.55039532472045 2 1
428.91863696049592 420.07490508236782 2 11
387.88225099390854 67.999999999999986 4 2
480.20552148405284 189.20949596156723 4 10
240.78191278466926 461.65101620869729 2 1
189.19171440187142 462.40349397428173 2 11
1 713.98571465012697 1 0
920 999 1 12
655.76707742975464 755.15889510317334 4 2
126.50236479608336 232.50457685198052 4 10
70.432781979563771 357.59665447655095 8 3
535.99056418909686 747.97399905448037 8 9
455.98070020821325 739.33427753895148 2 1
682.63368104559686 385.94754941429318 2 11
1 824.92178951319806 1 0
1 212 1 12
959.40739566371587 241.70118913091346 4 2
231.45128270074213 472.82078559402282 4 10
334.13443328224105 300.89567006485834 2 1
719.88567077198616 398.84948943741711 2 11
629.29439092560585 981.30939426205919 4 2
239.59115039074626 114.03104866022251 4 10
1 42.485281374238575 1 0
999 472.98066401624374 1 12
832.94700091791867 116.49984726234216 2 1
8.5925889696773385 156.13889568185499 2 11
850.04703166785805 810.88430144243523 4 2
665.49033200812187 10.928203230275509 4 10
999 444.98066401624374 1 0
284 1 1 12
626.20622410822455 187.51342228384681 4 2
687.57178667380663 92.108606220913046 4 10
394.50966799187808 975.75378874876469 2 1
614.88123980824741 925.2507176477211 2 11
264 1 1 0
1 176 1 12
324.61874571803719 318.14854985353753 4 2
241.14343983300847 895.51357049070259 4 10
994 9.6568542494923797 2 1
785.35143632626682 8.5925889696773385 2 11
280.79559553922223 122.64684776600618 4 2
513.73794609928302 316.54369668344549 4 10
693.49033200812187 1 1 0
999 524.43650813895943 1 12
477.63315869776244 454.13708350169566 2 1
160.03116096910114 565.33799608824393 2 11
611.69847101908238 415.86503381158428 4 2
924.68629150101526 12 4 10
84.880715193613653 350.72226535151924 8 3
613.12014299201098 753.20636564992299 8 9
596.03448788540618 1 1 0
48 1 1 12
760.07490699971129 678.3295035191461 2 1
605.22202331175242 506.56681935370028 2 11
744 958.97825058615217 4 2
808.06769154637334 508.40598441164695 4 10
703.36189760047148 773.14351171998135 2 1
478.36450126920181 523.63049718773766 2 11
999 514.98066401624374 1 0
170.50966799187808 999 1 12
124.98646420324127 108.60029170326735 4 2
263.19245120382408 353.72585683301668 4 10
429.97626966174477 62.282856857085712 4 2
857.09014630310264 655.74014763201501 4 10
330.66380579712904 302.884324097008 2 1
54.888888888888872 257.36809354968972 2 11
150.50966799187808 999 1 0
116 1 1 12
276 10.928203230275509 4 2
791.22665967629155 308.01184769934525 4 10
280.72470417470777 567.37785431801092 2 1
699.44925756647763 772.31209848675246 2 11
713.49033200812187 1 1 0
148.50966799187808 999 1 12
387.04963190791131 683.09905882195358 4 2
894.93268765032087 810.65093122749192 4 10
468.47783591782854 161.90480024646035 2 1
868.67864137846323 461.15114006326417 2 11
983.96952997272763 804.57340702575937 4 2
923.06966973884516 114.46309514911529 4 10
782.54415587728431 999 1 0
999 422.98066401624374 1 12
278.9496600804834 181.98147443368603 2 1
144.2428516217829 185.90210851967126 2 11
270.37498684435457 649.5614505630308 4 2
607.43201059385478 216.8153218539515 4 10
1 604.4709960243656 1 0
176 1 1 12
465.49033200812192 889.9469571598263 4 2
122.1143228100533 914.15418761149783 4 10
748.60996201378521 733.10976772051504 2 1
123.0870324886393 725.87716190308026 2 11
858.97287694847489 192.99434185731349 4 2
731.89974874213249 892.06349945087197 4 10
852 999 1 0
82 1 1 12
83.610144204365653 366.67173710958326 8 3
266.24927421058305 638.2929770522336 8 9
855.99278052853481 551.56238233163003 2 1
989.90733589447723 803.71174535454782 2 11
623.4314575050762 988 4 2
810.31938027547096 175.99209458376464 4 10
999 774.779653889467 1 0
861.49033200812187 1 1 12
905.65887098155167 431.49293185093734 2 1
28.138895681855018 8.5925889696773226 2 11
199.6752638609249 153.3748392369487 4 2
934.11208040251768 19.850559463309828 4 10
999 173.03953851928944 1 0
999 152.55425714505088 1 12
343.64930043348102 590.79769147373781 2 1
443.96704355951812 38.050125628933785 2 11
665.81178667380664 115.57139377908695 4 2
312.53493161320682 861.40085889058435 4 10
980.68629150101526 988 4 2
134.68232614694085 891.97811183867714 4 10
386.27262968145453 335.76353136339679 2 1
938.45716626683213 862.31950236837429 2 11
999 12.48528137423857 1 0
248 1 1 12
761.76479003021109 619.81298620768234 4 2
93.1614554630507 359.4072720061007 4 10
432.16652224137044 994 2 1
278.64856367373307 991.40741103032269 2 11
999 736.98066401624374 1 0
605.49033200812187 1 1 12
246.28134754835133 580.75312726570144 4 2
468.25631275391959 437.99217683195383 4 10
602.70572188932647 503.45744206049551 2 1
929.49194714485498 15.59244677522595 2 11
999 572.98066401624374 1 0
336.02438661763949 999 1 12
547.82113397712237 749.98338166878148 4 2
794.06731170197816 11.23069374152494 4 10
241.94366097873962 613.37121189011543 2 1
116.72635524218271 399.65952713450713 2 11
975.55555555555554 880.68853622718552 4 2
500.57595773846379 137.79920426686118 4 10
1 732.4709960243656 1 0
1 92 1 12
495.20747515103619 948.5333983301332 4 2
368.81550519727898 188.54615738336614 4 10
156 8.4721359549995796 2 1
276.81539814912099 174.99097371275104 2 11
999 390.49538264200515 1 0
1 80 1 12
684.05521746873819 276.36602204632158 4 2
569.26605762679083 18.222222222222229 4 10
373.65097813673304 864.90248574770249 2 1
783.65100076472822 124.78510580576683 2 11
611.89168642717902 261.19171715401166 4 2
964.10860622091309 565.0621186819285 4 10
920.68629150101526 1 1 0
999 952 1 12
537.09476711569607 884.279789589139 2 1
928.73303811900178 116.4445740388948 2 11
536.80257720284635 385.08827330771766 4 2
200.22387689199914 145.39367242111686 4 10
698 999 1 0
785.49033200812187 1 1 12
231.03570130047709 478.80637596588701 2 1
311.34455349137932 870.07593724444212 2 11
183.172310269858 584.13370544699137 4 2
793.47960787569502 366.53052347192306 4 10
999 733.46594539048237 1 0
1 544.95627739860424 1 12
932.00000000000011 868.11774900609146 4 2
757.90988376755615 197.61307740159884 4 10
938.3715373443772 277.19556516894983 2 1
991.52786404500046 165.03953851928944 2 11
244.47904660996781 107.69792379566159 4 2
110.6226192927341 518.97017410912088 4 10
983.14568662139732 225.0009490949459 2 1
493.00377081945476 712.5996749648591 2 11
1 293.82337649086281 1 0
1 893.49033200812187 1 12
380.46480899138874 843.8451813271206 4 2
375.31146377281436 103.55555555555556 4 10
243.87897399409161 609.87056001759095 2 1
754.76470441989682 890.26496088014642 2 11
999 482.98066401624374 1 0
999 165.03953851928944 1 12
785.57684791903966 367.77406079242655 4 2
95.604944104556751 367.02497266042093 4 10
359.9424031138787 670.50155834802695 2 1
706.15517189515379 733.67519404895006 2 11
513.96438665987068 749.54066537873439 4 2
122.60028832822309 528.85180549703466 4 10
716 999 1 0
1 532.4709960243656 1 12
507.39857977662365 313.93867858275399 2 1
289.25794699073822 428.84264808808354 2 11
961.63885868581326 274.7134770218463 4 2
518.62641882846276 651.43487726958176 4 10
266 1 1 0
821.49033200812187 1 1 12
431.20747515103619 948.5333983301332 4 2
768.43027529115216 193.32454953751633 4 10
383.5360949226968 822.06579951929518 2 1
149.42127605859974 811.55129090875596 2 11
402.50966799187808 999 1 0
1 956.68629150101526 1 12
108.70645379302022 507.04079901666501 4 2
866.97022372630886 421.97436577489663 4 10
503.32960467527948 993.78569688954349 2 1
168.81039592682367 514.67212542764287 2 11
626.58768825257164 162.5412062928348 4 2
18.690605737940786 242.70560907439409 4 10
999 782.98066401624374 1 0
336 1 1 12
529.32081648832457 890.67358401241881 2 1
385.47245985556759 849.91957271821047 2 11
406.63460946898681 331.59871381264713 4 2
892.9766055801108 241.75771203142011 4 10
774.94617613083756 1 1 0
999 181.03953851928944 1 12
542.15793723093532 128.11025635967638 2 1
370.25432122621328 106.78438030511334 2 11
341.56640363620448 681.63800383191699 4 2
454.56930418979954 209.01376737315661 4 10
124.41905766341183 473.89133779736096 4 2
404.28149542755386 195.45715536403057 4 10
669.54283073909494 521.35984919530847 2 1
916.66637307221765 690.08542508715925 2 11
1 816.92178951319806 1 0
1 620.4709960243656 1 12
867.6736412954873 385.7447928882948 4 2
118.66584740207381 234.11361231876967 4 10
153.01703899818742 603.29826233758581 2 1
118.76856338746308 100.82939674327343 2 11
999 298.98066401624374 1 0
1 148 1 12
134.73958590034317 412.41580650557989 4 2
502.99224346191687 759.4718623980516 4 10
765.78334818413236 198.7091365124034 2 1
166.83906568602245 195.58448764964356 2 11
999 678.98066401624374 1 0
999 652.43650813895943 1 12
450.08286752460793 220.14354212600873 8 3
360.6071771031323 197.29963382983254 8 9
131.19820421906371 975.55555555555554 4 2
86.978250586152114 632.4709960243656 4 10
994.53589838486221 823.49033200812187 2 1
526.74852013375425 831.93227337164649 2 11
891.42302030614371 988.76930625847501 4 2
804.09092571337419 856.97767614720044 4 10
213.51471862576145 1 1 0
860 999 1 12
142.49547219714171 751.48975235707451 2 1
8.4721359549995796 732.4709960243656 2 11
716.76399925143517 738.96633487942927 4 2
154.36492167191201 567.31125031083911 4 10
87.514718625761432 1 1 0
1 552.4709960243656 1 12
386.03490028941889 627.51146501815026 4 2
771.52914939909829 695.02409549037236 4 10
245.18997955880752 615.70817908644187 2 1
120.66507258405375 940.52650589085226 2 11
559.23776424067216 622.13854335246083 4 2
503.08204677701303 768.26759413763875 4 10
999 894.80404050710661 1 0
1 456.4709960243656 1 12
5.4641016151377544 304.50966799187808 2 1
988.04623519115319 800.17108098580479 2 11
305.53006262019323 868.5954995021192 4 2
802.48280382921394 868.22418907594636 4 10
999 912.48528137423864 1 0
823.49033200812187 1 1 12
966.68566094571224 129.97458627931138 2 1
985.49194714485498 984.40755322477401 2 11
495.77431585742346 762.9217205250319 4 2
505.33500117941804 180.38304173205182 4 10
222.2375218451516 524.30332723262575 2 1
703.47733127605738 111.31599902391406 2 11
210 1 1 0
358 1 1 12
940 822.86291501015228 4 2
435.80191748277429 614.85382030252947 4 10
858.2592635492191 178.39367566701162 4 2
592.59551953863684 925.40775095495792 4 10
293.63189574356602 126.89306404940335 2 1
633.98249851059143 504.34122508130497 2 11
246 1 1 0
999 424.98066401624374 1 12
680 848.12699890174395 4 2
166.28315852766045 745.38884529311747 4 10
137.38748734828269 441.30040797654272 8 3
204.25340042905822 634.7692448975871 2 1
966.34112901844833 559.49293185093734 2 11
1 546.95627739860424 1 0
999 574.98066401624374 1 12
628.10025125786751 892.06349945087209 4 2
183.76654736358466 812.13506902043957 4 10
811.26497849720204 87.235598790415935 2 1
718.28042905245161 402.51325785557151 2 11
961.45584412271569 999 1 0
637.49033200812187 1 1 12
260.2845665232785 110.18499843666841 4 2
663.66009924539696 368.02459547368034 4 10
744.22226762984451 952.98236890780629 2 1
993.78569688954349 867.65105934096425 2 11
372.49333678013807 195.65063166709214 4 2
184.0288652125856 868.0452678794901 4 10
372.85281374238571 1 1 0
756 999 1 12
769.60019050117546 702.78805823951825 4 2
744 913.02174941384783 4 10
969.43472026834513 264.40462381498492 2 1
505.24723842362005 141.56472372113123 2 11
1 357.82337649086281 1 0
776.94617613083756 1 1 12
11.999999999999998 19.313708498984759 4 2
157.30734544420491 235.15084337151222 4 10
461.53657186664526 649.39120250555095 2 1
152.4148460197172 134.69694503282429 2 11
140.73672554115279 680.32730225872899 4 2
193.53091079609521 336.42973556360101 4 10
240.50966799187808 999 1 0
736 999 1 12
5.6153468707624699 324.22117814494993 2 1
483.08560074352863 431.29664249841346 2 11
869.91854533431524 964.10860622091309 4 2
343.73880404049692 189.73078822783756 4 10
600.80404050710661 999 1 0
999 150.55425714505088 1 12
747.95775764119378 246.96196087224365 2 1
384.5156486657886 331.45249742306083 2 11
586.63389835435771 218.66432430590038 4 2
334.67801134048574 226.06926371108906 4 10
225.13537616225315 125.69315214908346 4 2
509.61568623385295 660.40051160028338 4 10
347.23599961658982 878.68519197982607 2 1
157.35842916012291 667.88293228563725 2 11
1 672.95627739860424 1 0
695.49033200812187 1 1 12
934.12921412829508 108.19712525282549 4 2
872 913.02174941384783 4 10
532.95402193197094 389.69138337885619 2 1
319.76921245678841 321.6815411000652 2 11
999 232.98066401624374 1 0
1 612.4709960243656 1 12
395.56276289731704 838.72470710049322 4 2
108.5769796938563 11.23069374152494 4 10
618.37252920202252 891.10609138810776 2 1
991.40741103032269 591.11955969809878 2 11
999 351.18167414302042 1 0
238.50966799187808 999 1 12
424.71370975587672 742.19128396366557 4 2
988 888.80404050710661 4 10
489.98795991170232 759.91106066939403 2 1
576.9153059997218 275.87714108898444 2 11
739.7144611367421 465.51442861941723 4 2
24.444444444444503 751.78245979718008 4 10
418.50966799187808 999 1 0
1 644.4709960243656 1 12
756.92363008707355 760.42641997851422 2 1
378.16613738778852 849.38739287656563 2 11
162.14814541342739 656.73538871287144 4 2
236.57697969385629 11.23069374152494 4 10
918 999 1 0
862 999 1 12
819.31106042010879 548.60310966447241 4 2
62.110482564392733 366.2418457667564 4 10
223.90582443823831 224.22949533606933 2 1
122.90405093323473 369.04683438396324 2 11
999 914.48528137423864 1 0
339.79898987322332 1 1 12
556.70756584328944 791.68266823450097 4 2
105.88975260182501 382.54424923742425 4 10
388.34894065903569 6.2143031104565241 2 1
218.69444650677934 767.32322037287349 2 11
197.60063508045599 137.8359874317718 4 2
392.01386090528268 689.37252919023126 4 10
999 795.46594539048237 1 0
398.50966799187808 999 1 12
609.8173337722327 195.95747511377641 2 1
33.075999023914044 133.69300073206446 2 11
874.69513193786554 419.89451166390143 4 2
440.42007932091786 550.10487943660723 4 10
1 463.98571465012702 1 0
420.50966799187808 999 1 12
990.29983040736249 460.85364736245117 2 1
201.19503085774525 336.4775441095839 2 11
495.06585329739198 85.152080402517626 4 2
12.888888888888877 248.21379222343944 4 10
200.96504316204076 778.57267988479077 4 2
423.22366199156625 948.02474576238706 4 10
616.54800428033116 412.33204256505661 2 1
442.59426927323148 20.749295105791177 2 11
1 516.4709960243656 1 0
1 100 1 12
166.85020358141645 650.26309012698653 4 2
604.57850108436867 433.19163035634131 4 10
6 990.34314575050757 2 1
987.09724491769248 157.08757097855045 2 11
1 800.43650813895943 1 0
705.45584412271569 999 1 12
639.05859319305 743.44461430910155 4 2
250.57401716216296 565.29128504067057 4 10
991.52786404500046 976.68629150101526 2 1
91.463451430114219 124.01465517309715 2 11
236 1 1 0
999 353.18167414302042 1 12
831.99462404182032 372.8322472408417 4 2
277.59789086063006 216.30509862858946 4 10
396.70183520865606 669.36120794367844 2 1
536.1590549754626 311.71308431035868 2 11
860.71565539048424 615.31821323572206 4 2
675.94846395903585 757.56342075364466 4 10
999 479.18167414302042 1 0
18.828427124746192 999 1 12
988.76930625847501 543.55764371010002 4 2
866.36033855943663 620.98721243506452 4 10
250.47833714233036 107.79019030261281 2 1
614.63190645031034 945.1111111111112 2 11
999 654.98066401624374 1 0
1 409.82337649086281 1 12
252.59112265756286 964.10860622091309 4 2
945.37258300203041 68.000000000000085 4 10
649.60060248026991 685.60329689868945 2 1
424.04517777404459 127.18958119207238 2 11
867.03533588709263 610.41294683920614 4 2
849.48903315810469 658.23475761294173 4 10
805.49033200812187 1 1 0
1 798.29437251522847 1 12
609.36100185108467 128.87587648688523 2 1
928.7199492876257 112.44459545364047 2 11
473.01932175416397 192.72496654772567 4 2
393.96980748254003 626.49301136846645 4 10
298.50966799187808 999 1 0
999 518.779653889467 1 12
187.09210845451813 528.07200471189469 2 1
697.06346220606702 705.3099690770066 2 11
812.88520557723507 717.42670632282 4 2
323.12692767282044 563.2518991604062 4 10
247.46415345132303 602.71522049441285 2 1
17.945696889543477 756.02139134908612 2 11
85.514718625761432 1 1 0
803.49033200812187 1 1 12
685.49033200812187 41.021749413847886 4 2
115.57139377908693 108.32145466568481 4 10
151.81673861009907 365.99537830628384 4 2
881.05525824278072 233.29779625483269 4 10
432.67039532472046 6.2143031104565338 2 1
203.91363891620108 871.89070029000845 2 11
725.97561338236051 1 1 0
733.49033200812187 1 1 12
885.71871738623963 245.12268736049242 4 2
63.999999999999993 770.48824151377312 4 10
510.76918062105671 666.28858859525292 2 1
47.875484503402902 632.4709960243656 2 11
999 918 1 0
268 1 1 12
259.87589615074774 895.51357049070259 4 2
801.71195831057696 598.38088744225024 4 10
808.51106269310674 514.38958048977963 2 1
351.19681780324998 878.12669462779832 2 11
659.38519056665211 120.4621970421714 4 2
418.96346426763409 715.44188955587015 4 10
1 231.59797974644667 1 0
118 1 1 12
686.4710033443688 515.9297152225497 2 1
512.64075771606792 651.02031599839972 2 11
730.90675861981754 706.41058262319916 4 2
188.48440437054933 861.40085889058435 4 10
1 584.4709960243656 1 0
999 342.98066401624374 1 12
932 822.86291501015228 4 2
280.93555550154559 415.37546428855472 4 10
888.68400097608594 544.99366474830822 2 1
252.73502150279791 912.76440120958409 2 11
999 526.98066401624374 1 0
999 345.52481989352799 1 12
575.42788618224461 214.14691669563848 4 2
65.082643392173338 296.70610086025346 4 10
739.4890885080008 890.99441390954996 2 1
328.56714339559289 291.06905433289705 2 11
931.33578752359278 250.19499960839508 4 2
602.36550041573366 758.52967881528559 4 10
859.49033200812187 1 1 0
120 1 1 12
537.66272765154872 534.19399789974113 2 1
324.49820358160997 231.80356613439255 2 11
913.02174941384783 562.98066401624374 4 2
817.35659649376078 815.28151057188813 4 10
792 999 1 0
1 164 1 12
210.39156451965462 158.70997596821934 2 1
663.92491796293905 301.28918179824501 2 11
16.944271909999159 386.50966799187808 4 2
339.71217283248353 219.85177080216778 4 10
680 802.17049772943983 4 2
566.17886823530739 103.55555555555546 4 10
825.10930705782596 550.14594339764039 2 1
126.89330507633971 365.13937113853325 2 11
1 108 1 0
168.50966799187808 999 1 12
399.51463953427316 348.92531035740416 4 2
544.55960381239277 817.91513388985857 4 10
278.27218109532004 634.62190542349526 2 1
239.04588609605079 154.98523975041542 2 11
467.58369439657372 1 1 0
421.82337649086281 1 1 12
374.77938998154389 904.51094457929241 4 2
367.22743869212451 528.88383149653055 4 10
514.21373668727051 664.25511041570201 2 1
198.98646645660057 333.14254136805636 2 11
12.48528137423857 999 1 0
930.34314575050757 1 1 12
432.67625277165752 552.11314993008421 4 2
931.78032342593826 299.2675582522653 4 10
790.36562384831086 360.15035935717134 2 1
430.30075081604957 954.46449021783337 2 11
131.18272380658055 685.95997219560786 4 2
832.91335231426558 11.230693741524936 4 10
400.50966799187808 999 1 0
1 229.59797974644667 1 12
709.895140622177 735.09386734498707 2 1
372.12439035562124 598.21937741681825 2 11
458.5962376953014 283.75827547474319 4 2
734.6200060960357 683.52843658932647 4 10
1 920.68629150101526 1 0
790 999 1 12
804.99940676645929 122.29873600236377 4 2
734.88612506928393 717.80988600128057 4 10
219.63699709948492 128.09478236252426 2 1
651.01755004538654 751.49256319987569 2 11
182.70006749895737 820.06366414809895 4 2
399.81805096011107 691.13168171008783 4 10
857.49033200812187 1 1 0
1 548.95627739860424 1 12
80.982368907806276 127.77773237015545 2 1
547.08375968730832 542.92859712746611 2 11
692.10025125786751 869.08524886471992 4 2
385.56586425586249 887.145234717368 4 10
972.20101012677662 999 1 0
999 680.98066401624374 1 12
808.19229828268715 706.38240366829359 8 3
374.62594284941116 190.042424167962 2 1
328.82709726545801 565.12488250661363 2 11
868.8584509105707 905.66439463657184 4 2
991.61249789646388 135.55832215337665 4 10
964 999 1 0
1 44.485281374238575 1 12
24.331965462607421 244.74890554258192 2 1
663.81125879171361 516.59867424870288 2 11
989.07179676972453 670.98066401624374 4 2
202.72921599400058 314.04546645558025 4 10
10.928203230275509 484.4709960243656 4 2
137.90627007845035 560.06217753602527 4 10
864.09758605853233 286.73371606356397 2 1
94.471951977462112 353.55213760237302 2 11
36 1 1 0
1 680.4709960243656 1 12
128.43063000101412 139.40326259321316 4 2
495.06585329739198 106.84791959748236 4 10
647.55175472038832 749.49549966427639 2 1
579.59974402820455 617.97372580171123 2 11
334.02438661763949 999 1 0
304 1 1 12
884.42860622091303 582.65920935055897 4 2
100.12580428890124 626.08111895844729 4 10
843.71722832076921 483.72500329540577 2 1
846.93240497344379 649.77269458382966 2 11
1 512.4709960243656 1 0
166.50966799187808 999 1 12
484.93865336189157 503.91409664501458 4 2
852.57697969385629 988.76930625847501 4 10
414.40298633531899 719.34086904143646 2 1
679.79733127605743 94.924000976085949 2 11
599.55755577402908 215.40359904457128 4 2
135.70833418022511 167.52462089976004 4 10
999 82.828427124746185 1 0
955.79898987322326 999 1 12
362.13577587227525 676.08628000113765 4 2
819.31106042010879 556.60310966447241 4 10
406.87940623528357 391.51922512485311 2 1
834.80942728008154 642.16276046952896 2 11
1 118 1 0
1 674.95627739860424 1 12
366.69122984170417 645.50669337157206 4 2
972 290.98066401624374 4 10
871.42205387956733 768.60743453850978 2 1
159.90217747662251 494.6901158871122 2 11
835.2706638503646 308.44861888433206 4 2
314.31353987050784 683.21050182455986 4 10
1 166 1 0
399.19595949289334 1 1 12
248.73608464554871 912.85661840827242 2 1
825.10930705782607 555.06027593130455 2 11
415.54931401809904 945.76545755984625 4 2
571.20718312374515 109.77777777777774 4 10
882 999 1 0
999 406.98066401624374 1 12
755.10844860576049 482.51637230066217 2 1
141.94636470971068 493.42964459445739 2 11
315.6656099569895 805.68844958615216 4 2
708.29339443622223 669.00910876731461 4 10
449.34819638439092 999 1 0
1 514.4709960243656 1 12
528.52413919302342 335.70179721060435 4 2
720.95359053462369 147.74447728753867 4 10
508.75111799273952 757.78800844409875 2 1
218.12320346301905 331.04741013682519 2 11
244.28749223144698 605.89147559403966 2 1
302.06111491794542 437.13858291640514 2 11
1 215.51471862576145 1 0
999 414.98066401624374 1 12
408.56341137747251 941.86710351029058 4 2
777.28845892493325 700.57660427340249 4 10
671.23448823698061 517.24316510442884 2 1
8.5925889696773226 476.33210034251056 2 11
603.49033200812187 1 1 0
639.49033200812187 1 1 12
132.76593313699684 420.16852827085273 4 2
842.70366341488489 305.49049152503176 4 10
963.17018478106252 237.02770883691662 2 1
350.77563665521194 471.20076133573298 2 11
566.35773417538587 604.81194680770398 4 2
945.37258300203041 60.000000000000114 4 10
999 148.55425714505088 1 0
1 676.95627739860424 1 12
871.56936999898585 446.38392660945686 4 2
398.59477234619067 420.69605556253816 4 10
105.56857499801994 388.53564681618781 2 1
779.84544300271784 300.44223508645752 2 11
296.48528137423858 1 1 0
999 797.46594539048237 1 12
730.51615593883673 487.89869772743793 4 2
10.928203230275509 524.4709960243656 4 10
588.40040511682025 175.11023620691117 2 1
951.17082963974758 66.457166266832104 2 11
38 1 1 0
366.50966799187808 999 1 12
64 951.50757749752938 4 2
544.49684911477596 827.32217570827504 4 10
125.15490895657781 664.84158854187569 2 1
459.03316574128974 895.74520379754347 2 11
866.53037797407342 324.62964417497079 4 2
359.56168753022263 652.27434034222699 4 10
1 46.485281374238575 1 0
999 146.55425714505088 1 12
238.30115372254417 221.57448666707924 2 1
745.19778080825029 470.86926076958844 2 11
322.55875518360176 809.74856644220847 4 2
665.750729367791 125.30780492676082 4 10
853.97561338236051 1 1 0
1 624.4709960243656 1 12
804.65161011585144 513.33856868969474 2 1
496.61273462170146 710.87474590136901 2 11
59.999999999999957 809.60808101421333 4 2
738.55599306163288 398.80135597754702 4 10
321.36419904376419 686.99047606026249 4 2
880.56217681240435 131.93058051789637 4 10
777.33942566022642 658.08699746071579 2 1
221.13214453914358 333.68298855539115 2 11
999 144.55425714505088 1 0
660.20101012677674 999 1 12
499.01793722625547 113.80356713162459 4 2
387.88225099390854 60.000000000000014 4 10
998 141.7258300203047 2 1
865.30089590983732 495.900935626224 2 11
952 999 1 0
1 588.26998589758887 1 12
133.38343841069619 798.44841630981318 4 2
78.131825824443268 258.51534784444561 4 10
998 137.7258300203047 2 1
519.440206379188 934.54262443235996 2 11
156 1 1 0
1 622.4709960243656 1 12
126.84876293060904 768.42389097643206 4 2
682.78484059191362 534.52162818931572 4 10
998 133.7258300203047 2 1
734.16330029616847 689.51102965691575 2 11
865.70006149969652 342.18926165364979 4 2
996 128.06897577081233 4 10
1 593.92684014708129 1 0
1 138 1 12
427.45362779061924 990.07472026834512 2 1
208.73541021727041 774.05167024472144 2 11
996 120.06897577081233 4 2
318.31926848479878 820.06366414809895 4 10
1 120 1 0
727.97561338236051 1 1 12
100.12580428890121 638.86087309028392 4 2
66.80877959070429 309.29715576075819 4 10
998 114.41212152131995 2 1
531.437955501136 404.04693899968282 2 11
376.62174839439569 19.850559463309828 4 2
127.03870552147117 414.58293395690902 4 10
999 124.06897577081233 1 0
662.20101012677674 999 1 12
162.08876256801739 662.73509484548083 2 1
268.54542794810908 888.63663190609452 2 11
129.87091525764512 898.36953775582322 4 2
868.32178564412698 350.85625964806349 4 10
999 608.98066401624374 1 0
1 458.4709960243656 1 12
869.89471426291038 391.31855596842138 2 1
747.98534482690286 963.46345143011422 2 11
362.21373981337297 448.77488160363276 4 2
18.2222222222223 927.7734808924987 4 10
699.56081841986565 511.78998053955985 2 1
67.119958015029454 303.30523052856159 2 11
1 460.4709960243656 1 0
999 603.46594539048237 1 12
813.49033200812187 41.021749413847886 4 2
988.1981140628028 125.79993604533419 4 10
683.94843627783916 757.54237560262322 4 2
705.08104561081961 636.14394329213451 4 10
489.81055129310943 152.20686021079896 2 1
824.87358505712564 373.04344883091619 2 11
999 605.46594539048237 1 0
984.68629150101526 999 1 12
594.63589072981085 760.59199161970901 4 2
602.27219536791677 222.92893836418321 4 10
516.92636090578719 62.959272667157599 2 1
799.64195712085211 507.53102973272672 2 11
204.50966799187808 999 1 0
999 542.98066401624374 1 12
964.10860622091309 693.0621186819285 4 2
305.31328149276101 132.49006397643424 4 10
529.10316632222623 341.6737924871972 2 1
847.59226367053896 355.88141783337113 2 11
829.20558538193234 698.33766961602623 4 2
557.28563464195304 865.94545469443369 4 10
206.50966799187808 999 1 0
210.02438661763952 999 1 12
435.53424449858989 608.85979401183488 2 1
432.15656929726686 131.87269527150718 2 11
233.62270428406768 594.90160512752357 4 2
594.32030315564782 209.35618761394591 4 10
731.49033200812187 1 1 0
999 955.79898987322326 1 12
674.23694273999229 133.79215420065754 8 3
582.65883183634594 761.3336520962572 8 9
18.2222222222223 746.75414490874243 4 2
879.39612370617556 413.42143848385149 4 10
311.93032909811814 800.99295420170665 2 1
585.60491928416866 415.26867641572846 2 11
302 1 1 0
645.00505063388323 1 1 12
565.02790999770457 536.82495123019316 4 2
417.17901300240288 195.37682627272534 4 10
326.71448152953792 302.24962902895095 2 1
591.72632279395259 172.88801398468894 2 11
499.01793722625547 78.19643286837541 4 2
100.98032206887039 361.09999909585787 4 10
1 83.798989873223334 1 0
1 136 1 12
938.28875059324469 273.196421966483 2 1
372.81666725981364 966.92400097608595 2 11
958.97825058615217 434.98066401624374 4 2
268.06688183852384 108.33146981965227 4 10
300 1 1 0
1 596.4709960243656 1 12
234.45014152305501 220.49295763862662 2 1
535.8383643641846 379.16625561087142 2 11
393.71238628998196 424.18350540420454 2 1
162.57557327712414 360.32101837572293 2 11
465.58369439657372 1 1 0
643.00505063388323 1 1 12
67.999999999999957 809.60808101421333 4 2
801.73721688864805 129.60340007411313 4 10
125.30476094119675 730.54429427728451 2 1
94.22096181446048 627.14546634160763 2 11
999 111.58369439657376 1 0
504.26770258453053 773.12498235622911 1 12
355.0646392873266 124.37066200510368 4 2
868.41467243805278 439.03220005720783 4 10
205.02001254174672 156.10131343247181 2 1
908.53654856988578 566.9660088431466 2 11
999 109.58369439657376 1 0
821.91523256300025 372.54530174370018 1 12
401.91284181589867 935.71485891282714 4 2
594.39774054809106 221.51721555480304 4 10
157.64249743862391 671.87283268704448 2 1
477.56981949550141 301.68122941535603 2 11
575.20958590337727 770.74156020752991 4 2
787.73170637508224 773.07631935819074 4 10
999 107.58369439657376 1 0
499.98536097353031 947.05969311293063 1 12
815.43373248844671 120.59373962167751 4 2
148.42069380950826 682.55365165873479 4 10
875.4877321653064 966.34112901844833 2 1
215.86185342665385 129.41701163518604 2 11
599.24988332676367 936.47618109970176 1 0
472.41212152131993 4.2360679774997898 1 12
868.39362728703134 431.03222773840457 4 2
900.54106703542777 311.69144033716793 4 10
131.83048448020273 765.07987387086666 2 1
683.98534482690286 852.61219974570611 2 11
845.36424846012278 812.63688280412805 1 0
590.6524464311052 177.09223265462583 1 12
523.60053065203817 163.3734204326542 4 2
873.15123706939096 826.93355896831019 4 10
246.86387644083152 893.70343098892988 2 1
738.69486649578391 459.60169433077135 2 11
992 895.73224373738208 4 2
462.18233459426585 28.196155277061692 4 10
377.69225706454642 839.68429730891444 1 0
148.43661255970696 554.68197383424842 1 12
685.49033200812187 80.124515496597098 2 1
569.59783372596632 180.32970526764925 2 11
428.08682826762936 952.44000338171998 1 0
506.48162644896365 775.15219797740281 1 12
457.95016110692848 213.97056134768303 2 1
249.8910072764981 759.15164793292922 2 11
705.06256688072358 661.69051919645938 4 2
345.44169897539524 214.26853426968137 4 10
629.14200029556639 180.07156645496673 4 2
721.87480154507375 684.43112517062491 4 10
581.39550149838271 215.73871353559758 2 1
684.39599840952678 83.971908636761739 2 11
159.12876909513867 587.24736299529991 1 0
607.14470917222263 221.80706081879413 1 12
593.49859021158238 889.31795087829869 4 2
344.76909947312487 197.6641665322868 4 10
806.38178331478025 863.6637111436313 2 1
196.71829379125049 863.39123857980007 2 11
168.70196701384904 620.59453168626783 1 0
52.642183308399453 632.4709960243656 1 12
697.1175485968613 635.38058537563813 4 2
67.401016536238188 289.04939491285813 4 10
367.09612586958167 445.28743176196639 2 1
837.88228637857117 618.36029133372642 2 11
469.14809759786505 734.29337993835566 1 0
933.02634510632322 292.3094303244369 1 12
680.67087029020229 281.3204336334968 2 1
283.12760622468221 175.98423003836334 2 11
700.43820975597464 642.6588550509357 4 2
618.77185550898105 740.85939748567921 4 10
161.75540040036026 141.4355122959291 1 0
787.1310316316883 11.007757814483398 1 12
869.10526127100263 639.19106656403812 4 2
828.45094787107382 690.37334150706408 4 10
149.38216482774257 192.32820650928983 2 1
344.12830846845924 594.76890681698308 2 11
16.829435490775829 753.23679793359054 1 0
702.97482168158945 705.04310829499548 1 12
155.39121570265641 733.67312057015442 4 2
310.76723806357268 234.2499203984724 4 10
125.37781671619108 226.61090298791146 2 1
404.39562387391481 855.17353131979041 2 11
665.79752561785926 130.66545647963508 1 0
727.00466486822518 984.39822576343158 1 12
412.21501450504633 953.0436234755997 2 1
256 80.124515496597098 2 11
621.4994425793675 637.59736801640622 4 2
132.35188767119232 174.7864572261999 4 10
4.9626398658274571 245.72681389530962 1 0
277.32980327597772 179.4563875177767 1 12
552.80721792868701 947.75678524535124 2 1
106.83525361842939 746.68196143477007 2 11
201.18289896013923 254.61711686364174 4 2
460.14103871801922 20.460968715276742 4 10
875.78182996215764 403.86649181547307 2 1
698.58381166028596 709.00977144160072 2 11
984.39822576343158 545.98532888446891 1 0
247.09480882119232 760.23851232122513 1 12
451.47626776058769 301.08487201950021 4 2
788.40011847892777 318.80004277595555 4 10
667.00994206918335 867.0293620897304 2 1
284.13889568185505 8.5925889696773226 2 11
564.09209198352789 623.33666778879501 1 0
886.79979753462499 303.81554504303938 1 12
309.72376140378276 689.76290089866905 4 2
136.10376066139588 427.43894142399364 4 10
228.50349335759748 120.72769279888978 2 1
374.5829048720467 963.33507290531975 2 11
287.76331786337806 638.14264261298138 1 0
996.04157469715369 651.88065011837068 1 12
524.11112972580906 749.67077152963759 4 2
624.42953376315802 288.63363917407463 4 10
730.16861203191593 140.47298266091073 2 1
208.21253566550882 319.40029860575146 2 11
837.50318506251847 183.34057373308525 1 0
774.39031811024881 3.9584253028463361 1 12
397.97665315391032 575.28278183179225 2 1
870.70305230645977 356.36348845054323 2 11
102.21659457507687 375.43735750400549 4 2
495.02123417364805 33.708626757205273 4 10
36.855755076535928 2.807673435381234 1 0
566.44091201251251 98.562426971308099 1 12
501.85010455293389 53.152080402517626 4 2
596.71468029359164 752.86679686814989 4 10
421.39143818374004 682.94823411165521 2 1
270.13735805473181 348.36365087102484 2 11
997.19232656461872 446.12490893970784 1 0
387.39974059728746 330.62665619699897 1 12
740.88609992807915 712.51835487184132 4 2
698.29733104498757 130.32266472403134 4 10
250.81541551090325 916.27369071543592 2 1
869.57297204820384 148.39367566701176 2 11
997.26794919243116 604.46594539048237 1 0
497.66878626693619 742.56372588426211 1 12
216.60434112331686 125.48652667524738 2 1
659.61734866191443 9.7001695926375451 2 11
193.34365480625291 256.2128145467131 4 2
396.16665040483065 802.22789594182984 4 10
301.58205829662506 698.57837992790496 8 3
580.98997639263837 258.90407290378164 1 0
542.4865272338435 822.74411870392873 1 12
965.27147573954278 240.43132108096103 2 1
798.21295359916451 707.02480516848448 2 11
612.8569390941916 482.57810645345455 4 2
287.28488278206038 734.02441697516508 4 10
850.01465251616833 324.11853753685654 4 2
501.88474992513164 129.9069889243786 4 10
350.71229745295091 318.74490724939335 2 1
127.65818856303156 980.39996358492795 2 11
288.82024148395942 649.43261702499865 1 0
825.71151689317264 814.15768545116123 1 12
869.10041600501802 334.94788131298685 4 2
899.87419571109876 697.37054108216205 4 10
814.28353485137688 114.70501774034545 2 1
617.40463433988157 486.49198789676996 2 11
760.94470418367894 675.45836213308337 1 0
635.10776154673204 983.00730716234364 1 12
806.74027319901461 592.15866522002807 4 2
262.3754826740892 649.65051812113529 4 10
853.32259739969436 190.97584216183867 2 1
869.82024382695624 856.68919924771546 2 11
532.10936941834643 386.8127444415756 1 0
997.26794919243116 732.46594539048237 1 12
131.5853275619472 132.05153604096415 4 2
845.74595305758226 317.35257826028186 4 10
198.10243225417949 773.29959172032841 2 1
771.09186460742342 659.4280827708468 2 11
429.74926104442528 584.53361401591508 4 2
246.86388513429674 572.37894476273686 4 10
127.80772146150511 419.52344146970302 1 0
987.99173556359699 130.7956750212081 1 12
631.44776004930986 168.8957088013361 4 2
964.10860622091309 309.06211868192855 4 10
657.04010537710667 379.37205964550867 2 1
872.81795230349564 774.06020407560175 2 11
145.72465807475496 188.5106041849792 1 0
527.20943307444793 159.91281018220346 1 12
715.86110431814495 991.40741103032269 2 1
627.16281095952411 635.61588912662671 2 11
695.3077791272525 137.74308110932714 4 2
69.393725444172205 369.55158490362834 4 10
280.59807621135332 8.9641016151377553 1 0
292.37999564294972 655.84262095070346 1 12
487.44020637918806 946.03174972543593 2 1
406.1346334025634 337.57784618557582 2 11
498.50918837891709 708.55021086254021 1 0
776.22574555811332 4.7529100941579454 1 12
471.83824754812002 296.92005446875055 2 1
8.4721359549995796 255.88225099390854 2 11
127.74117618888712 168.24877111971398 4 2
139.75311511947379 129.60340007411313 4 10
103.97547701264027 642.05148743866562 1 0
752.19928931745528 749.41707859109499 1 12
33.911647110518857 129.78126297559947 2 1
511.71672050787754 755.10375776239869 2 11
344.02189890198707 205.6291958044547 4 2
92.71741056820008 374.48567973659107 4 10
256.09766363115443 644.6917896486168 4 2
690.37628598979552 131.44384500998817 4 10
118.28848984692814 994.38465312923756 2 1
840.1548572317497 486.64992573378748 2 11
526.60300876358178 924.19217355300384 1 0
516.25308703441976 410.73231209086248 1 12
122.83735800630251 832.14811553395907 4 2
443.78256532016167 755.91169509546887 4 10
982.05430311045654 62.959272667157606 2 1
503.14635649964066 730.78487001381222 2 11
938.05026682851576 859.34722498443148 1 0
391.07826321725912 543.85371987218446 1 12
703.78265778025548 598.27415337196442 2 1
685.75925179457249 856.1973432672479 2 11
372.21433626602891 826.9181799541127 1 0
646.99933232774833 159.14569946296965 1 12
591.00059221489778 755.81866943202135 2 1
532.79951263380906 888.69907821921595 2 11
144.04018507229912 431.31333568317933 4 2
125.12319777019606 808.32883633286644 4 10
610.93931170528845 272.97847612474965 1 0
320.78312877129241 871.30344916574643 1 12
247.02193582657171 966.34112901844833 2 1
725.90537515952121 491.7380597323932 2 11
560.33683237415414 983.46200048804303 1 0
690.86409208747375 95.871680105802611 1 12
230.03907017443842 631.60784398163742 4 2
525.88648544068337 171.03986750442544 4 10
339.48945347929572 619.45960550172583 2 1
328.53355383215302 810.29791251643633 2 11
586.11806378375024 886.23123261320359 4 2
237.50312177723725 634.4867211361468 4 10
244.86824137454727 612.70275881886994 1 0
3.107151555228262 139.08036366642119 1 12
361.09806667890626 454.67024193672768 2 1
656.48896546430035 323.88817889404021 2 11
224.61241885655778 213.86177109915377 1 0
534.78695065041325 533.33965216191575 1 12
762.035759956231 888.63663190609452 2 1
63.999999999999957 805.13594505921378 2 11
379.20115438068433 684.64870410543415 4 2
12.633602460592165 741.02986948211264 4 10
380.9452157572469 17.339059918742823 1 0
406.72088267322204 857.0690975983058 1 12
11.230693741524936 613.04797571822189 4 2
532.48311402034722 175.5658471091036 4 10
816.9993944737115 664.75018601100362 2 1
567.20184216119367 994.38465312923756 2 11
877.97927345076505 228.14626079836071 2 1
379.36823956333518 966.02048791383129 2 11
984.39822576343158 417.98532888446891 1 0
193.55872080326751 462.68756586881318 1 12
351.78728836931901 209.39683074383723 4 2
196.60275560037746 268.49915504570464 4 10
990.00751459078151 980.38609386560938 2 1
562.63885257927529 108.39996358492785 2 11
261.65391291534218 997.19232656461872 1 0
854.00661354621752 470.49881928333951 1 12
279.36699726573312 732.88113706615991 4 2
497.8980206240704 46.196432868375396 4 10
653.18667641796412 687.37532221267077 2 1
507.12497646804098 521.40490291534229 2 11
547.9581141647725 860.13849699995296 1 0
341.93586666109229 587.82993712455607 1 12
153.89527880672586 529.79453643333068 2 1
868.77001761266456 379.84581340272842 2 11
912.48528137423864 997 1 0
389.4187700800299 678.69597077815854 1 12
57.009236985149599 372.40441775743142 4 2
687.38673407206045 138.86426139528399 4 10
266.42502503784976 654.07784311983471 2 1
356.99805882099429 517.13775921146259 2 11
609.12404742883848 221.52032040326671 1 0
58.227115656219219 323.22975720322353 1 12
229.48965121249887 590.55213707871621 2 1
721.16282458529042 734.88585259393494 2 11
802.40996834170062 3.107151555228262 1 0
750.31531816942027 257.45167243984241 1 12
502.87376790452402 6.444444444444434 2 1
332.27901542071658 811.70201988006465 2 11
481.47388329170343 507.51900557045616 1 0
385.68092553597376 181.73783678424275 1 12
877.61871146339229 407.69074867203966 2 1
296.60871970836621 628.01665631188757 2 11
879.58024197365557 589.02264899637282 4 2
525.2651864158538 179.01570523608385 4 10
289.52914449321327 726.34566125748188 4 2
120.87604817249309 839.90396904829277 4 10
472.44213348165823 161.37156031414671 2 1
183.62026025384679 186.98523975041553 2 11
987.40192378864663 893.7681421222444 1 0
330.25818821255899 146.11230007072035 1 12
297.58696802194214 127.49089619375567 2 1
424.94404602878046 419.6247640760983 2 11
151.99563409803307 562.90824265785204 1 0
694.92939212540296 672.69692013859276 1 12
934.56387293388718 25.833525576250665 2 1
270.58131546599225 435.84081677568935 2 11
638.33276089173864 738.4975780781474 1 0
396.91022810259233 907.32681953636506 1 12
493.49033200812187 956.51087470692391 2 1
400.47885237293491 354.8473280542504 2 11
869.15010990400151 725.92739924009629 1 0
241.62968404973856 901.55027097666505 1 12
549.21500943601541 188.59633882430683 4 2
754.27612828576639 715.60751353337116 4 10
274.3416693776033 211.26555285010161 2 1
122.95257370098497 364.45334181897414 2 11
863.09763487144028 866.18625701751796 1 0
377.98781766830189 165.59725392767825 1 12
715.91013338851405 399.29119353816276 2 1
523.97644394733345 331.78791576728895 2 11
151.15386136648863 661.55105438061389 1 0
152.81755672343189 812.00812656316214 1 12
888.21681226548662 322.63149503549249 2 1
19.600036415072097 936.34181143696844 2 11
574.11354840434296 16.99672919427524 1 0
518.23140051988526 853.77355578464994 1 12
54.288489846928151 994.38465312923756 2 1
372.00161513673305 15.59244677522595 2 11
290.32177631050507 694.4303623781517 4 2
115.86560391582219 828.22451452189489 4 10
738.48336973570758 163.04993876271965 2 1
36.536548569885753 628.48565119746274 2 11
883.14424492346404 997.19232656461872 1 0
391.16457583372221 425.76738099242908 1 12
873.67145808583655 341.51336486679963 4 2
238.96074409243414 583.97938904076136 4 10
249.46175132158405 633.49114119406477 8 3
290.55341972188785 714.38945532683965 8 9
511.21974577399328 701.09363375487703 2 1
153.78333636716633 878.68519197982607 2 11
185.96613442874235 612.2673570119448 1 0
394.32272934215297 188.75731241180296 1 12
969.43472026834513 285.55670421750256 2 1
233.1419193189505 588.9208989971977 2 11
696.63457693158591 2.8076734353812349 1 0
544.5057424056746 165.16934975065712 1 12
132.78209060136138 556.94083412547582 2 1
130.62651505234359 877.32145836509517 2 11
525.0602508587782 788.07173283265354 1 0
502.50821198623743 944.3183159530472 1 12
489.02124795169215 33.695768439304629 2 1
669.23529558010318 870.88378743544547 2 11
829.87346463109884 748.37142664696762 1 0
272.67351020542503 886.25328250359621 1 12
112.9092661852717 820.79080298438396 4 2
147.00651710665412 701.72846556672289 4 10
659.81154397452156 372.62770554481887 2 1
133.69300073206446 33.075999023914044 2 11
968.73039831387587 132.16981954601337 1 0
239.89903288014941 134.34209455240725 1 12
171.19282925561802 128.15854406157575 2 1
188.78057097986968 534.23476571797244 2 11
865.71497053748192 615.23546022369226 1 0
28.858817028221765 935.14984064669079 1 12
507.89663373221481 155.18907784301229 2 1
684.5109114919992 870.15433440604193 2 11
556.51325753759431 873.90808200008246 4 2
134.30566812887119 182.54421089096601 4 10
990.57139377908697 706.65920935055897 1 0
621.92237752676078 160.74263023616263 1 12
557.72029154335667 193.92446775225932 2 1
121.31753385420193 730.86370022077142 2 11
326.86053516864854 813.9312317360434 2 1
64 979.48912529307609 2 11
755.08036366642125 996.89284844477174 1 0
785.36646960422854 346.79569177742263 1 12
952.12451549659704 690.98066401624374 2 1
140.32829554336919 185.07976387844454 2 11
722.40731727426055 4.9073344987240688 1 0
397.14351565537208 546.4320619531195 1 12
161.46671134871133 739.0012137623861 4 2
579.15112816859983 882.29908203949105 4 10
