936 936 64 6
808 936 64 6
32 968 32 5
968 32 32 7
64 64 64 6
680 936 64 6
96 968 32 5
968 845.49033200812187 32 7
744 984 16 4
872 984 16 8
877.49033200812187 64 64 6
64 192 64 6
968 96 32 5
968 781.49033200812187 32 7
992 992 8 3
8 8 8 9
749.49033200812187 64 64 6
16 128 16 4
813.49033200812187 16 16 8
186.50966799187808 936 64 6
872 864.44582472000673 32 5
912.57437415779589 813.49033200812187 32 7
4 996 4 2
996 4 4 10
192 64 64 6
621.49033200812187 64 64 6
282.50966799187808 32 32 5
277.01933598375615 968 32 7
685.49033200812187 16 16 4
128 16 16 8
2 990.34314575050757 2 1
998 16 2 11
552 936 64 6
128 992 8 3
992 813.49033200812187 8 9
1 1 1 0
999 999 1 12
895.03235308295893 719.10666023906015 64 6
849.35229450455313 803.54203344409439 32 5
616 864.44582472000673 32 7
64 877.49033200812187 64 6
341.01933598375615 968 32 5
405.01933598375615 968 32 7
984 736.2354980121828 16 4
616 984 16 8
493.49033200812187 64 64 6
64 749.49033200812187 64 6
135.55417527999327 813.49033200812187 32 5
402.98066401624379 32 32 7
728 996 4 2
160 4 4 10
64 320 64 6
231.76450198781711 992 8 3
8 936 8 9
926.14151454312764 182.39367566701168 64 6
835.63184655124951 150.39367566701171 32 5
557.49033200812187 135.55417527999327 32 7
450.27416997969522 984 16 4
488 984 16 8
64 448 64 6
64 621.49033200812187 64 6
806.43246310837969 756.06690234449616 32 5
786.77770922621767 816.97413220952649 32 7
112 998 2 1
169.37258300203047 2 2 11
309.01933598375615 877.49033200812187 64 6
16 685.49033200812187 16 4
16 813.49033200812187 16 8
813.88662064812797 243.8984624451345 64 6
772.0281351912555 157.50478677812288 32 5
685.49033200812187 135.55417527999327 32 7
922.74516600406093 8 8 3
992 890.74516600406093 8 9
174.85125168440814 384 64 6
112 4 4 2
4 924.68629150101526 4 10
999 20.686291501015241 1 0
732 999 1 12
174.85125168440817 256 64 6
626.29349417461606 159.87976654749613 32 5
676.95849309110338 198.98293630126852 32 7
357.72583002030473 16 16 4
16 256 16 8
285.70250336881628 320 64 6
285.70250336881628 448 64 6
346.8532170687439 62.75239338906141 32 5
401.54929444459367 95.98399160062894 32 7
396.55375505322445 384 64 6
282.50966799187808 96.000000000000014 32 5
242.28314888437669 145.77777777777777 32 7
16 512 16 4
557.49033200812187 16 16 8
373.01933598375615 992 8 3
309.01933598375615 992 8 9
923.27877539982751 310.36165886826956 64 6
396.55375505322445 512 64 6
179.70856360604122 159.20987654320987 32 5
266.05396516660886 226.03226646068131 32 7
998 829.49033200812187 2 1
9.6568542494923797 998 2 11
174.85125168440814 685.49033200812187 64 6
811.02388150482784 371.86644564639238 64 6
305.50522853761942 155.72607634180522 32 5
329.48272618788411 234.56410537769989 32 7
16 557.49033200812187 16 4
16 384 16 8
4 224 4 2
996 868.11774900609134 4 10
701.63172675312831 305.40324922325743 64 6
335.09841302233519 8 8 3
992 64 8 9
698.76898760982817 433.37123242451531 64 6
617.76165525759757 223.30852756877138 32 5
373.45361040068479 281.06745301574074 32 7
999 832.31875913286808 1 0
734 999 1 12
920.41603625652738 438.32964206952744 64 6
984 704.2354980121828 16 4
747.73821062593936 198.90526460883461 16 8
174.85125168440817 557.49033200812187 64 6
305.35104157102376 541.96773353931871 32 5
246.40542696440144 621.49033200812187 32 7
479.26810978589964 191.20742271998805 64 6
808.16114236152771 499.83442884765026 64 6
675.19683783350581 840.12023345250384 32 5
736.52841440767577 858.40787176166589 32 7
984 672.2354980121828 16 4
142.28535689705427 765.96464217579921 16 8
314.50966799187808 8 8 3
434.98066401624379 8 8 9
695.90624846652804 561.33921562577314 64 6
4 589.49033200812187 4 2
776 996 4 10
120 998 2 1
998 825.49033200812187 2 11
345.2668494359425 629.27597073656648 64 6
968 626.98066401624374 32 5
968 562.98066401624374 32 7
472.47427215593052 615.05374851434431 64 6
912.57437415779589 594.98066401624374 32 5
721.70018547154666 796.14934923970316 32 7
984 517.72583002030467 16 4
253.13660858146244 573.96464217579921 16 8
586.5140937148285 494.87601920263819 64 6
589.37683285812864 366.90803600138031 64 6
516.40918594108757 429.29170777044209 32 5
490.76573313244671 487.92969313872538 32 7
421.18736653864846 732.32971925091078 64 6
444.55375505322445 448 16 4
44.922774966099745 543.79825078354702 16 8
992 594.98066401624374 8 3
64 992 8 9
293.97994381866044 746.55194147313296 64 6
493.41362539534617 369.56563142863689 32 5
513.06837927750803 308.65840156360656 32 7
166.54415587728428 1 1 0
736 999 1 12
548.39478925863648 718.10749702868861 64 6
4 232 4 2
4 829.49033200812187 4 10
805.29840321822758 627.80241204890808 64 6
492.74154181864168 796.32971925091078 32 5
566.63800141772356 273.63989811536459 32 7
693.04350932322791 689.30719882703102 64 6
362.91698851198777 787.14361388201746 16 4
327.39533994715333 113.00812903065517 16 8
237.25483399593904 8 8 3
8 534.62741699796948 8 9
2 214.62741699796953 2 1
998 48 2 11
992 495.09841302233514 8 3
620.92205775123182 431.62973859366031 8 9
4 701.49033200812187 4 2
996 649.60808101421321 4 10
624.53183891701849 801.01706369873148 32 5
393.40134359001394 824.22061612703203 32 7
176 1 1 0
172.20101012677665 1 1 12
206.2768775266122 457.56921938165306 16 4
143.54032506417019 127.65265041703847 16 8
998 660.92178951319806 2 1
2 523.31370849898474 2 11
992 479.09841302233514 8 3
885.70987171577519 248.94034761575395 8 9
922.3986432588996 547.99679724658438 16 4
772.23525131252381 700.65039064859445 16 8
996 758.86291501015239 4 2
152 4 4 10
556.80316216649419 840.12023345250384 32 5
604.05611478966557 589.25969097169991 32 7
727.11414175737889 174.43798475788111 16 4
143.42562584220408 457.56921938165306 16 8
992 463.09841302233514 8 3
300.96778527112843 206.51240053621237 8 9
999 664.2354980121828 1 0
116 1 1 12
952 517.72583002030467 16 4
465.79653001932422 424.0679187754252 16 8
998 586.98066401624374 2 1
2 952 2 11
218.50966799187808 996 4 2
224 4 4 10
992 447.09841302233514 8 3
252.71765836387499 384 8 9
641.17769112438589 619.68975128096531 16 4
972.69813867194932 247.45119444637817 16 8
261.15763802490113 931.27934453387229 8 3
405.2055780176097 589.38425711063621 8 9
781.49033200812187 4 4 2
996 980.68629150101526 4 10
998 764.51976925964482 2 1
2 546.17662350913713 2 11
586.56981937306671 186.82470411025088 16 4
95.425625842204099 547.92111262646881 16 8
1 228 1 0
228 1 1 12
105.53002866506861 517.55828924666287 16 4
922.3986432588996 641.96453078590309 16 8
114.59080830668668 932.58274648558938 8 3
102.93320333973347 259.43428628582865 8 9
768 996 4 2
968 996 4 10
271.02515240146079 589.96464217579921 8 3
135.91804834467473 624.9246182939504 8 9
365.01933598375615 998 2 1
998 862.46089475659892 2 11
1 208 1 0
156 1 1 12
890.68426274826197 637.69861132739379 16 4
549.0796864001627 638.11042885800168 16 8
207.83609668934943 320 8 3
667.22376271672499 368.64952983223532 8 9
840 996 4 2
541.49033200812187 4 4 10
580.3772142987325 644.77861807534146 16 4
815.67770333567853 708.96567589401468 16 8
823.94843721434393 112.13798398242302 8 3
409.78345112732558 661.2385755458655 8 9
2 986.34314575050757 2 1
346.41212152131999 2 2 11
434.27416997969522 996 4 2
4 709.49033200812187 4 10
109.17157287525382 999 1 0
340.75526727182756 1 1 12
349.38078205355367 136.25980284967557 16 4
969.83539952864919 375.41917764763605 16 8
739.20063043718062 366.82456047577307 8 3
733.47515215058036 622.76052687828872 8 9
772.11774900609134 2 2 1
421.01933598375615 998 2 11
342.4956144954586 799.75184465707184 8 3
773.45497782077553 310.44513439387674 8 9
934.05887450304567 4 4 2
996 688.2354980121828 4 10
559.94429086159346 570.33491911736144 16 4
439.32237808394814 810.2471201075349 16 8
448.10701291036361 857.43642176550111 32 5
551.98758958133112 606.24282620124461 16 4
351.86597815287212 168.16315377630917 16 8
342.75526727182756 1 1 0
999 684.2354980121828 1 12
96.984845004941292 384 8 3
941.29507521821995 656.76064038291452 8 9
520 996 4 2
533.49033200812187 4 4 10
962.34314575050757 998 2 1
990.34314575050757 2 2 11
253.13660858146241 669.01602184044452 16 4
515.60792414862362 864.75663669345988 16 8
813.49033200812187 96.984845004941292 8 3
976 495.09841302233514 8 9
4 717.49033200812187 4 2
4 96 4 10
1 520 1 0
777.49033200812187 1 1 12
596.48013407553105 829.53200461548715 8 3
133.4357228875883 105.88347462067409 8 9
301.01933598375615 998 2 1
2 948 2 11
253.33036463372278 541.96522876567224 16 4
369.75891018556365 929.55475484928206 16 8
516.80871469024714 840.78669505658581 8 3
96.984845004941292 685.49033200812187 8 9
942.05887450304567 4 4 2
4 19.313708498984759 4 10
216.3812803494767 487.93204276145894 16 4
490.59770819101448 884.71882840062847 16 8
1 979.31370849898474 1 0
1 217.45584412271572 1 12
848.59278518888016 433.28775689890796 8 3
96.984845004941292 128 8 9
998 797.49033200812187 2 1
785.37258300203052 998 2 11
4 797.49033200812187 4 2
525.49033200812187 4 4 10
890.68426274826197 552.26271670509368 16 4
402.18597841642935 871.40991778499824 16 8
481.59821502366088 448.99440565134341 8 3
983.44192166052699 225.99027351799418 8 9
218.50462772520825 187.47408374704776 16 4
825.57377334538467 845.23833941336443 16 8
673.86804011987761 792.13862972111258 16 4
174.92969973764795 463.99996153688414 16 8
767.88311618698367 559.51424626931089 8 3
324.63570670854972 387.43428628582865 8 9
589.49033200812187 4 4 2
797.49033200812187 4 4 10
2 86.627416997969519 2 1
2 944 2 11
999 856.80404050710661 1 0
1 210 1 12
979.60872114050539 397.33908149485273 8 3
845.43184554123116 308.62016503741449 8 9
613.80196127525051 636.25988752745286 16 4
734.69487865883207 232.55527062357109 16 8
4 845.49033200812187 4 2
4 240 4 10
426.98066401624379 2 2 1
998 801.49033200812187 2 11
83.504492987119903 527.09116804057442 8 3
477.05214526564635 686.90806694957371 8 9
1 528.97056274847705 1 0
782.54415587728431 999 1 12
911.4314575050762 4 4 2
996 972.68629150101526 4 10
611.7296120480429 290.09427901419127 16 4
473.15916929745657 535.05668034365738 16 8
289.40207070894462 674.69762303790355 8 3
568.45608144364826 623.94867348944706 8 9
998 506.41212152131993 2 1
998 643.95122676472079 2 11
803.04653557166614 853.51623517776909 8 3
801.16332420458582 130.09783946256954 8 9
999 986.34314575050757 1 0
1 244 1 12
717.49033200812187 4 4 2
980.68629150101526 996 4 10
333.81740518722512 183.98241462831223 8 3
979.68340933690558 134.25569168458867 8 9
998 52 2 1
834.34314575050757 998 2 11
4 352 4 2
996 904 4 10
246.54778705636463 692.09387769644661 8 3
335.26883330336642 24.46659898987911 8 9
1 220 1 0
917.08831175456851 1 1 12
170.66130548082199 780.75671917571276 16 4
504.45669719602637 541.72486956099704 16 8
347.77122728786691 191.81126184764418 8 3
741.23605311580036 898.12988250877902 8 9
904 996 4 2
4 368 4 10
2 595.14718625761429 2 1
998 56 2 11
73.061193560759989 539.21294584300051 8 3
710.73728445195366 233.98134208690772 8 9
570.56981937306671 214.53751703135291 16 4
450.27416997969522 952 16 8
549.49033200812187 1 1 0
1 605.49033200812187 1 12
996 720.2354980121828 4 2
4 27.313708498984759 4 10
988.99247904416973 147.26880895852796 8 3
518.05442930219283 517.17566826959228 8 9
357.01933598375615 998 2 1
723.14718625761429 2 2 11
848 996 4 2
4 581.49033200812187 4 10
351.38614181284896 112.34373017384102 8 3
928.287187078898 850.2749416989484 8 9
222.50966799187808 999 1 0
999 509.24054864606615 1 12
377.46432991927531 233.23530766407168 16 4
421.17354500821 897.16787412712085 16 8
322.50966799187808 2 2 1
218.34314575050763 2 2 11
135.9180483446747 316.56571371417135 8 3
888.8708113634242 373.60793947724744 8 9
720 996 4 2
996 876.11774900609134 4 10
730.31421250293147 498.09293501679525 8 3
966.11145618000171 688.2354980121828 8 9
2 854.86291501015239 2 1
389.01933598375615 998 2 11
805.49033200812187 1 1 0
529.49033200812187 1 1 12
4 272 4 2
829.49033200812187 4 4 10
363.58367268491941 213.65656013665506 8 3
980.57918251722685 353.95825671925206 8 9
384.58348366011876 202.03726846263731 16 4
475.41185892284295 912.88600756369658 16 8
378.25249247152738 150.05923535759661 16 4
469.19282576157383 328.12467505573625 16 8
987.1997837241895 411.42367480991129 8 3
658.33734478247572 499.9179043732575 8 9
504 996 4 2
760 996 4 10
519.83347775862944 2 2 1
998 602.98066401624374 2 11
788.20101012677674 999 1 0
1 540.2842712474619 1 12
868.69882064186163 575.51439052411411 16 4
761.45430683060545 730.77963285741532 16 8
549.35448603418399 174.71803630375291 8 3
236.68141980835915 500.73455571595042 8 9
4 416 4 2
653.49033200812187 4 4 10
365.97269934939038 118.91886053248544 8 3
356.67076484726539 700.36711444161176 8 9
998 881.77460325558377 2 1
984 2 2 11
199.29143921069715 819.28353376775328 32 5
520.2772518024708 261.20282068086067 16 4
133.32122301933956 487.93204276145894 16 8
416.33304448274089 999 1 0
500 999 1 12
565.35438985057669 174.77351482377608 8 3
991.49288346996423 426.83695786618546 8 9
4 288 4 2
4 480 4 10
998 909.65685424949243 2 1
998 487.09841302233514 2 11
272.72824895562303 518.82138605267289 8 3
229.69724393065115 209.35327305667573 8 9
144 4 4 2
4 160 4 10
724 999 1 0
393.70562748477141 999 1 12
466.70762966225533 296.22132412910264 16 4
902.84705838201342 522.66429778834072 16 8
912.61359818441588 853.490312776564 8 3
242.44458262843341 185.77745201577977 8 9
998 610.98066401624374 2 1
13.65685424949238 998 2 11
466.27416997969522 996 4 2
248.5685424949238 4 4 10
740.87291495384852 743.12492784843766 8 3
110.304562467534 136.86482525020674 8 9
999 976.68629150101526 1 0
1 549.00505063388334 1 12
238.2240134378799 523.31588149699132 8 3
484.22416080503524 960.29888107338036 8 9
669.49033200812187 4 4 2
4 144 4 10
905.77460325558377 2 2 1
998 455.09841302233514 2 11
253.30282918663352 517.96524456152838 8 3
501.47582054670465 845.35860463387633 8 9
104 4 4 2
4 669.49033200812187 4 10
1 236 1 0
999 500.75526727182751 1 12
727.80649995195381 752.35903847146255 8 3
866.69346088256634 551.59831784827952 8 9
326.50966799187808 2 2 1
2 421.65685424949237 2 11
955.10278866483998 664.84439256714347 8 3
280.75024774455937 661.2385755458655 8 9
4 909.49033200812187 4 2
256.5685424949238 4 4 10
928.40202025355336 1 1 0
537.49033200812187 1 1 12
290.52448584476855 194.39062273378622 8 3
480.53132228073696 944.73087080766368 8 9
471.93102422918759 998 2 1
2 342.62741699796953 2 11
4 653.49033200812187 4 2
600 996 4 10
470.16615003527488 967.93905994545537 8 3
770.59223867747539 438.41311759513462 8 9
2 915.14718625761429 2 1
80 998 2 11
775.49033200812187 1 1 0
1 336 1 12
389.37271717047099 900.73261098059027 16 4
142.28535689705427 861.01602184044452 16 8
519.43550791326425 560.47680891395885 8 3
361.73940642733101 99.87922151078881 8 9
254.39191898578662 996 4 2
592 996 4 10
879.00530223928979 616.73192629065352 8 3
407.26587957090459 916.72744575034358 8 9
4 280 4 2
461.49033200812187 4 4 10
595.14718625761429 2 2 1
2 644.11774900609134 2 11
982.47146028380553 269.37109829359486 8 3
431.05154740433625 937.63021289909625 8 9
1 15.313708498984759 1 0
1 348 1 12
446.29437251522853 4 4 2
4 661.49033200812187 4 10
121.33763487000158 148.45237517941558 8 3
656.48217089966408 233.34454612258466 8 9
2 41.372583002030481 2 1
260.04877323527899 998 2 11
491.94361176054116 860.75659679375315 8 3
164.74235361399258 757.4980431859201 8 9
1 140 1 0
604 999 1 12
4 496 4 2
512 996 4 10
320.47825332703098 192.81796937324361 8 3
872.7935715068669 599.16249859544905 8 9
2 169.37258300203047 2 1
422.98066401624379 2 2 11
888 996 4 2
4 400 4 10
688.82216253012041 773.36699625624135 8 3
165.25035658548342 840.28840686195156 8 9
1 956.68629150101526 1 0
1 641.28932188134513 1 12
557.30639213467589 188.60209872686812 8 3
649.45122972734714 247.71694558236237 8 9
4 408 4 2
4 488 4 10
998 958.62741699796948 2 1
2 297.37258300203047 2 11
773.76487496791231 779.14998457120055 8 3
636.75281396071307 643.27831762329322 8 9
1 852.03448788540618 1 0
1 176 1 12
243.07821048680188 996 4 2
32 4 4 10
525.65685424949243 998 2 1
425.01933598375615 998 2 11
530.32908203781028 572.19559907305893 8 3
363.5449386618443 189.12983881304942 8 9
852.10690334602498 558.17344820692392 8 3
527.89321528888092 546.89493916239519 8 9
380.35324701827426 4 4 2
996 540.35324701827426 4 10
1 646.94617613083756 1 0
1 850.03448788540618 1 12
406.63744499235816 246.38556838136046 16 4
201.23917684794861 771.32306756801302 16 8
952 2 2 1
369.03953851928947 2 2 11
991.21439425193648 386.32507442972855 8 3
538.36562851386839 586.03084105642006 8 9
856 996 4 2
661.49033200812187 4 4 10
783.68753749393454 721.74174293381009 8 3
220.63720890753217 785.45517116993187 8 9
1 920.68629150101526 1 0
1 492 1 12
909.65685424949243 998 2 1
998 962.62741699796948 2 11
584 996 4 2
896 996 4 10
991.65524063367945 212.25923599545951 8 3
67.785075758008617 524.1078943392323 8 9
375.17963337303769 173.86170449339909 8 3
926.78414852760886 524.40087930431901 8 9
96 4 4 2
789.49033200812187 4 4 10
470.86291501015234 2 2 1
86.627416997969519 2 2 11
1 917.97561338236051 1 0
999 716.2354980121828 1 12
357.62055171349101 451.43428628582865 8 3
453.5986183821916 123.93872858166721 8 9
712 996 4 2
4 360 4 10
276.16590310990313 187.3315079276633 8 3
767.33159831576847 764.5003104616178 8 9
418.98066401624379 2 2 1
998 12 2 11
606 999 1 0
1 657.49033200812187 1 12
422.65043254087004 921.12238942624288 8 3
531.90540284240126 788.19387327697302 8 9
4 837.49033200812187 4 2
632 996 4 10
644.11774900609134 2 2 1
381.01933598375615 998 2 11
991.68070871440386 365.48024075384399 8 3
757.86124670577851 777.39652852673908 8 9
4 573.49033200812187 4 2
701.49033200812187 4 4 10
981.17157287525379 1 1 0
509.49033200812187 1 1 12
398.46414089447467 221.61601599005397 8 3
988.79250149037932 340.22721919671739 8 9
998 582.98066401624374 2 1
973.65685424949243 998 2 11
648 996 4 2
581.49033200812187 4 4 10
393.23623803334073 924.41959488614839 8 3
484.75620262790233 280.40206327709956 8 9
999 728.2354980121828 1 0
959.51471862576136 999 1 12
421.06218913580835 274.95000004726273 16 4
440.32111534360007 314.32524254781526 16 8
390.82327969262155 170.50367980204106 8 3
597.31567289877319 131.82024665943635 8 9
709.49033200812187 4 4 2
4 112 4 10
998 821.49033200812187 2 1
2 470.62741699796953 2 11
155.34675869728829 478.39916396754745 8 3
444.35521811286583 928.74132401020734 8 9
640 996 4 2
19.313708498984759 4 4 10
999 615.666955517259 1 0
1 565.49033200812187 1 12
135.69653537195649 884.09387769644661 8 3
180.6766695966686 758.94634362582792 8 9
56 998 2 1
248.73506473629425 998 2 11
700.38122675734735 762.30408370163616 8 3
628.9812158145786 306.77906751996653 8 9
154.50966799187808 996 4 2
573.49033200812187 4 4 10
1 597.97561338236051 1 0
1 268 1 12
595.35602501597032 663.53055742830327 8 3
110.304562467534 119.13517474979329 8 9
2 726.86291501015239 2 1
455.8334777586295 2 2 11
4 152 4 2
146.50966799187808 996 4 10
129.53921913074069 162.19042509976441 8 3
445.17300633837618 897.32867170750785 8 9
780 999 1 0
1 577.49033200812187 1 12
845.49033200812187 4 4 2
4 781.49033200812187 4 10
386.98066401624379 2 2 1
998 471.09841302233514 2 11
606.24959914051635 675.24934758740335 8 3
742.33668183379643 759.05783048798105 8 9
837.49033200812187 4 4 2
4 789.49033200812187 4 10
2 903.83347775862944 2 1
325.01933598375615 998 2 11
1 89.455844122715703 1 0
624 999 1 12
400.87990946949691 158.05923535759661 8 3
543.64255461223695 552.7209077838686 8 9
4 104 4 2
638.37279230315551 193.79275162286018 4 10
998 606.98066401624374 2 1
998 578.98066401624374 2 11
999 503.58369439657372 1 0
1 292 1 12
258.10827461061359 182.51420922870665 8 3
804.6255067579151 110.304562467534 8 9
215.33768119370561 310.6337718411304 4 2
35.891393779086954 815.57178667380663 4 10
787.4235084399603 856.9689186619571 8 3
454.81487397984409 469.69583919496472 8 9
475.93102422918759 998 2 1
574.62741699796948 998 2 11
331.10390282867189 803.52396677874231 4 2
968.81510644954813 504.70972431001462 4 10
627.24126490700803 656.14418077346556 8 3
410.38085205246824 296.4420692382937 8 9
164 1 1 0
900 999 1 12
725.31567289877319 131.82024665943635 8 3
355.97048277482912 810.11633810104775 8 9
446.29437251522853 12 4 2
236.11863041549779 586.99132018515127 4 10
998 72 2 1
385.01933598375615 998 2 11
389.80909114099001 1 1 0
1 569.49033200812187 1 12
582.50490512199417 230.58599758764694 4 2
531.4332978279881 560.2465109284044 4 10
317.01933598375615 998 2 1
653.65685424949243 998 2 11
715.16485222932045 218.60614636207794 8 3
194.35574467152796 478.39916396754745 8 9
852.70225859354446 444.56216279617615 4 2
534.85370124797601 870.19723076415141 4 10
150.50966799187808 999 1 0
1 83.798989873223334 1 12
297.01933598375615 998 2 1
374.69639276878189 2 2 11
723.59304080453535 147.72724319139994 8 3
673.7003137127698 768.1392158146781 8 9
11.230693741524936 364.57697969385629 4 2
710.57524264507617 833.45926708202489 4 10
852 999 1 0
987.51471862576136 1 1 12
998 656.92178951319806 2 1
48 998 2 11
618.08145466568476 964.10860622091309 4 2
420.32651100705527 800.32426997193352 4 10
881.58058033326176 364.07628004528829 4 2
130.91475113528014 332.10025125786757 4 10
998 76 2 1
948 2 2 11
1 893.49033200812187 1 0
999 692.2354980121828 1 12
225.20911848482265 770.12227702638938 8 3
498.54561779513955 271.38791191125244 8 9
767.23082972343013 194.42890439989944 4 2
151.87300109825605 621.49033200812187 4 10
998 80 2 1
116 998 2 11
1 983.51471862576136 1 0
825.49033200812187 1 1 12
703.2301931263288 872.09101684963639 4 2
130.91475113528014 435.89974874213243 4 10
72 998 2 1
306.50966799187808 2 2 11
441.34635732668198 113.6488258111041 8 3
176.2058385863327 851.949342250207 8 9
945.37258300203041 59.999999999999957 4 2
858.97287694847489 192.99434185731349 4 10
597.97561338236051 1 1 0
450.29437251522853 1 1 12
292.8149603538514 579.95255508314676 8 3
637.34995663987036 258.18399815996554 8 9
52 998 2 1
998 439.09841302233514 2 11
932.04097582766269 783.20747515103619 4 2
802.3689163554717 176.88098347265353 4 10
1 543.34819638439092 1 0
80 1 1 12
219.12772066794687 755.3230675680129 8 3
439.37639615996937 131.26869413832083 8 9
278.61639067968832 131.78885848655122 4 2
628.63124296851106 422.43362728041041 4 10
136 998 2 1
2 37.372583002030481 2 11
622.11455533122989 263.07097544297767 8 3
401.40107836250615 309.68456388534054 8 9
1 284 1 0
833.49033200812187 1 1 12
265.23326663639023 558.03759399033333 4 2
622.38987706591831 899.87419571109876 4 10
998 753.20606076065997 2 1
900.11774900609134 2 2 11
278.93089793073625 572.00064898265475 8 3
407.68556385908505 208.54064377708212 8 9
104.48642950929747 676.12410384925226 4 2
266.01724548940746 64 4 10
226.10764773832474 999 1 0
1 412 1 12
427.12413510445975 141.55859690888391 8 3
134.50429874304814 177.40055279296439 8 9
851.14718625761429 2 2 1
24.970562748477139 2 2 11
538.06731170197816 11.23069374152494 4 2
881.60039831111089 237.66594171848573 4 10
772 999 1 0
999 45.171572875253808 1 12
266.50966799187808 2 2 1
262.22539674441617 2 2 11
443.3939744420897 290.52277341201278 8 3
417.44688514432988 154.30029354666209 8 9
114.21695076170786 493.85038556213249 4 2
336.00632153835511 809.84585659073264 4 10
452.15655013989516 277.13556805987787 8 3
872.44235101900176 536.66679876282819 8 9
239.21262194383715 202.04180389745909 4 2
837.5009881770294 874.73262126891041 4 10
41.372583002030481 2 2 1
998 534.69639276878183 2 11
626 999 1 0
352.33304448274089 999 1 12
135.98768459026681 193.33164084206734 8 3
406.62879960593222 172.9907544430479 8 9
724 989.07179676972453 4 2
41.021749413847886 384 4 10
76 998 2 1
160.16652224137044 998 2 11
999 680.2354980121828 1 0
1 300.20101012677668 1 12
429.81781979998448 252.60410709861245 8 3
306.50966799187808 64 8 9
935.11648129687387 860.14209632854261 4 2
738.02339772021071 488.89682370354535 4 10
998 546.01010126776669 2 1
361.01933598375615 998 2 11
125.95705528993255 777.51395239878946 4 2
275.94310159474742 600.91059008962793 4 10
569.49033200812187 1 1 0
1 345.45584412271575 1 12
39.701118926619657 515.77583919496476 8 3
611.75669201696633 660.17258025874344 8 9
218.78775223353614 435.89974874213243 4 2
10.928203230275509 665.49033200812187 4 10
706.34314575050757 998 2 1
2 775.83347775862944 2 11
511.49033200812187 1 1 0
230 1 1 12
944.8199088360135 374.85956247981676 4 2
484.05522750204801 933.25994704402478 4 10
293.01933598375615 998 2 1
140.85281374238571 998 2 11
596.57697969385629 988.76930625847501 4 2
312.77352293314931 385.62083761585524 4 10
349.2405486460662 1 1 0
657.49033200812187 1 1 12
998 435.09841302233514 2 1
998 805.49033200812187 2 11
12 924.68629150101526 4 2
981.30939426205919 885.29439092560585 4 10
538.32582476811785 245.38355982885761 8 3
357.66953974020311 317.82154276620145 8 9
790.20101012677674 999 1 0
1 276 1 12
302.50966799187808 2 2 1
998 967.02943725152284 2 11
280.26604838637417 649.24834823436163 4 2
384.87864940282947 180.92775629435857 4 10
130.91475113528011 609.39008075025424 4 2
964.37066200510367 498.05788895574983 4 10
998 749.20606076065997 2 1
998 530.69639276878183 2 11
1 148 1 0
697.49033200812187 1 1 12
992.57093050006915 353.51330692882738 4 2
614.40788050941035 900.41060131499876 4 10
321.01933598375615 998 2 1
2 33.372583002030481 2 11
108 1 1 0
1 266 1 12
495.15536703619159 760.41073474662505 4 2
616 913.02174941384783 4 10
298.50966799187808 2 2 1
212.85281374238571 998 2 11
991.7525475854369 200.25963052873115 4 2
980.68629150101526 988 4 10
371.86796564403568 1 1 0
1 476 1 12
362.39787369233972 243.08426175888974 2 1
307.97860865091377 982.05430311045654 2 11
726.38906444107852 214.36149558428463 4 2
329.63900391794431 371.89974874213237 4 10
1 729.6913421348986 1 0
999 726.2354980121828 1 12
932.80179578093635 103.5555555555555 4 2
59.999999999999915 945.37258300203041 4 10
369.39634521891747 37.300333095150954 2 1
609.04186954998568 897.72621565281554 2 11
884 999 1 0
517.00505063388323 1 1 12
745.15795396792055 823.4574633666532 4 2
41.021749413847886 685.49033200812187 4 10
919.82594617887889 780.27264540560475 2 1
986 455.09841302233514 2 11
614.28614561657446 689.08458957076448 8 3
232.1875036835475 796.52723920563108 8 9
951.50757749752938 813.49033200812187 4 2
357.46851543687148 822.02246669700435 4 10
999 641.12279963997457 1 0
999 653.60808101421321 1 12
683.71699421469555 807.20508594804824 2 1
719.24910240788415 241.79799727784638 2 11
85.659501080276783 515.28625634592674 4 2
827.47552856496736 726.85749639042433 4 10
566.51610995628573 184.7058059187849 2 1
368.23559957632722 89.187100088765774 2 11
1 821.49033200812187 1 0
202.50966799187808 999 1 12
965.09481222505758 490.09073096441188 4 2
660.6818875479396 807.17609560967151 4 10
935.37571269367731 532.77852964199292 4 2
237.21527706627217 981.30939426205919 4 10
240.76355865010024 560.89147747110667 2 1
427.39781256290519 823.73061880536375 2 11
1 801.49033200812187 1 0
1 264 1 12
470.80238052726054 272.57321605776764 8 3
723.74855094884833 198.20082967404247 8 9
927.39696529323271 862.24187552396506 4 2
349.80447923426601 98.631217946596138 4 10
889.28633994239533 619.75297643116244 2 1
829.06158937013038 721.07092476965215 2 11
1 895.49033200812187 1 0
83.798989873223334 1 1 12
487.16319445952666 760.7645390778672 4 2
131.03732003856246 94.125597951233104 4 10
846.8735199692486 443.13885466030314 2 1
489.14927012100958 551.19496334844405 2 11
581.5009881770294 874.73262126891041 4 2
650.99132018515127 125.26737873108959 4 10
1 120 1 0
705.49033200812187 1 1 12
380.12733550628809 861.95389996760412 8 3
547.79085945394195 790.10496412851785 8 9
717.44738190271403 625.83711923732039 4 2
328.5990229327146 514.4808027792925 4 10
631.88750046329812 417.3941047705249 2 1
219.15339943097652 470.14678606390225 2 11
999 912.48528137423864 1 0
999 896.40202025355336 1 12
619.06879795149985 704.35306155204773 8 3
658.65300996524491 773.57784155375248 8 9
991.2777794543249 400.13784516273881 4 2
865.61012293408169 899.87419571109876 4 10
389.22488788410146 250.9465830658028 2 1
641.46580059140695 198.93408410858873 2 11
636 989.07179676972453 4 2
100.12580428890121 819.88020907404018 4 10
1 693.49033200812187 1 0
673.49033200812187 1 1 12
222.21461977831365 301.964240043769 2 1
651.52504174917362 137.09009768213446 2 11
507.42302030614371 988.76930625847501 4 2
421.37841431556257 664.32998762830118 4 10
577.49033200812187 1 1 0
1 246 1 12
818.73220080139947 828.58922877269094 2 1
5.6153468707624699 945.7115101530718 2 11
592.73084839235059 142.90985369689744 4 2
629.27885872999514 547.745432602047 4 10
432.64477086301656 295.85706084480466 4 2
119.99432014743246 921.86817417555665 4 10
805.10656034826093 165.36721573693632 2 1
362.27873930130573 223.5710519977809 2 11
1 928.68629150101526 1 0
1 356 1 12
715.84907112612461 753.36893741453946 4 2
661.17737573179556 619.80207048742659 4 10
353.61569581725752 308.68007956557557 2 1
538.40597446197501 618.05551982927363 2 11
764 999 1 0
1 339.79898987322332 1 12
509.21518992574875 130.15685031401091 4 2
19.850559463309821 934.11208040251768 4 10
922.66911952887222 858.5476266925491 2 1
907.64075528594401 558.3023657693634 2 11
406.63939562415487 192.57488253546816 8 3
551.66497662831193 236.54800508392623 8 9
1 100 1 0
599.97561338236051 1 1 12
77.760758739047517 516.55506264590792 4 2
472.55096838286966 456.87776332562737 4 10
421.97329742381692 879.18564967980262 2 1
861.65900815917041 198.35947923849278 2 11
743.8552439101752 382.4671118366943 4 2
253.8735755372077 259.90907428662581 4 10
120 1 1 0
999 724.2354980121828 1 12
127.19224600081135 116.1313522723775 4 2
491.93457088537014 680.20969047945573 4 10
623.34238146285099 617.26040378067637 2 1
297.44285835174628 680.64285087906887 2 11
588 999 1 0
1 731.6913421348986 1 12
932.80179578093635 24.444444444444528 4 2
952.85827239675132 244.92538642076315 4 10
223.01275875963285 471.19814022512173 2 1
676.92079997611495 371.09237006237788 2 11
940.57700387687851 539.65730054458163 4 2
751.116424141994 891.31972330471092 4 10
999 712.2354980121828 1 0
824 999 1 12
486.51307119173805 927.78646511776878 2 1
345.06959688241545 28.799209458376474 2 11
606.0449041879416 266.77724454268736 8 3
439.73872510101478 912.37754500198616 8 9
454.66518484612448 8.1734118197319461 4 2
927.7734808924987 109.7777777777777 4 10
990.06252286748963 283.45569160865341 8 3
671.58722240343229 238.62066392533603 8 9
999 9.1715728752538102 1 0
1 981.51471862576136 1 12
339.49916696802194 155.0840872531102 2 1
222.21461977831365 429.96424004376894 2 11
324.15600463236268 807.48965847802037 4 2
12.428606220913068 705.1688773424371 4 10
597.50990155018394 624.65950865799925 4 2
126.76558363339831 848.40108474806436 4 10
740.43923247696546 615.58406638528402 2 1
653.66455855193999 223.74970059709793 2 11
327.84776310850236 999 1 0
1 599.97561338236051 1 12
424.66236127413748 445.91854533431524 4 2
531.83040666067484 648.23279757628552 4 10
217.91061623402598 169.48388779624324 2 1
127.48788359050263 429.964240043769 2 11
1 649.49033200812187 1 0
13.65685424949238 1 1 12
750.5115617390486 750.27310860651528 4 2
574.10138344784116 871.69192236047252 4 10
947.75678524535124 818.17344608755673 2 1
155.48208498030817 753.72346707302995 2 11
737.27992946032748 130.89473872899731 4 2
935.33950312757963 16.857611019174634 4 10
1 392 1 0
999 551.666955517259 1 12
245.21607385951881 393.36622815886966 4 2
651.86698030434775 867.53770502938687 4 10
589.86092452563196 125.15490895657781 2 1
24.970562748477139 6.0000000000000009 2 11
1 156 1 0
665.49033200812187 1 1 12
413.29374476310568 308.08316266014697 4 2
858.2592635492191 178.39367566701162 4 10
363.30782583068429 994.38465312923756 2 1
779.45429351803762 730.80152468838526 2 11
368.99142445301089 132.33262769689594 4 2
520.30246325327732 393.5028492838909 4 10
567.49033200812187 1 1 0
1 500 1 12
937.9678880797162 374.70627766951458 2 1
509.54662104530485 558.9902301193099 2 11
397.33572265867508 180.58277135901682 4 2
712.34604471491241 761.38586191887941 4 10
954.82842712474621 1 1 0
1 248 1 12
567.30636121348175 188.62696683750528 2 1
240.84854294572949 556.89238036432164 2 11
639.78571601330452 599.73824995173868 4 2
812.74555160145792 860.58228697872858 4 10
455.3743037246187 822.17757203637575 4 2
12.428606220913068 147.67854533431517 4 10
686.80118006948555 804.65797040039172 2 1
405.04208829365592 889.18187987051965 2 11
999 900 1 0
999 859.63246763185271 1 12
340.67649540323174 697.12085742564852 4 2
760.21214691788055 678.70653263672909 4 10
596.71286158081773 630.60633363333125 2 1
513.21685605424148 882.59711856385866 2 11
458.27416997969522 999 1 0
1 404 1 12
665.49033200812187 10.928203230275509 4 2
411.65747371029227 315.9140385397485 4 10
622.98767475283 671.56841400563235 8 3
466.73376174075196 400.08622582642033 8 9
364.91908598048155 805.6528752449475 2 1
33.075999023914044 691.1833327401863 2 11
674.36511503034205 496.84131201422599 4 2
881.16162614614495 382.80405079049729 4 10
100 1 1 0
215.51471862576145 1 1 12
400.87990946949691 142.05923535759661 8 3
661.46667378729296 757.82718138039786 8 9
371.85203477215379 4.8442687685280896 2 1
923.48573855205996 778.65835925215924 2 11
770.56808335245955 752.94500152557998 4 2
164.93400874865648 126.38134430727023 4 10
1 897.49033200812187 1 0
641.28932188134513 1 1 12
598.70707004277006 257.28218319175573 4 2
122.29873600236377 136.49092524166255 4 10
236.54407646091457 580.94231211845113 2 1
218.48041452213749 305.522683187393 2 11
1 108 1 0
1 585.49033200812187 1 12
231.49451209536977 780.34449924861156 4 2
755.38721744920554 765.65433200148789 4 10
539.53557101959973 576.09951513621775 2 1
458.52038123093052 968 2 11
523.53247460911098 535.71531749063013 4 2
76.597808783619939 554.66746755401937 4 10
725.97561338236051 1 1 0
1 304 1 12
106.2965690110702 681.84454045707525 2 1
765.86242646666108 680.72503233220391 2 11
107.936500549128 396.10025125786757 4 2
248.76692648005806 990.31146246294384 4 10
902.94617613083756 1 1 0
1 823.49033200812187 1 12
617.81520951930895 958.11451633820104 2 1
507.84628084794144 275.06182900044297 2 11
567.69147230465626 194.61459486932677 4 2
441.26605762679088 18.222222222222229 4 10
627.91303042225877 562.29958013180658 4 2
237.61683531780645 656.40108474806436 4 10
824.97976185420248 827.24814346255994 2 1
136.60876142019998 330.20862579937238 2 11
999 744.2354980121828 1 0
1 785.49033200812187 1 12
11.999999999999998 19.313708498984759 4 2
469.60646704081864 449.4393554417681 4 10
441.91739737297581 263.07311959049366 8 3
531.9608813624244 804.19377709336572 8 9
348.10005461900664 695.21513169870377 2 1
390.86363812863578 180.50359836154155 2 11
716 999 1 0
1 677.49033200812187 1 12
831.02686692801751 696.14369566412768 4 2
210.15780376380269 129.53086419753086 4 10
952.89099655834912 369.34569364089941 2 1
681.21713578663923 496.99459682452812 2 11
939.16420679677992 867.04252517589771 4 2
847.35986183785042 767.59721167421139 4 10
1 467.79898987322332 1 0
271.19595949289334 1 1 12
786.62000892534172 435.33652523610306 4 2
988.86962318576911 259.21907822466585 4 10
585.62922768997691 8.5925889696773226 2 1
304.84981688104961 681.45320216423738 2 11
515.00505063388323 1 1 0
92 1 1 12
662.16047447896381 162.97164685687625 4 2
661.08525713548602 244.42658551547564 4 10
77.443692932041643 548.72739347978018 2 1
160.65688150054228 122.08277647228094 2 11
948.5333983301332 593.26352087332941 4 2
147.12114466609634 880.42259692861455 4 10
1 364 1 0
366.21111139454325 1 1 12
878.74579138939009 256.11680810875862 2 1
600.55729318385386 275.98118965725439 2 11
852 989.07179676972453 4 2
832.56501494101383 436.36434925793958 4 10
999 770.17662350913713 1 0
756 999 1 12
633.96450246035613 273.82173137160493 8 3
620.36137578307398 720.30076491489353 8 9
232.1660597045821 223.27366837528825 2 1
492.8710955307377 965.32188016251439 2 11
382.32349421289194 873.75122538209564 4 2
682.85627790541321 234.49654121944172 4 10
590.23623841142387 150.5109668418954 4 2
482.23793894462557 702.38263911106162 4 10
487.03216479880751 330.52425475114774 2 1
8.5925889696773226 355.86110431814495 2 11
1 567.49033200812187 1 0
1 464 1 12
989.62312078853972 295.44764415246436 4 2
991.61249789646388 135.55832215337665 4 10
373.01933598375615 979.48912529307609 2 1
766.49089749439054 317.62159488688144 2 11
1 91.455844122715703 1 0
1 81.798989873223334 1 12
197.82950227056028 621.49033200812187 4 2
705.1688773424371 12.428606220913048 4 10
994.38465312923756 604.69217416931554 2 1
318.73084613682801 994.38465312923756 2 11
516 999 1 0
801.49033200812187 1 1 12
482.155750219553 268.68721597669014 4 2
989.37969453243977 236.4182576626684 4 10
332.82943417100159 366.8182967055215 2 1
583.8511441089139 662.44020950063305 2 11
362.77539992522492 767.14411507149475 4 2
311.64022745518793 53.152080402517626 4 10
162.99494936611663 999 1 0
496 999 1 12
35.891393779086954 130.08145466568479 4 2
241.76600281968831 268.10025125786757 4 10
970 529.03953851928941 2 1
746.93122870219088 387.6186472931663 2 11
624.0853135543822 744.01009403816113 16 4
247.12674748549642 815.31071584404731 16 8
414.39845687715064 223.06431642996185 8 3
606.61590452288158 760.46669599877634 8 9
644 999 1 0
754 999 1 12
103.56873011443888 566.18829228868026 4 2
580.42734235071646 624.77868089597996 4 10
759.78162422276807 544.72788298810849 2 1
8.4721359549995796 841.49033200812187 2 11
806.14892302179408 865.1082665834067 4 2
699.24803783116772 237.44504127805538 4 10
957.51471862576136 999 1 0
1 637.49033200812187 1 12
301.76324046438515 678.90898400847891 2 1
413.14964020722522 200.16545006817631 2 11
815.65831754936073 790.8646552868031 4 2
86.978250586152114 813.49033200812187 4 10
999 574.29437251522847 1 0
999 746.37763363591375 1 12
631.82216851105534 316.36702808394369 2 1
118.28848984692814 994.38465312923756 2 11
242.77232433460264 512.21124877065802 4 2
765.55079130556828 787.8980603360767 4 10
481.24403445380619 436.99963361833096 4 2
352.61725450409642 332.10025125786763 4 10
707.1591545562045 828.52668741525122 2 1
129.11621256455456 632.25503642801868 2 11
416.15223689149758 1 1 0
1 294 1 12
964.42866077573649 676.35407555410211 4 2
19.629337994896332 531.66794106455484 4 10
385.72546110685761 878.69355491910164 2 1
987.77777777777771 753.83460012171463 2 11
1 724.03448788540618 1 0
288.33304448274089 999 1 12
449.58218336211661 332.05185020851593 4 2
68.662726271267374 553.6503807720012 4 10
815.7156855190417 87.235598790415949 2 1
102.24249026420819 394.20862579937244 2 11
312.40283537459504 202.87377041881811 4 2
460.9843850542386 459.40326259321313 4 10
1 172.20101012677665 1 0
999 714.2354980121828 1 12
716.21741806197906 120.99923856976139 2 1
877.8865087288342 260.02342215538107 2 11
349.88961622390423 931.83755082465166 4 2
281.73018310413534 595.38703257624036 4 10
16.485281374238571 999 1 0
897.28932188134513 1 1 12
242.70560907439412 18.690605737940817 4 2
852.72207657139359 318.15182446937365 4 10
493.4415164944001 754.66071593618619 2 1
995.75322926607248 139.90048103171571 2 11
489.52034808315642 405.35448991518808 4 2
8 917.75808827073979 4 10
999 872.11774900609134 1 0
480 999 1 12
860.16315319597527 184.08359695055978 2 1
651.57971180285267 133.09047130142955 2 11
885.66625347135539 532.90245888406048 4 2
904.94173320663981 651.72446374813751 4 10
84.686291501015234 999 1 0
999 696.2354980121828 1 12
222.19607631853944 465.97035679411692 2 1
239.25857353446 975.6680345373926 2 11
264.54288196802554 652.58748181307203 4 2
832.91335231426558 11.230693741524936 4 10
419.34902270332122 934.97485687360131 4 2
355.03051622463755 716.60486133328379 4 10
994.73070779018053 292.29922311634652 2 1
536.0942816553453 564.02476843168745 2 11
329.44155877284282 1 1 0
262.8772003600252 999 1 12
506.58649246802491 834.50130144603872 4 2
349.85720346865315 561.43108404748443 4 10
611.22502049184186 429.18689836351774 2 1
859.40339964358748 326.97299150593409 2 11
90 1 1 0
999 792.80404050710661 1 12
352.61725450409642 435.89974874213237 4 2
457.31317082754964 789.93984218499247 4 10
389.3005420572685 857.97240758747205 2 1
995.57459500285529 296.2091917060265 2 11
752 999 1 0
1 713.49033200812187 1 12
265.6400337496878 173.17222848204634 4 2
592.84150395813674 818.0969545120206 4 10
190.85501668708028 858.38374828126985 8 3
585.29048680878179 808.77053290402182 8 9
487.08958021707298 546.45596328648469 2 1
267.76565793662837 563.47698681513259 2 11
685.49033200812187 86.978250586152114 4 2
437.33006135910227 102.34089201660376 4 10
536 999 1 0
841.49033200812187 1 1 12
690.55369899376171 232.31715860304607 4 2
757.31617634712836 757.890369252342 4 10
855.43848436265534 449.90192576286813 2 1
419.59985159984433 875.96590513703723 2 11
43.313708498984759 999 1 0
696 999 1 12
578.78389156048013 563.62154101788656 4 2
688.63188109755106 94.335605363428115 4 10
132.97063791026966 634.48038993893852 2 1
842.02406991639214 770.3411731482305 2 11
278.37025818213169 641.47621985781643 4 2
659.53338100413964 627.63132851966952 4 10
675.49033200812187 1 1 0
938.05887450304567 1 1 12
490.2936491867863 453.93297069746274 2 1
408.64862984738147 854.61009229536853 2 11
744 958.97825058615217 4 2
797.16513074967202 863.97611459006748 4 10
823.49033200812187 1 1 0
1 394 1 12
346.76655481586755 698.98630900493424 2 1
759.08065106864046 712.93682595032556 2 11
656.00422259466154 380.50181902510656 4 2
12.428606220913068 403.67854533431517 4 10
242.7240188896447 260.15782057137716 4 2
856.6513856632946 296.7678758445432 4 10
966 529.03953851928941 2 1
807.58490533395866 844.60538786111567 2 11
468.03448788540612 1 1 0
20.686291501015241 999 1 12
124.63430092270031 511.63994644598938 4 2
602.38336643363539 652.67986596358492 4 10
237.55687710112232 533.29360313613211 2 1
743.48724634123482 731.86808927422635 2 11
1 424.48528137423858 1 0
637.49033200812187 1 1 12
526.00338208448761 342.25431950587188 4 2
104.48642950929747 374.63377184113034 4 10
487.74842532592845 270.86022889762006 2 1
857.72845342387257 302.67041132000821 2 11
695.56374605455755 869.80506206099108 4 2
522.23110509068829 830.08166435391126 4 10
785.49033200812187 1 1 0
793.49033200812187 1 1 12
167.18708379508558 830.47774492120629 2 1
358.49282810718933 711.70461680592177 2 11
272.88999317552452 560.35589912661646 4 2
589.85362052027835 622.33973263624478 4 10
465.49033200812187 1 1 0
1 695.49033200812187 1 12
516.17792687873305 134.09643076420443 4 2
740.99250476687507 510.43509503795212 4 10
332.39624180483912 130.2994846920773 2 1
857.38291754453724 306.6554589930094 2 11
628.63012406836822 711.60434025906841 4 2
557.49033200812187 41.021749413847886 4 10
1 833.49033200812187 1 0
1 601.97561338236051 1 12
416.48838761294775 213.2851452217474 2 1
241.59847252009453 990.18533100255183 2 11
11.230693741524936 492.57697969385629 4 2
873.53277438690634 627.41141311844103 4 10
861.49033200812187 1 1 0
568 999 1 12
361.14509446561129 110.16133627696021 2 1
36.536548569885753 681.50498718121901 2 11
548.88599959148053 312.27752784547442 4 2
462.98164812947903 824.6531146245452 4 10
990.65469713102959 652.33346855344075 2 1
345.16383351418233 790.11438610887978 2 11
1 722.03448788540618 1 0
1 484 1 12
704.35607263861618 223.81865859319788 4 2
473.67495923574688 954.57923543308721 4 10
844.65111468746625 839.23375388914178 4 2
943.67997709223039 668.52126294514915 4 10
732.37923245759976 214.7048425426897 2 1
757.52601570718514 673.34139525554974 2 11
999 549.666955517259 1 0
605.49033200812187 1 1 12
595.8234771465244 772.27870308165836 8 3
646.41937003976807 763.26580711947236 8 9
964.42866077573649 700.11692047026349 4 2
120.78645194456588 504.6260988398983 4 10
114.03887145500781 922.59798981796052 2 1
54.288489846928151 994.38465312923756 2 11
826 999 1 0
1 793.49033200812187 1 12
555.58220235900751 307.90021491444412 4 2
525.92183388182264 464.01215605607956 4 10
878.55294336275483 358.89618213358625 2 1
509.33589178856556 881.62855448825678 2 11
811.40887734243711 35.891393779086954 4 2
341.80790578193842 98.397096137425478 4 10
831.51471862576136 999 1 0
136 1 1 12
368.97674891860851 909.57005510791805 4 2
514.29759628821569 829.05237426793428 4 10
979.48912529307609 813.49033200812187 2 1
73.839272667157587 993.78569688954349 2 11
976.48528137423864 999 1 0
703.51471862576136 999 1 12
810.31938027547096 175.99209458376464 4 2
384.22835750126683 789.40888927794208 4 10
405.88818622084722 228.31553470351139 2 1
969.55385157128524 357.42137970600703 2 11
336.41785759557439 195.69726192872167 4 2
851.51686773494885 182.69949715468516 4 10
235.49082002366799 836.30131355118908 8 3
649.23303386181612 747.51514694611774 8 9
547.49033200812187 1 1 0
1 432 1 12
611.5430000861013 129.24607718195134 2 1
765.15015925397881 549.89494554616363 2 11
153.19175060413139 490.20407566219507 4 2
733.34663824248526 140.73672554115279 4 10
28 1 1 0
534 999 1 12
773.47849652413333 747.69814578426713 2 1
462.85219751210406 278.63907049267766 2 11
210.97705597330943 627.88020907404018 4 2
679.10045494220356 100.12580428890121 4 10
525.30171616922985 822.69442213476498 4 2
115.55242657859691 108.34351490193777 4 10
969.77875090269094 132.87810636906659 2 1
25.83352557625069 934.56387293388718 2 11
999 682.2354980121828 1 0
508 999 1 12
531.52836035590894 535.45878070154561 4 2
244.14633075224731 795.5340347247045 4 10
960.27896040105247 493.66949768064626 2 1
693.11640265480048 98.321714544392023 2 11
844 999 1 0
677.49033200812187 1 1 12
523.54653784921743 349.86772323900067 4 2
783.75726978204159 563.30450843736094 4 10
206.85402239160655 858.56211999017 8 3
582.68889234360483 781.41558887797407 8 9
358.84468545831646 151.57105793687595 2 1
972.41659071458537 229.45339650474915 2 11
129.88791959748238 980.14944053669012 4 2
133.11823037541751 150.73657515703874 4 10
803.49033200812187 1 1 0
295.68124086713186 1 1 12
355.43979927492825 563.62986190433116 2 1
719.5904342266615 758.05958791846115 2 11
369.63127164973656 316.86395740475893 4 2
735.57298764249106 148.42069380950826 4 10
252.5685424949238 1 1 0
1 697.49033200812187 1 12
653.68273130948114 484.27535301233632 4 2
240.67439293826007 702.55825734998632 4 10
438.96046148071042 970 2 1
433.412985637639 289.90644356085403 2 11
48 1 1 0
1 901.00505063388323 1 12
988.88980844213677 328.227613729989 4 2
140.52447880400621 167.01992506465996 4 10
906.09481513125399 540.36887561718947 2 1
336.72508852971703 95.208841320049615 2 11
91.071019564333128 257.62083761585529 4 2
242.28314888437671 109.77777777777777 4 10
999 525.72583002030467 1 0
1 675.49033200812187 1 12
982.05430311045654 62.959272667157606 2 1
713.45810028971698 497.71585122576028 2 11
481.7126442722921 403.61099881919284 4 2
373.57550446707234 448 4 10
999 694.2354980121828 1 0
498 999 1 12
920.85692271572066 513.96689664308713 4 2
929.89473603294493 660.50660707532938 4 10
232.72455705660988 219.31285018862809 2 1
129.91230696569207 874.08918654513695 2 11
522.99132018515127 125.26737873108959 4 2
27.047218139191195 528.6721015887357 4 10
608.54707438092476 901.69549489981671 2 1
312.01206818519557 122.35451602765852 2 11
999 885.08831175456851 1 0
46 1 1 12
791.20924218279686 694.32681013951617 4 2
715.02878166826531 156.13280476971318 4 10
536.9310737464574 651.39241705970664 2 1
247.7626279981269 112.22222222222221 2 11
18.686291501015241 999 1 0
545.49033200812187 1 1 12
750.23671620280106 219.9675271499824 4 2
897.60964643915463 247.39265206015526 4 10
213.95221641163144 170.05927535786304 2 1
335.09389959695665 694.92207956880179 2 11
988.1981140628028 125.79993604533419 4 2
290.78758753630922 252.19039950707929 4 10
118 1 1 0
473.69134213489855 1 1 12
891.42302030614371 988.76930625847501 4 2
270.96273156007067 647.81406257572041 4 10
438.35941725556034 890.00917692914152 2 1
127.48788359050261 603.45457205189075 2 11
221.64301478718733 852.45591790348351 8 3
563.70613975954154 788.4606245059972 8 9
1 803.49033200812187 1 0
427.84776310850236 999 1 12
464.85427869370608 347.64843005675732 4 2
970.66571256720806 484.349209443262 4 10
906.06753451021973 628.35222433039041 2 1
765.63161483383453 321.52820893350389 2 11
458.76591281359924 814.93209152866996 4 2
987.11111111111109 879.78620777656056 4 10
237.42135623730948 999 1 0
265.70562748477141 999 1 12
299.01933598375615 994.53589838486221 2 1
577.73226869914879 866.91524231133417 2 11
455.66892661185057 932.74132401020734 4 2
628.21228878139425 441.16139802561946 4 10
912.48528137423864 999 1 0
860 999 1 12
477.77891576341557 698.36802676745583 2 1
406.48893150819248 264.38495569718378 2 11
841.99488291332875 761.66282028676164 4 2
151.87300109825605 320 4 10
10.928203230275509 236 4 2
308.54043850057104 191.5978967650957 4 10
802.55342139424408 142.53124670819827 2 1
540.80549214464349 870.95629935284762 2 11
955.51471862576136 999 1 0
713.49033200812187 1 1 12
563.60279145477193 237.76807769207412 4 2
506.47417774745634 520.3217410483154 4 10
648.66917708965138 773.00943930866629 2 1
658.53805833600143 801.57216874451342 2 11
571.79898987322326 999 1 0
864 999 1 12
108 10.928203230275509 4 2
341.85750616240335 561.36149232111245 4 10
669.83783469714365 165.73694069222515 2 1
104.6967869401166 391.05007742604886 2 11
205.18685704783627 618.34878291869268 4 2
763.42302030614371 988.76930625847501 4 10
999 955.79898987322326 1 0
1 430 1 12
425.14139134908618 6.2143031104565338 2 1
561.47567683502473 36.536548569885753 2 11
107.29380261077763 248.25460945698563 4 2
964.38022176267134 708.11677382279527 4 10
1 474 1 0
608 999 1 12
376.67969287676868 130.12117373078024 4 2
123.98468406525703 123.46016844073532 4 10
934.02263393974511 628.22106540589004 2 1
249.81093556461144 797.51197615956585 2 11
733.49033200812187 1 1 0
1 118 1 12
326.73227784469702 32.900294555943958 4 2
278.77612958093971 680.27340774897095 4 10
426.94018731263594 666.58091657631928 2 1
33.075999023914044 389.69300073206449 2 11
450.86844163750413 907.89096391864496 4 2
744 913.02174941384783 4 10
438.27416997969522 999 1 0
999 914.48528137423864 1 12
969.95734953123861 394.7216350178756 2 1
837.41546673757796 116.44049173632678 2 11
873.59211949058965 900.41060131499876 4 2
870.83005077031316 142.83812011145619 4 10
219.53664471710897 868.31666205777458 8 3
234.32563711268975 862.21045997108808 8 9
792.61936189515052 435.24841199279888 2 1
407.55634503945805 286.84925108441126 2 11
1 825.49033200812187 1 0
893.49033200812187 1 1 12
631.1256327860292 294.97222730538948 4 2
377.63117306785517 316.82424216356361 4 10
248.03662014137171 504.61520326464006 4 2
12.428606220913068 275.67854533431517 4 10
445.10737689821224 467.29490179259273 2 1
614.78289388798851 728.6001950005201 2 11
208 1 1 0
565.49033200812187 1 1 12
990.53399027604655 320.39839498882202 4 2
687.57178667380663 35.891393779086926 4 10
893.66071495953997 242.87535860396841 2 1
589.09823013655 822.78608034703757 2 11
829.51471862576136 999 1 0
577.45584412271569 999 1 12
271.15401993134793 530.71767971831218 4 2
19.313708498984759 12.000000000000002 4 10
650.99660009878573 478.91021563115697 2 1
747.95525068617951 352.41528098560559 2 11
994.28059842890775 120.6034580134275 4 2
769.34550441611123 299.17072849660855 4 10
999 638.29437251522847 1 0
164.99494936611663 999 1 12
11.230693741524936 108.5769796938563 4 2
957.33467362979457 680.05209480408053 4 10
279.57028250120152 635.59744943929854 2 1
718.27247471770909 762.32257287854179 2 11
731.49033200812187 1 1 0
999 952 1 12
164.20943653356505 852.24317517612292 4 2
317.53143120042483 508.09092571337419 4 10
436.92178951319806 29.999999999999989 2 1
841.39069869757759 183.90241515325218 2 11
869.91854533431524 964.10860622091309 4 2
484.10658859732041 411.24441421262355 4 10
140 1 1 0
1 116 1 12
492.30708366184086 335.58364259054781 2 1
618.69873863612236 904.60447023717904 2 11
616.99111759664493 555.66377302943442 4 2
990.91554208388629 303.34255689392864 4 10
880 999 1 0
138 1 1 12
542.32154475393293 621.42727803180901 2 1
80.124515496597098 685.49033200812187 2 11
919.52306171920327 863.65666968103733 4 2
750.60964358778119 817.60262944170677 4 10
371.86809891436519 949.44322696018833 4 2
404.55110089230413 928.41632836273288 4 10
304.79815783880622 5.6153468707624699 2 1
654.85644586542139 631.38982259419231 2 11
166.99494936611663 999 1 0
1 166.54415587728428 1 12
462.78517476873122 936.39632225503487 4 2
991.27181435938428 311.33461983572982 4 10
874.09251232347617 391.31761030717934 2 1
458.74383587207859 406.09963456133136 2 11
1 526.14213562373095 1 0
1 428 1 12
271.11328143015038 167.33754255833881 4 2
556.66771340025491 798.17970647832863 4 10
607.41215215440775 430.3960447737561 2 1
157.86888277660185 621.26806437827736 2 11
430.27416997969522 999 1 0
475.69134213489855 1 1 12
340.37146048962785 550.30861231589131 4 2
794.06731170197816 11.23069374152494 4 10
717.2800561420662 498.89595862031973 2 1
758.87220051855229 684.55499770432823 2 11
35.891393779086954 258.08145466568476 4 2
323.32838054642144 25.660578872107173 4 10
579.45584412271569 999 1 0
859.49033200812187 1 1 12
328.77794412917086 506.48280382921388 4 2
593.29044161726722 297.84005165640122 4 10
233.9983531243314 774.8919053611404 2 1
685.71259963796638 80.982368907806276 2 11
1 705.49033200812187 1 0
986.34314575050757 999 1 12
993.82875341509418 265.496579906752 4 2
945.37258300203041 67.999999999999957 4 10
261.02674666660107 590.1431996206843 2 1
720.61717524354151 495.65009478665274 2 11
412.50130785173889 927.52514414936547 4 2
382.76484260256751 65.273335974371136 4 10
1 765.49033200812187 1 0
765.49033200812187 1 1 12
73.522148313596858 549.51573845854693 2 1
927.74465323433526 21.215619694886783 2 11
144.15174062498966 184.53685891970534 4 2
25.932751158763388 536.59409397383274 4 10
693.49033200812187 1 1 0
170.50966799187808 999 1 12
364.58635256456711 201.6985237987378 4 2
104.48642950929748 694.85656016699158 4 10
880.32285089764446 605.74352829114343 2 1
663.17371016042136 377.7926733994762 2 11
564.34063371969057 800.44383849117389 4 2
636.61113704555794 834.93004877409555 4 10
820.47629976640133 821.49132111470215 2 1
744.7209531819143 217.60609574140449 2 11
452.29437251522853 1 1 0
1 665.49033200812187 1 12
252.5685424949238 10.928203230275509 4 2
746.71798305347534 254.49912863543642 4 10
622.40314877701837 694.92533093580903 2 1
132.97063791026952 307.00994206918318 2 11
999 527.72583002030467 1 0
462.27416997969522 999 1 12
288.86910210317365 591.28526008528797 4 2
498.6265451881597 833.70177702379351 4 10
632.20222690778826 542.50578390227076 2 1
351.5481689627743 443.48908850800092 2 11
130.91475113528014 737.39008075025424 4 2
147.6785453343152 12.428606220913048 4 10
999 768.17662350913713 1 0
769.28932188134513 1 1 12
910.03183207404948 628.88546426270409 2 1
332.98338570849563 93.794747971764608 2 11
993.39672941934668 192.43041178756414 4 2
745.2207721156301 131.86582982859949 4 10
892 999 1 0
920 999 1 12
202.33598060401079 131.20987654320987 4 2
888.43196899744828 786.78557076459788 4 10
213.0937419486163 437.79137420062762 2 1
432.05723960103762 667.23097994201521 2 11
282.62290833114571 586.2867539722298 4 2
153.98255845119391 844.41596367014961 4 10
821.49033200812187 1 1 0
857.49033200812187 1 1 12
605.64919349078377 770.41985980635127 2 1
127.72432088222288 732.30862871364343 2 11
983.0557280900008 471.09841302233514 4 2
313.01933598375621 945.37258300203041 4 10
442.27416997969522 999 1 0
1 164.54415587728428 1 12
553.61331777188059 553.48502951127409 2 1
121.14157444218834 945.11111111111109 2 11
557.49033200812187 86.978250586152114 4 2
524.38360349084883 813.49887569880411 4 10
318.76055149717996 32.228298246205433 4 2
906.4990118229706 874.73262126891041 4 10
739.77691340556635 908.02285533326506 2 1
244.98742651710765 557.91500567891876 2 11
148 1 1 0
656.48528137423864 999 1 12
544.8325210663611 183.63721972096005 2 1
855.55686551526526 426.11129640590332 2 11
210 1 1 0
1 504 1 12
298.7161826639686 253.25687937170659 4 2
878.39971647025789 824.80813974370392 4 10
603.69997777260653 192.3526036396089 2 1
110.74195197441658 401.403970924323 2 11
785.35475254415496 308.89743883827811 4 2
131.87276720523656 745.33251143674465 4 10
1 136 1 0
440.27416997969522 999 1 12
273.4334072773118 128.76616381942233 2 1
719.73143819709276 122.91017093120585 2 11
659.93353168656256 359.11787040027616 4 2
476.0622103597629 933.59412807750209 4 10
853.97561338236051 1 1 0
1 502 1 12
736.04104492182353 156.54076710002636 4 2
577.49033200812187 10.928203230275509 4 10
636.82173811517521 653.27808009351884 2 1
190.97576718100527 320 2 11
1 138 1 0
628 999 1 12
318.49831695065336 95.096038650139803 4 2
422.28299673624912 294.91270599617422 4 10
9.99248540921851 837.79052964352775 2 1
130.54910393783976 470.14678606390225 2 11
631.25271254727386 725.33850086358984 4 2
391.26859818181742 134.87434180714473 4 10
727.97561338236051 1 1 0
1 396 1 12
20.027241383653909 537.65473260036219 2 1
657.35143632626682 8.5925889696773385 2 11
673.34809624537365 756.14438597613264 4 2
233.43728073807483 850.24338752409085 4 10
701.51471862576136 999 1 0
1 857.6913421348986 1 12
592.38496681592687 627.77961185654976 2 1
877.02549323253299 388.59775314418198 2 11
425.96412027857116 241.23973294080426 4 2
100.12580428890124 807.10045494220356 4 10
419.96332069320272 303.66538528768126 4 2
460.71911667210964 354.49681928745576 4 10
157.86888277660185 319.77773237015543 2 1
34.678119837485646 507.1289044692623 2 11
440.63751826573616 1 1 0
532 999 1 12
849.50645093767571 569.8882955073334 4 2
198.75480672275253 867.41665021765186 4 10
419.44281396925317 658.65077542066479 2 1
744.22226762984451 919.0176310921936 2 11
1 805.49033200812187 1 0
636 999 1 12
141.11884080987417 159.04203475418436 4 2
928.73225280239797 512.5600647320631 4 10
454.09291150053787 479.66974365502819 2 1
194.82316032116992 318.90566640140491 2 11
456.24160574647027 901.96398260788328 4 2
441.71996448376535 251.07474385649292 4 10
699.51471862576136 999 1 0
460.27416997969522 999 1 12
247.31146377281436 103.55555555555556 4 2
191.53397278450623 753.83567170450772 4 10
997.56228450648211 136.33294418717625 2 1
779.18405799383902 567.18854421735114 2 11
213.51471862576145 1 1 0
952 999 1 12
420.4544401609736 311.65029616184739 4 2
759.65357217000872 793.30387262168097 4 10
311.47650225058828 951.17082963974758 2 1
908.58966271993881 246.01704006702454 2 11
67.999999999999886 945.37258300203041 4 2
527.30825010615752 528.66240891360292 4 10
603.49033200812187 1 1 0
664 999 1 12
404.07725349727491 599.32039739632114 2 1
777.82633706481442 558.45012288611144 2 11
793.83384691005961 115.55242657859695 4 2
776.72128053138817 851.54099845316807 4 10
1 372 1 0
1 23.313708498984759 1 12
8.4721359549995796 228 2 1
275.01933598375621 934.05887450304567 2 11
51.667051152501358 514.87225413222575 4 2
380.43573820221678 881.5253090737059 4 10
723.17286018931429 369.90115283480463 4 2
923.5762355852579 506.44324476932468 4 10
137.71151015307186 994.38465312923756 2 1
642.7144123087744 189.65145524046866 2 11
596 999 1 0
882 999 1 12
240.40676599442133 248.35313505090744 2 1
281.92440486883248 601.38388824451499 2 11
242.91168824543141 1 1 0
585.49033200812187 1 1 12
457.54964444063739 344.3861734100638 4 2
456.16837726651147 892.52223663016446 4 10
281.41086553813597 513.86032071536147 2 1
150.64856367373307 991.40741103032269 2 11
1 767.49033200812187 1 0
204.50966799187808 999 1 12
992.36918054111618 243.83870060119494 4 2
880.56217681240435 131.93058051789637 4 10
796.33476882493915 307.52182684514736 2 1
700.67485716566864 866.66236525571753 2 11
161.09049294536067 488.93526936221394 4 2
819.78538408899806 864.38238678628295 4 10
206.50966799187808 999 1 0
1 673.49033200812187 1 12
799.11959258512741 695.52111182349245 4 2
179.93348531663372 863.35568477768163 4 10
433.74454201550299 107.15171845669441 2 1
616 952.12451549659704 2 11
208.50966799187808 999 1 0
1 773.00505063388323 1 12
799.50998700038406 720.73873618017012 4 2
554.34878291869268 94.33560536342813 4 10
749.69300073206443 966.92400097608595 2 1
235.46861801492369 490.80837257186931 2 11
697.56963013666132 169.46716035535732 4 2
980.01502918156302 478.49801775152338 4 10
1 771.00505063388323 1 0
862 999 1 12
369.03953851928952 29.999999999999957 2 1
749.89172071184714 827.14412207259477 2 11
455.66892661185057 924.74132401020734 4 2
758.02468437725827 887.28537818785901 4 10
38.54415587728429 1 1 0
1 44.201010126776673 1 12
147.38780025429395 625.47567683502473 2 1
139.81790958797831 439.93447006591299 2 11
591.07467764992759 167.33865135692503 4 2
280.78944812817736 607.27556654503701 4 10
147.86537256070372 191.622685466132 4 2
199.16402059688485 751.43101572478497 4 10
447.85541941350743 425.52275561502233 2 1
730.04261001780708 156.67780250522208 2 11
530 999 1 0
695.49033200812187 1 1 12
836.08101549571427 866.85964993755658 4 2
575.26040410049632 233.97969836254111 4 10
938.05887450304567 8.4721359549995796 2 1
762.84595688180923 684.09754785409859 2 11
999 920 1 0
649.49033200812187 1 1 12
487.35848292215735 837.82861270861235 8 3
168.18358800612026 865.79287849021011 8 9
748.55656902708381 769.81873377525631 4 2
356.84743829423076 203.72564143626767 4 10
417.65585856381063 655.07211779818124 2 1
557.77091937860257 35.028313777459793 2 11
811.37401121285041 123.79372407504232 4 2
571.73155672350447 797.38209762171834 4 10
647.49033200812187 1 1 0
1 841.49033200812187 1 12
145.28143606975527 163.36323837151312 2 1
232.45633584617033 826.77283488056617 2 11
122.1143228100533 914.15418761149783 4 2
994.61458794117459 230.36880388574076 4 10
914.48528137423864 999 1 0
662 999 1 12
551.68578463357596 436.4723473442632 4 2
765.93762520448081 422.77056623421339 4 10
753.47096029348654 828.92991153869252 2 1
230.76647041786842 806.42575750171125 2 11
913.89861655215884 871.69192236047252 4 2
427.49803511300394 129.56442337405414 4 10
658.48528137423864 999 1 0
999 82.828427124746185 1 12
302.74795122517759 578.79683351194058 2 1
659.25445408114638 168.22093685148212 2 11
972 720.2354980121828 4 2
270.58008947778842 552.08683895397849 4 10
999 918 1 0
36 1 1 12
769.53388268634819 747.03480449145206 2 1
448.61970501557801 429.44906017764447 2 11
152.14506238886233 184.86367259628511 4 2
305.01933598375604 945.37258300203041 4 10
124.18001016028659 98.245950027609595 4 2
464.36260819390554 517.09504030852997 4 10
756.82582174111997 893.16438561936229 2 1
503.23173840339859 129.71153258509705 2 11
999 432.26998589758892 1 0
916.48528137423864 999 1 12
981.13108469813903 879.29704103591166 2 1
987.77777777777771 535.3249321298365 2 11
1 48 1 0
1 376 1 12
522.7164022807425 471.34190422711504 4 2
273.42964382295332 174.99485705267745 4 10
147.38780025429395 323.9853448269028 2 1
518.83974133965478 825.13205306531745 2 11
1 374 1 0
1 859.6913421348986 1 12
413.68030100868361 580.88843047489536 4 2
872.56292405099452 131.82124041053834 4 10
749.79396784549101 259.65066409190842 2 1
537.93310603356008 796.17302074016072 2 11
688.41733851842559 761.3738266368473 4 2
449.30528987668862 253.61695523312423 4 10
7 705.49033200812187 1 0
630.19003933226782 894.23915927236408 1 12
326.23015585579378 93.042099229183805 4 2
463.7179008215063 889.87559836765513 4 10
985.49194714485498 984.40755322477401 2 1
129.95746175032662 304.37920653911715 2 11
872.17966280124313 622.59798512617351 1 0
299.99856600866519 574.53076480722063 1 12
709.7547246966277 162.14814541342741 4 2
467.89966215936607 942.54790893905692 4 10
857.34740543787905 418.87847740874048 2 1
972.82008867453874 266.75365181661772 2 11
966.68930625847509 726.21851831832646 4 2
552.40057461242702 428.50434412600748 4 10
232.5213398328616 983.03187887702734 1 0
3 852.03448788540618 1 12
683.2216557870313 765.08241272895327 2 1
395.33903170649387 231.11515766513168 2 11
49.575893880297997 522.59411020851405 4 2
418.75327646279538 64.360851296139998 4 10
4.9073344987240688 904.57334674198319 1 0
523.60677249313937 834.88869453873781 1 12
229.24125901421539 845.9546345942872 2 1
451.40832835310891 791.00418956815292 2 11
714.80427903884924 190.20082967404244 4 2
883.02819456997963 525.34993313217637 4 10
549.6197857927317 801.96477139707338 4 2
11.230693741524936 794.06731170197816 4 10
736.37860847405705 214.63419214292929 2 1
355.36190567250748 770.80590525171715 2 11
416.30376777026078 880.88029390006591 1 0
426.93305020159539 441.4638880192436 1 12
455.90988955796871 545.17904906194133 4 2
762.53363820306095 574.93299864949927 4 10
585.35350123361957 560.86581405830179 2 1
125.30531826592195 92.352421231769924 2 11
95.02716659641564 530.92578296713464 1 0
893.42895022964615 786.61185097567829 1 12
763.87140041649377 881.82498337094819 4 2
148.43143045314827 177.77784604985845 4 10
958.42995077606338 497.21649125361722 2 1
330.84781335890204 377.77671902753036 2 11
631.48570861580902 286.98033482633247 4 2
563.88020907404018 100.12580428890124 4 10
507.19373383002164 879.52827848719244 1 0
429.41841490315932 997.19232656461872 1 12
785.35143632626682 8.5925889696773385 2 1
409.35367419475881 163.36916109915902 2 11
586.12454663280323 157.37347299618213 4 2
469.8544426469756 828.74758596041613 4 10
22.313708498984759 8 1 0
357.26642079526204 121.19936787470661 1 12
618.31018106353554 763.1581447147488 4 2
332.2785717996174 270.45537517016265 4 10
105.88061377413865 268.99005793081682 2 1
461.42265481071456 895.41922946558589 2 11
431.20887215845488 122.47713274772104 4 2
343.79287045119543 811.68151887665158 4 10
473.93102422918759 995.76393202250017 1 0
17.339059918742741 938.43554776536894 1 12
585.7112478016096 204.80421619641956 2 1
458.31300291532068 313.78488932392878 2 11
215.33768119370563 329.36622815886966 4 2
487.34421685265937 748.05457716853778 4 10
355.09268097099698 938.15136584581956 1 0
751.77924449875695 224.72363968609599 1 12
279.30799337672602 631.60605815114081 2 1
240.83336388772972 254.4634879797793 2 11
425.60808101421333 60.000000000000021 4 2
145.65223618461923 147.5408336276619 4 10
836.41499958003669 772.09960351197742 2 1
616 919.87548450340296 2 11
222.39386131677304 462.97688371181374 1 0
950 4.2360679774997898 1 12
649.25185345550506 259.71528918063569 4 2
995.73963823169424 128.46928300854941 4 10
794.13012178585609 701.77452538275907 4 2
581.82168569514647 238.55676989745345 4 10
641.23154757455757 841.65615585464502 2 1
995.12631474317971 417.52040393338285 2 11
984.71736013417251 457.81039292170573 1 0
91.083754797404112 4.9113358919488732 1 12
391.9634010205138 579.84488668908205 4 2
992.21129985072582 251.83714255495082 4 10
486.58269073159772 741.24328047519521 2 1
772 991.52786404500046 2 11
976.4911844539032 813.37919819319961 1 0
983 500.75526727182751 1 12
472.44209137077826 893.10772450659829 4 2
419.87613605225516 131.99478439821428 4 10
521.81373464017759 507.90918979199364 2 1
156 8.4721359549995796 2 11
136.91692498236253 983.96952997272774 4 2
966.29137324279475 745.53090216552619 4 10
324.87095891498558 184.9627712460445 1 0
239.02816457449603 245.68865421498836 1 12
410.26765048551084 649.24834823436163 4 2
317.41007188724461 87.170401598017946 4 10
351.40844506313869 326.22328097246964 2 1
637.87384736912475 592.77550711936544 2 11
886.50826856139372 364.92356318942035 1 0
462.22301527339795 312.6191359887153 1 12
438.96046148071042 966 2 1
117.48879694397768 102.6645651919936 2 11
207.50684536368254 752.33053399882124 4 2
578.2887544741186 617.06982612409138 4 10
101.36029055753484 135.86482525020674 1 0
747.23485038474564 215.96892719369887 1 12
125.61059337788382 471.66716678491662 2 1
253.91062058587264 505.83836260749064 2 11
4.9073344987240697 594.40731727426055 1 0
852.33303156917316 768.11449575811116 1 12
373.65342385355973 321.31618063021386 2 1
248.5685424949238 30.000000000000014 2 11
737.58462555524466 634.03493277555697 4 2
389.89545530077407 313.09346956918381 4 10
256.22040166359847 920.34208266845872 4 2
697.57975188938633 228.49164155199475 4 10
557.71259963796638 80.982368907806276 2 1
623.54396620864429 549.50923751431878 2 11
301.98100680724218 574.79520474395008 1 0
810.03990170348857 128.61245334913838 1 12
900.13889568185505 991.40741103032269 2 1
144.35384835405512 109.67104370749178 2 11
660.8922557967685 8.9641016151377553 1 0
531.01636852636989 643.29950841834045 1 12
880.52920904079292 785.54203344409439 4 2
166.43646450966889 482.98374955349215 4 10
299.29996077565227 218.91160806672167 2 1
336.72398439200975 555.07263562789399 2 11
531.96694465151177 530.47805346391749 1 0
332.50897033862577 33.032995923004073 1 12
129.18576603062257 308.30406140473838 2 1
80.124515496597098 813.49033200812187 2 11
986.3603158667205 291.65896310991775 1 0
686.05517685647635 871.28265430939871 1 12
207.74237876622146 870.52919243716724 4 2
475.65329001698518 834.25878992863693 4 10
994.53589838486221 803.49033200812187 2 1
407.07894796298126 606.14018729005988 2 11
604.91963633357875 996.89284844477174 1 0
232.71130407186882 492.65754011370774 1 12
829.7022757977137 564.33233245919746 4 2
964.163205552759 718.627812473375 4 10
543.63396360497779 562.7209040935976 2 1
635.43853372766318 299.1434244318333 2 11
964.06502384278895 737.84693389717074 4 2
570.68764059435114 805.3136951351637 4 10
16.642880105802647 400.98783992064801 1 0
404.68217115022765 270.40082311159051 1 12
135.83371290065162 740.82574882950951 2 1
762.86164041246514 417.61903077774139 2 11
173.73305185461305 843.29571146426338 1 0
541.74810756505713 653.44822373812156 1 12
562.30709441250838 197.261947266449 2 1
118.58120807944395 113.52294369478035 2 11
415.16268516670669 142.51969804124616 4 2
583.07734717232211 167.13199891449307 4 10
870.18479048069105 958.11451633820104 2 1
745.78126297559947 966.08835288948114 2 11
283.6024468725704 681.57980026292182 1 0
203.73786831121498 867.00543591149255 1 12
837.12805148594066 561.35611750927592 4 2
211.97018723547799 745.6913639200028 4 10
427.5119706609695 65.689921283548173 2 1
485.2501936676282 550.30210120304469 2 11
674.34608708465782 2.807673435381234 1 0
197.17691104380782 317.04559717267125 1 12
337.77493232621748 276.26829362491776 4 2
796.1893258412706 713.46046650487256 4 10
994.38465312923756 437.38690286926328 2 1
653.08085441686842 385.74146772488274 2 11
128 41.021749413847886 4 2
540.05617544106804 233.50896987599521 4 10
739.15973126279346 160.44893745284455 1 0
635.31269607730474 537.81430523583856 1 12
979.48912529307609 594.98066401624374 2 1
461.01055664375127 548.33866854536245 2 11
974.96854892777469 686.6380287457032 1 0
220.49165713911063 991.40960578814258 1 12
526.73563736430469 242.27429047023165 4 2
241.76600281968828 371.89974874213243 4 10
111.36336809390556 575.52609196435299 2 1
610.65708193563523 905.09371033134323 2 11
437.44034060722885 297.27216184063354 1 0
4.911335891948938 776.57408680552612 1 12
429.75745292897653 912.98926865503154 2 1
656.90589471605563 353.93777248857413 2 11
532.20800588754253 235.06017413692126 4 2
956.94420094128395 747.23001520904234 4 10
479.16398445066619 967.7416369650299 1 0
760.99533513177482 984.39822576343158 1 12
400.61433896418907 665.22948799038522 2 1
535.55022303921771 595.6263343742911 2 11
649.24511644464076 776.96775888386162 2 1
855.74971354190052 323.33192238107569 2 11
162.06469448428447 766.09048996114609 1 0
818.63287790126151 825.59087339657083 1 12
241.15646933529811 852.34437000866751 4 2
571.78008969508949 612.41823684791643 4 10
841.62922768997691 8.5925889696773226 2 1
966.45499832811811 732.21394155557766 2 11
4.6726514344851857 524.67640226859851 1 0
463.85708402290066 549.28591818497864 1 12
450.64061172341292 918.51910178798505 4 2
643.59171545596314 128.30807763952743 4 10
722.48186946846909 760.82357095792304 2 1
356.66361661282866 196.38569209558835 2 11
196.51075276468487 490.20407566219507 4 2
314.59835008826218 79.680794096611294 4 10
578.45584412271569 997.26794919243116 1 0
466.40657721071761 4.911335891948938 1 12
121.49153224627229 118.00267872407134 2 1
326.88528189056763 377.23050994443179 2 11
703.57916072059425 174.74783665302741 4 2
768.36784554171356 875.20818798073947 4 10
303.97582606225177 574.93906627405102 1 0
628.64089467341898 567.24631780747552 1 12
365.6683406121544 32.152910743836721 2 1
751.91201126845283 811.74568156552232 2 11
597.27321825165143 140.82014652570919 1 0
945.1324804400731 589.59831180629521 1 12
787.47248216964249 120.40351291460225 4 2
568.0619158965286 588.61343557226542 4 10
615.10920291526975 906.36947259092335 2 1
987.82124386130181 374.70545246131553 2 11
349.65214882941325 820.31823283458652 4 2
228.71930834907423 515.99054319935408 4 10
626.4013466920677 255.15747938695753 1 0
902.31866360585832 877.47573788759178 1 12
873.89314631759191 959.61388186632405 2 1
238.33913527491077 402.03575995623106 2 11
244.74890554258198 24.331965462607478 2 1
811.67512248881292 41.885483661799036 2 11
491.52707493865688 756.97045911014368 1 0
277.97095479642763 934.59548086219934 1 12
769.86061053923788 319.77682897982481 2 1
64.758740345471224 533.63896426714814 2 11
910.21142152880827 559.84886991348912 1 0
751.21871971966925 226.64348654770492 1 12
994.11004322728809 184.46227628348291 4 2
456.7767652236497 797.92183874150044 4 10
43.998274826179191 524.80548211010159 2 1
271.65495654142285 931.89532395637366 2 11
740.33087172564706 629.85663982609185 1 0
122.29707912908361 115.11285273976139 1 12
334.85098471700735 174.03597238218146 2 1
354.64342890238231 710.61736073579323 2 11
626.27666425905829 763.88968110854853 4 2
937.6592188357838 115.37619669453069 4 10
721.3266017025627 498.56500715227213 1 0
624 969 1 12
541.33012438965966 168.75065662772366 2 1
38.502620630457848 560.61436265004386 2 11
993.60480216230485 298.47191488072468 1 0
537.47425898512051 615.09512731480243 1 12
990.07109800249884 159.22023486269239 4 2
668.28378694023525 623.47615809342653 4 10
832.38987706591831 871.58992446363686 2 1
560.0324438175503 92.413107304444196 2 11
251.55313945499512 913.84464752248437 4 2
948.52943742199409 674.88386732622212 4 10
461.41841490315932 997.19232656461872 1 0
718.11029793410034 228.8200755570642 1 12
106.98048373195816 685.78563937166143 2 1
610.64099686363784 190.06253195972801 2 11
127.09158892370228 853.3904454837392 1 0
697.94856022193301 865.41044474123669 1 12
217.14782069547834 316.35420844895344 2 1
546.43964028420123 103.40013646022956 2 11
165.87601655737157 798.10898156190046 2 1
689.57045431251231 783.33895992486771 2 11
974.96854892777469 689.83296727866241 1 0
479.93340104335147 930.42965613240654 1 12
353.95409543391133 210.96003608394057 2 1
369.96121471130976 322.85487866747968 2 11
969.01064676628687 509.70589924535562 1 0
525.70198520396059 794.71442613720535 1 12
87.235598790415935 386.22535351091983 2 1
904.7677068675896 244.83693267246514 2 11
93.03393580631878 531.09019409026746 1 0
640.14305999707528 594.73782056251105 1 12
869.30126136387764 904.60447023717904 2 1
996.71423036916633 203.63330863335872 2 11
485.21012622615899 440.04432014624734 1 0
296.32943180757474 941.23957774483108 1 12
827.75135885756004 865.11943901417033 4 2
491.30850420324384 526.6542019903635 4 10
123.57581921672512 104.21545195856818 2 1
875.88719331691425 139.60929536189843 2 11
617.10693835967538 652.93553223677145 1 0
997 503.58369439657372 1 12
684.07987492993948 369.02661362327029 2 1
262.46690457840032 386.22535351091989 2 11
209.92273062480027 756.70814732175347 1 0
915.91719656315024 780.66007860723778 1 12
617.43130848056774 307.16737650091972 2 1
345.35512493847472 553.64973318489615 2 11
544.3662597111836 222.3097210804508 8 3
457.88202462493774 262.00978676117103 8 9
130.7954753704845 145.20441380842837 2 1
521.14303353322043 503.96582067090867 2 11
903.17951442643368 539.66104668271839 1 0
583.84963238455543 11.007757814483398 1 12
145.87956546186797 320.28058737048065 2 1
991.74553088194273 375.48003065596669 2 11
908.91698526613868 995.09266550127597 1 0
366.17175043698251 313.25401100924216 1 12
465.4170998279958 895.62996390490991 2 1
817.06986704624376 121.90766301420706 2 11
407.86674332674249 907.74752577592733 1 0
477.5485934461006 457.03185332324512 1 12
708.27409043393504 181.22530799505506 4 2
637.99706078184772 729.64126356803922 4 10
377.62785947904672 9.3453028689703999 2 1
149.47004542521645 782.46858869635287 2 11
765.9197018391169 773.38887324416135 1 0
977.90314812170118 143.07786091928594 1 12
192.80508457348043 868.19176720653866 2 1
843.15023511934839 441.6769552360937 2 11
790.59602734051862 868.5419530015588 4 2
993.88261615378769 176.46550962900068 4 10
3 89.455844122715703 1 0
687.05180396865364 369.43604956312834 1 12
500.34783592638024 259.52401669056599 4 2
219.61465507725964 743.33295101807778 4 10
934.35907213845155 9.9924854092185083 2 1
878.86417254200001 232.32617875179375 2 11
588.72704824973312 797.27313991854169 4 2
992.35024504615592 166.88870855394211 4 10
333.51614115429823 799.1443427925559 1 0
708.35567733052505 176.22597368153842 1 12
947.75678524535124 808.80721792868701 2 1
333.06587146272182 493.96424004376888 2 11
373.1304697986784 976.4911844539032 1 0
197.99852014851476 128.7226216714671 1 12
585.78294859892276 617.93182722565723 2 1
456.86830697004569 907.93116331374176 2 11
257.97239635050448 688.42259692861455 4 2
316.39758758936046 19.850559463309821 4 10
642.51552946002721 736.24303914770803 4 2
129.82314125385193 894.55825734998632 4 10
946.35309869461116 598.85335928775089 2 1
718.12701665379257 990.29983040736249 2 11
15.237572188984151 529.27787974609032 1 0
406.72312273530031 652.77486535866251 1 12
385.345695927875 918.27635915228041 2 1
611.12547976366386 433.63649212449047 2 11
664.77516006523194 766.98092726347795 1 0
4.9113358919488732 292.91624520259586 1 12
746.8927621266148 356.27158985041325 2 1
293.9987932849541 64 2 11
839.54636188897359 772.03261127327835 1 0
861.29526553408618 186.86178370704272 1 12
203.26435898885236 624.0324438175503 2 1
878.7897650174051 591.15964514282484 2 11
597.97561338236051 3 1 0
626.93416656935165 297.69832542439605 1 12
249.54432622715117 255.75484747392346 2 1
690.55496480927309 809.78662279046409 2 11
997.26794919243116 683.2354980121828 1 0
714.98512635344991 150.35475319191283 1 12
872.89079708473025 906.36947259092335 2 1
387.74045736193813 882.14895505396464 2 11
91.144244923464072 2.8076734353812349 1 0
516.20149605242489 881.74627095659275 1 12
267.30498794383709 657.91390374325988 2 1
250.85147942884652 108.39996358492789 2 11
247.44964709236783 835.30810907026262 4 2
782.61691553111712 867.96422059544932 4 10
995.70370551516135 49.930552159072505 1 0
105.76084072763587 827.68037134038968 1 12
339.1885174556071 151.09616838728098 2 1
586.98276860732255 819.39125744762748 2 11
323.42659297424063 16.030470027272287 4 2
225.71997916250933 505.61787620179933 4 10
188.61201042345559 488.93526936221394 4 2
245.41639807582828 843.0454147018595 4 10
883.78543052381963 790.58157922258226 2 1
630.32172810444683 719.41116858277292 2 11
979.77473581160655 406.33755020508221 1 0
749.43893382387569 392.65813194487203 1 12
811.71674866179251 87.143381591727632 2 1
16.684000976085947 831.47733127605738 2 11
835.08301473386132 995.09266550127597 1 0
539.77760112560668 652.33966669932295 1 12
255.26116065822072 833.58176732816855 4 2
198.64362235165171 189.82790310111002 4 10
108.30214774656839 535.3435459442195 2 1
761.8376184284765 452.8223970853021 2 11
3.958425302846349 167.10001389787297 1 0
249.10514885407744 32.951618812671441 1 12
585.7269074198083 627.59197257628273 2 1
124.66609545666589 110.6890583232864 2 11
659.27852081108142 158.88577570665876 1 0
834.26565911488524 774.19252863363431 1 12
492.49041788669649 261.02767281802727 4 2
11.23069374152494 576.91335231426558 4 10
630.14991393099399 435.4828763183757 2 1
399.74648261641107 932.01016241885657 2 11
237.30802772471267 536.28326431891867 1 0
398.29695409414404 230.61446299905475 1 12
246.16786057184001 253.61020771897529 2 1
40.115619521954834 525.76724496474844 2 11
422.40123887492331 234.07692091593998 4 2
183.26603885914736 482.98374955349215 4 10
622.019096513622 766.51134410996974 1 0
942.03039332530852 56.281160373878038 1 12
737.069519432118 613.42883229234076 2 1
527.16243820632758 652.00242229357752 2 11
930.3773012790532 532.65250055742968 1 0
699.99092531769122 771.29561665137294 1 12
232.21926704261139 878.07120412537915 8 3
880.62764364590726 513.59249483716769 8 9
771.29197308006724 867.76174734514439 4 2
477.19027516880237 262.41473181805151 4 10
127.72432088222288 337.1817032944785 2 1
744.22226762984451 952.98236890780629 2 11
269.40701223212767 661.31706314173607 2 1
433.93993668340141 17.945696889543477 2 11
309.83542036416503 208.0502717456267 1 0
291.00085244578116 63.888866185077731 1 12
372.59791455676907 955.39867565261295 2 1
467.22805300597526 685.04065931505124 2 11
991.02715155522822 720.75586167860399 1 0
571.85027890316633 558.20036314056836 1 12
488.32378309325031 335.94876802141528 2 1
126.93115762899251 467.89144035697007 2 11
797.59544709812462 178.36893214420172 1 0
851.3555925213567 770.60289567371751 1 12
139.87246451148638 745.26291971037267 4 2
580.73680388863318 797.6681020052165 4 10
26.933018912833724 543.19106288513444 2 1
649.58272453347683 514.32718386342492 2 11
774.32337125025833 770.16733006918355 1 0
689.21470973724945 168.34333523463039 1 12
327.58311714295496 396.99005793081676 2 1
933.28288705268028 865.85505809523249 2 11
321.59400912036506 91.169629350234146 1 0
688.0433777737951 871.49958082316039 1 12
580.85918182800083 160.25026521536449 2 1
541.33660537621472 542.99040943481737 2 11
279.97253472826947 563.06113038364595 1 0
429.74108627141266 51.310095823818777 1 12
486.53816787587687 523.0149862336649 2 1
376.80883348535662 871.38722092774719 2 11
825.71299418471654 436.2110644476374 2 1
190.97576718100527 621.49033200812187 2 11
247.97046628357049 8.9641016151377553 1 0
814.38654721796365 178.90038498568364 1 12
644.39898816892116 267.89539118581138 4 2
775.68789190007158 859.47397443552586 4 10
843.57348347601055 845.13618652087052 2 1
608.0473568092375 131.19042233673144 2 11
486.38952596202665 951.563253234645 1 0
350.28814011092817 312.67227684638902 1 12
811.97733682683543 866.53290426267915 2 1
47.875484503402902 128 2 11
4.2360679774997898 988.34314575050757 1 0
667.15904992500464 776.51846805213177 1 12
469.01135762284468 680.96283910840839 2 1
832.94700091791867 116.49984726234216 2 11
703.64157874769739 867.10796940148464 1 0
718.10295300094765 140.59569806366653 1 12
359.81633684992386 249.92223235346711 2 1
927.04101894922962 776.82533407570884 2 11
468.03448788540612 2.9999999999999996 1 0
41.602853474913871 560.47092667232869 1 12
875.69494906476018 356.09763454731404 2 1
306.77582365380238 385.45469504298188 2 11
249.05974302566085 794.60754682328911 1 0
77.144172734150104 685.83319789783673 1 12
369.09030362311023 451.98534482690286 2 1
519.99119192038154 463.10249352239265 2 11
633.89253134183286 761.44048357108636 4 2
271.09737386325651 682.51766946012378 4 10
127.36310361195375 902.17062983170604 4 2
776.27871606908843 874.01733639506188 4 10
