890 890 100 99
690 890 100 99
99 891 99 98
892 98 98 97
97 97 97 96
894 694.04082057734581 96 95
292.95875850293532 895 95 94
481.95611298177454 896 94 93
897 288.93454375780198 93 92
92 700.12831535295754 92 91
91 284.90423092628862 91 90
90 518.13930469572028 90 89
705.21670310223135 89 89 88
281.78095139921754 88 88 87
903 511.262266036612 87 86
530.24241927743606 86 86 85
389.21461017046641 742.89868172905858 85 84
558.03350846570947 735.07694417399057 84 83
612.29889822801488 233.74212081269582 83 82
201.14175332049098 786.67808366112149 47 46
790 965 25 24
966 790.04082057734581 24 23
467.12384869262735 575.10371591393937 100 99
23 191.46692542895636 23 22
22 610.15054031934164 22 21
618.75283781736221 21 21 20
579.4134924922248 836.85560737520359 20 19
971 592.57647143763654 19 18
666.78979408466148 586.65837950511593 100 99
257.74720207613291 605.21327437454579 99 98
972 207.10545357588683 18 17
973 973 17 16
16 16 16 15
15 975 15 14
243.88483778972378 406.6966885274411 100 99
755.23158421061953 229.354948853661 60 59
959 407.39696865582175 31 30
277.68492249730571 770.93666966555702 30 29
29 387.6466272386192 29 28
115.93750281287338 403.02524843918752 28 27
582.71324672425453 963 27 26
976 175.35643784311173 14 13
476.45157567896069 787.54968226510232 13 12
429.50175807042126 242.35638515766942 100 99
545.52965520092675 396.58519922129642 93 92
793.52410362885166 787.17295385267812 41 40
348.40135571669384 499.84333355785185 40 39
805.99232297715673 591.67066484315285 39 38
407.87599922566733 106.06138688411374 38 37
185.0150716188474 198.04131416370814 37 36
779.78654448870839 651.15391604728904 26 25
375.58926659568613 25 25 24
196.48846085563153 966 24 23
978 626.15856958343727 12 11
823.66750419289201 979 11 10
643.80185097166054 334.95261418384598 23 22
570.99434558189853 511.11215493926159 22 21
907.15831732034417 403.34234944535751 21 20
10 161.13542365275015 10 9
38.237900077244504 981 9 8
946.5685424949238 982 8 7
761.26578741955518 712.41549909560251 38 37
700.44592751628602 315.16755435561691 37 36
677.34579043290398 722.24809497460092 36 35
70.794022133804503 411.86075364141203 18 17
371.45476771479559 642.45671840719911 17 16
253.18773258171072 801.07308427733142 7 6
974 16 16 15
975 363.63394134573434 15 14
676.71213898416784 386.31323083643122 38 37
416.75720234117819 378.76230987967051 37 36
372.22522625007423 432.95967940522104 31 30
797.04738023624623 23 23 22
391.00557697455793 968 22 21
193.82063453145753 512.03390991032518 14 13
841.0102051443364 984 6 5
390.23776101760348 840.89334057505903 13 12
985 382.49716945984426 5 4
19 434.59340561584122 19 18
978 446.64028835099793 12 11
979 823.66750419289201 11 10
23 792.12831535295754 23 22
602.61013928694149 490.03037160861885 16 15
980 756.00855411666453 10 9
930 986 4 3
771.25373557299201 376.99193723328648 57 56
196.99854980033706 147.4409559567373 15 14
9 951.76209992275551 9 8
855.35898384862242 987 3 2
360.75682293139562 384.29269136075584 19 18
526.82846114477002 184.94111829703769 13 12
982 946.5685424949238 8 7
191.46692542895636 23 23 22
620.71796769724494 978 12 11
983 343.14003981381512 7 6
286.37720401220554 721.69802384679258 20 19
752.71329428125023 306.385619975498 16 15
11 825 11 10
988 2 2 1
713.71622447142659 453.83876420901294 39 38
787.24799406175964 468.60625759530456 36 35
805.7901315027683 538.67105051806857 14 13
10 760.79131890536996 10 9
984 841.0102051443364 6 5
786.59718914608425 303.57818898099816 18 17
790.46535215748497 151.99736370876326 17 16
356.42371746609246 552.23266178375854 13 12
9 638.29303487828224 9 8
985 737.85862517775911 5 4
944.43714638721679 195.26108357489977 12 11
982 38.627416997969519 8 7
633.8628629781897 470.22463350375403 21 20
658.60064159481806 439.30354752085549 18 17
357.61167800391377 979 11 10
982 1 1 0
191.23332725067758 52.999090517732441 7 6
986 930 4 3
764.88243866293658 10 10 9
425.53659515521696 43.506584099569899 27 26
828.82679973521249 429.61647792461076 21 20
389.92049542667252 59.396626268374135 12 11
646.24829198709722 9 9 8
6 842.25576957218425 6 5
532.9155097671329 290.33133653868566 14 13
987 855.35898384862242 3 2
951.37258300203052 8 8 7
399.98919609390634 473.33494384411705 18 17
435.03835263543652 438.00587108186983 25 24
588.89393247189673 10 10 9
936.27188724235725 5 5 4
666.56362552858775 474.65860786345479 12 11
616.72159167392385 51.789581387849957 7 6
423.78395469277859 981 9 8
654.69097565095444 773.4609777990969 20 19
372.72827274116798 345.80091794490312 18 17
546.26785374502867 979 11 10
615.1595932717014 136.89276530930178 13 12
2 988 2 1
221.75875585033151 266.84466923522325 41 40
867.94314991757517 411.22718587820765 19 18
250.92767933761547 732.29666528546909 17 16
458.40927929316416 15 15 14
341.36360119464183 984 6 5
986 429.66802610714183 4 3
143.36419807690316 607.40442870061395 14 13
344.65013682177675 357.80543664143448 12 11
10 221.79842720516257 10 9
982 154.19042735459502 8 7
9 460.74679927708524 9 8
481.17104269189485 7 7 6
745.07300695696915 499.02451630139677 16 15
571.71530198409152 5 5 4
772.64078092656939 523.70280308068982 21 20
562.73412670977802 637.18974282405145 14 13
463.30301533808017 461.88282319694906 12 11
3 172.08987480285347 3 2
161.92853089020909 980 10 9
41.286446891263523 8 8 7
6 652.9899733349813 6 5
989 8 1 0
640.71108150799523 692.4926875075007 9 8
372.24391393526423 986 4 3
787.76037074082308 549.43802441359833 7 6
407.21204319736989 10 10 9
756.33249580710799 979 11 10
8 41.286446891263523 8 7
143.49719092257396 985 5 4
988 988 2 1
139.02295089908475 197.18994368102796 9 8
690.67840824227778 772.509822982591 16 15
829.66214108522843 198.18977665371867 20 19
471.94915264061467 690.37254078709293 13 12
641.0102051443364 984 6 5
343.96648999400236 10 10 9
928.52592054994238 3 3 2
248.69757677682722 204.4083022117473 27 26
205.94506192833865 715.66932118099407 23 22
11 348.18139900451411 11 10
190.47688929873686 689.96454272443395 7 6
982 567.91881542576061 8 7
447.09843328879413 131.9573453750379 9 8
4 811.31164144620845 4 3
221.79842720516257 10 10 9
54.502809077426022 985 5 4
199.67511671779306 844.65953739484246 11 10
720.02178603751122 755.33524352438599 18 17
226.66467401569327 172.22832092029194 12 11
740.08441899783611 984 6 5
341.58370985218659 324.02900478931934 20 19
713.74279517535774 689.44172294449368 13 12
293.68748731120274 245.60184478954568 34 33
645.05279784791833 418.29269485349351 7 6
370.50458336069698 143.64299510206314 15 14
436.50037699295751 8 8 7
697.15570176571043 269.28537465030814 9 8
10 578.13930469572028 10 9
7.254033307585166 989 1 0
2 2 2 1
3 208.0801731547925 3 2
5 475.71289782452743 5 4
986 327.5091468017738 4 3
6 145.24935232725926 6 5
366.47179787841907 616.93868534017452 9 8
982 231.10545357588683 8 7
570.44682469451504 540.10698587303114 7 6
790 841.8232421182164 11 10
159.28964600958975 10 10 9
829.39009663000593 10 10 9
713.95011460546345 781.64369855354448 9 8
51.954380232730152 608.49672507179275 8 7
340.28663451309228 453.54915142026766 7 6
984 643.12913233191443 6 5
423.85126635228397 5 5 4
810.40100503147039 986 4 3
135.75122423015912 987 3 2
190.29365971591011 308.24452098920443 11 10
227.47232762529086 980 10 9
139.69830073719521 374.66287050644814 9 8
861.7157287525381 988 2 1
53.996015540938402 792.62532700866132 8 7
838.34089488050449 396.97475625484691 13 12
797.13172643848679 52.999881428401793 7 6
870 989 1 0
6 238.17094514409692 6 5
942.88424659104567 599.68311693652515 10 9
5 411.72981639620377 5 4
322.16155339230318 291.36740901618225 18 17
44.234160280386362 422.45927379919397 9 8
309.78558446709508 791.27253702107737 8 7
491.7540479361532 4 4 3
178.92182539807624 241.61736665235216 7 6
838.18578899028705 373.9752792572537 10 9
958.71714314291432 987 3 2
730.45425803148601 675.13343830907195 9 8
530.01977693575679 984 6 5
305.88260570424166 701.60973609416624 8 7
750.74030303920563 5 5 4
988 918.2842712474619 2 1
745.48699602201384 663.51376583054912 10 9
768.35001518168883 161.32001732492762 7 6
773.37939112249978 556.45139915172331 9 8
171.93875665026326 4 4 3
604.12950119158904 818.144142601623 11 10
245.20941295768205 984 6 5
790 930.79215610874223 8 7
854.91999121384231 595.50781639461604 10 9
989 910 1 0
3 246.6562265183355 3 2
619.26706666082328 805.07302514118192 9 8
615.46370263225901 325.10632814828517 7 6
438.59714620441696 985 5 4
298.58748017958436 504.15353123004365 10 9
196.97794654766369 934.00374391030573 8 7
984 465.56762740142858 6 5
986 809.63673851961119 4 3
631.60417308644344 791.96593526421373 9 8
736.93413557998645 782.50089155555099 14 13
988 861.7157287525381 2 1
358.45205143174149 572.12954247706807 7 6
844.45258490558581 789.87291586080653 10 9
5 363.56343808103463 5 4
351.71303037833661 657.79503014409704 8 7
748.57980726574817 760.37899446268284 11 10
855.07050856303908 382.68769826402354 9 8
6 331.93332219524217 6 5
392.90977467137492 3 3 2
769.57495902618064 619.77361135881461 7 6
697.04748033086935 188.66576041606194 11 10
730.28646002670337 986 4 3
351.07873217472286 162.39496315078776 12 11
389.03384919441021 938.06486529910057 8 7
451.86361178143238 349.03790885604627 9 8
5 938.34569205775676 5 4
989 870 1 0
327.73745257152177 6 6 5
330.69242255033521 181.58866992927642 16 15
143.25463024494769 790.29484768949033 11 10
856.62953182052922 196.86318819846468 7 6
918.2842712474619 988 2 1
236.43506216307043 710.06933138760564 8 7
3 449.69307448638273 3 2
802.78503333971764 512.96389967054552 11 10
4 52.600155390248283 4 3
272.28724057522334 288.56728950549387 14 13
5 563.99716907198933 5 4
392.40212273892035 651.95452433769037 6 5
139.24015306086829 433.40792133310629 8 7
719.57770031618963 730.3391880781337 7 6
455.40910021356552 680.45439065346022 6 5
985 51.276527638643039 5 4
606.86156123669389 986 4 3
521.53449556151827 987 3 2
962.68629150101526 2 2 1
910 989 1 0
369.97949438610715 55.488201910847998 6 5
235.94056282889352 5 5 4
81.888779304575138 386.15265446388366 10 9
816.23070632949714 4 4 3
799.64321473817108 737.77635618688305 8 7
3 419.47578308861858 3 2
882.65624434612471 389.79065508760198 7 6
564.38145299127234 617.25770037671816 6 5
988 27.313708498984759 2 1
985 552.97557326584047 5 4
986 610.01206721179926 4 3
989 24 1 0
438.9172435140772 74.877398155484727 6 5
987 478.95127719380497 3 2
581.7620705179263 866.76353577650195 10 9
141.04543109109048 5 5 4
63.971582194664222 379.10330008803885 7 6
870.12732384024321 386.32278096109434 6 5
777.53154930361006 4 4 3
2 964.0455488498967 2 1
659.66469985209596 5 5 4
599.84838362200003 3 3 2
582.87182438872185 925.00033088138355 11 10
262.16328277215183 712.22775361936635 6 5
966 1 1 0
811.04024483294563 169.48089285459861 10 9
376.99881224295973 73.326095163481199 7 6
409.76724001385162 986 4 3
5 743.02353653201203 5 4
25.954451150103324 988 2 1
183.81003146007006 734.40539403975561 6 5
987 727.98194607430014 3 2
54.338460024684849 192.94265478364974 8 7
174.5776415308826 986 4 3
985 243.75456421656034 5 4
528.27438097634649 203.88602040395432 6 5
22.745966692414832 989 1 0
2 369.88799340137138 2 1
634.6273456837497 3 3 2
153.48266081771868 590.15285741673586 6 5
843.53223225373688 5 5 4
986 768.65766475733801 4 3
373.20258702086926 832.47889781864365 6 5
682.06213415787408 180.10360002217806 5 4
986 142.87671885561025 4 3
312.28757215157907 317.56863979753734 10 9
3 62.882555781536041 3 2
298.54302936908471 304.45042560123068 9 8
988 333.16600105126616 2 1
388.7254717278343 859.83306024310195 6 5
1 982.74596669241487 1 0
638.41073686200298 428.2868444350928 5 4
932.42534252739529 790.68187319812569 8 7
324.03277027873582 207.75446882060362 11 10
4 590.78841533639377 4 3
928.30735655100102 384.99246825718257 7 6
579.73040652748523 647.7313969806911 6 5
131.11744421846396 3 3 2
249.38018995034889 708.8761563916255 5 4
988 723.08296658873383 2 1
52.600155390248283 4 4 3
291.60059920243043 194.64455975569143 17 16
801.98522707580253 321.99579709588517 6 5
294.26587134583593 287.59786212343676 8 7
