900 900 100 0
700 900 100 0
50 950 50 1
900 100 100 0
800 975 25 2
100 100 100 0
150 950 50 1
990 10 10 3
5 995 5 4
500 900 100 0
10 10 10 3
100 808.57864376269049 100 0
15 995 5 4
700 100 100 0
600 975 25 2
990 990 10 3
500 100 100 0
5 981.62277660168377 5 4
291.42135623730951 900 100 0
600 25 25 2
100 608.57864376269049 100 0
211.80339887498948 708.57864376269049 50 1
831.62277660168377 990 10 3
300 100 100 0
800 25 25 2
200 273.2050807568877 100 0
53.17541634481455 242.5042398159386 50 1
805.36235316737736 54.516862443496912 5 4
400 273.2050807568877 100 0
636.75444679663246 990 10 3
300 446.41016151377539 100 0
153.17541634481455 415.7093205728263 50 1
391.42135623730951 975 25 2
500 446.41016151377539 100 0
74.011355537803141 354.6106178325569 50 1
655.27864045000422 995 5 4
600 273.20508075688764 100 0
181.19646421715782 485.27814172236032 25 2
763.24555320336754 990 10 3
400 619.61524227066309 100 0
253.17541634481455 588.914401329714 50 1
600 619.61524227066309 100 0
500 731.4186411456526 50 1
206.93757385415364 529.86305145683787 25 2
700 446.41016151377534 100 0
768.37722339831623 10 10 3
749.10341757963658 995 5 4
800 619.61524227066309 100 0
700 731.4186411456526 50 1
131.24282229531303 487.43073521489657 25 2
900 446.41016151377539 100 0
800 273.20508075688764 100 0
62.402462264316384 457.6649019357364 50 1
831.62277660168377 10 10 3
777.38768882709849 995 5 4
200 25 25 2
636.75444679663246 10 10 3
950 241.42135623730951 50 1
744.72135954999578 5 5 4
914.95190528383284 322.30762113533154 25 2
950 758.57864376269049 50 1
10 871.82419696605803 10 3
655.27864045000422 5 5 4
950 658.57864376269049 50 1
25 708.57864376269049 25 2
792.49505911485289 769.42737750112576 50 1
975 587.86796564403573 25 2
10 745.33309055932295 10 3
845.76491222541472 5 5 4
407.50494088514711 769.42737750112576 50 1
400 25 25 2
568.37722339831623 10 10 3
5 853.30000331268627 5 4
975 312.13203435596427 25 2
431.62277660168377 10 10 3
311.6743524880066 740.85294264306003 50 1
856.86261851777567 730.93299743713192 25 2
5 763.85728421269471 5 4
592.49505911485289 769.42737750112576 50 1
281.19646421715782 658.48322247924796 25 2
368.37722339831623 10 10 3
554.23508777458528 5 5 4
10 891.82419696605803 10 3
877.31663753189798 777.07536834653229 25 2
990 703.30000331268627 10 3
354.23508777458528 5 5 4
94.721359549995796 990 10 3
995 717.44213893641722 5 4
222.32087015164731 782.83753412569467 25 2
990 30 10 3
622.36067977499795 5 5 4
970 10 10 3
995 626.95586716100672 5 4
10 676.95586716100672 10 3
5 918.37722339831623 5 4
10 545.33309055932295 10 3
5 908.37722339831623 5 4
10 525.33309055932295 10 3
5 730.93932353768844 5 4
914.95190528383296 570.5127018922193 25 2
