900 900 100 99
700 900 100 99
99 901 99 98
902 98 98 97
97 97 97 96
504.04082057734576 904 96 95
292.95875850293532 905 95 94
906 289.95832881122919 94 93
93 709.09377289936629 93 92
92 285.93385085791272 92 91
91 525.10464278565553 91 90
910 473.91484541229988 90 89
282.82787734890587 89 89 88
912 651.90360910259574 88 87
458.81651334566561 87 87 86
718.39172131954399 86 86 85
800 763.76123899565141 69 68
30 420.60583896475049 30 29
744.31159014742843 566.90597854082068 100 99
397.93494627902101 971 29 28
86.183044180192653 406.20217461686593 28 27
800 975 25 24
260.48040059166237 613.18071113165763 100 99
595.31181077222391 752.34708592036077 81 80
236.22443457486892 434.82250943464521 80 79
763.89345872997092 388.98029061798013 79 78
602.02041028867291 976 24 23
977 196.96370531072785 23 22
978 563.90360910259574 22 21
374.84616820594101 254.08674734136017 100 99
650.26493329757545 450.05039957530443 50 49
794.06611876781665 197.79617869516318 49 48
961 769.07015722961023 39 38
189.26581092225166 797.94135951533076 38 37
369.29174263377502 21 21 20
805.54514396490117 670.10700511944867 20 19
573.87607606255062 234.41199756939457 100 99
19 372.85649341949721 19 18
769.51500717807608 682.1829830559418 18 17
491.39995524987012 416.61432877207744 100 99
983 983 17 16
16 984 16 15
212.63858150985928 732.98121341334263 29 28
702.52088939266935 772.02482617058126 28 27
718.07564648101516 198.99955794911963 27 26
479.27202365838724 302.25562435779904 15 14
704.27064419361523 707.04838152995353 37 36
986 722.3368714474185 14 13
354.38678778353744 493.65836826401784 52 51
733.43830759554646 268.31758333559515 44 43
588.7131194943122 92.183793115411476 43 42
646.89708024068193 358.1120639052088 42 41
800 847.37871153230856 13 12
22 614.59207207044392 22 21
436.15856958343721 988 12 11
979 378.81776837732144 21 20
349.30782630832732 404.80340694877481 37 36
199.29870784052974 181.99396669268907 36 35
620.24896814846159 28 28 27
813.45622551528538 20 20 19
766.33249580710799 989 11 10
694.41679608112736 319.86449396353379 19 18
990 534.23881515421306 10 9
129.02499829176674 422.95230798653733 18 17
418.60366069470638 730.9407855351576 97 96
540.39268296433295 595.69495730149856 85 84
277.40438758075607 750.13902108177706 38 37
196.48846085563153 976 24 23
678.0325524827382 180.76358736773426 17 16
339.43176414124548 9 9 8
408.66089696545652 587.28445448976186 47 46
192.34030914199693 23 23 22
984 16 16 15
959.6761924206188 992 8 7
598.92362734541916 847.27840204439644 14 13
993 702.53788157419513 7 6
308.19077519829199 359.74357885306694 24 23
807.06624396289089 470.22135545117993 13 12
360.48653056747185 988 12 11
566.2860178955334 26 26 25
340.7081040481886 994 6 5
641.09512386327003 651.22889644681823 30 29
257.53158870809597 200.15798568254479 25 24
452.99096534188419 535.72046475136744 21 20
16 16 16 15
833.16624790355399 989 11 10
150.1439982369921 195.58861725060649 15 14
990 228.63948994420562 10 9
626.49505269422048 522.23760603255869 26 25
590.60748772135253 490.36155420178477 22 21
795.33753695647556 264.78411414468684 18 17
509.93921175412373 794.01865100849591 14 13
947.02708177994532 995 5 4
580.57662280472152 347.21316189563714 13 12
991 351.32231420758637 9 8
222.0884834214622 253.44763090223634 39 38
12 458.55317088677106 12 11
38.627416997969519 8 8 7
18 790.92286308128143 18 17
996 691.95487632993672 4 3
21 198.02480695456907 21 20
779.90594731646274 11 11 10
398.39556303139869 849.22701799198342 23 22
470.03218979944722 187.3753386130482 14 13
946.9936849858193 563.58349807960587 7 6
886.12896852601546 781.81119136801601 19 18
606.99964393921118 400.20950535442381 16 15
399.82498853065511 10 10 9
529.51646527383298 13 13 12
263.78079700991833 327.29741055374114 31 30
12 166.27579122179398 12 11
9 586.44957751150332 9 8
664.90987189746863 305.08811330994291 14 13
849.41432471282587 994 6 5
997 684.39976272113961 3 2
984 819.03014121679746 16 15
569.03312781443344 989 11 10
521.41998575803632 691.84087120696927 13 12
8 957.2849891178812 8 7
159.28964600958975 10 10 9
371.14055294061973 632.81712171075708 12 11
372.56725525364294 139.55535632621721 14 13
5 573.03316964650458 5 4
510.43768124549405 7 7 6
15 823.78621653159144 15 14
840.28904124528287 9 9 8
855.85426105312706 386.29499061958131 13 12
655.34882569803005 11 11 10
859.17362319768688 564.64895928987789 14 13
396.99462087355641 930.01078448991939 12 11
165.5045940859722 990 10 9
961.37258300203052 8 8 7
6 149.30522847331684 6 5
194.92441972908665 521.14042987858022 13 12
4 444.69676442622006 4 3
209.23930986685156 334.38445367641805 24 23
2 2 2 1
989 409.21513668446278 11 10
146.48538804229173 614.24706654559327 14 13
991 595.61861998471454 9 8
46.46558138663827 803.2189442634409 12 11
817.19939537830362 645.75175057359752 7 6
231.31461847324556 990 10 9
51.954147700156071 383.63266762714773 13 12
995 242.78162556793657 5 4
989 163.66582063752801 11 10
42.715010882118847 992 8 7
9 225.52026112430411 9 8
453.12913233191438 994 6 5
636.75444679663246 990 10 9
908.90404864219875 754.85706987585058 15 14
332.22282267395002 997 3 2
710.26402585949882 461.25673166201278 11 10
7 844.2801180635106 7 6
231.30000639124876 769.48807881419918 12 11
881.6947793639257 748.24982647618469 13 12
8 763.64649968730976 8 7
9 346.70309975825319 9 8
4 945.97128061889646 4 3
223.16214178820067 10 10 9
914.98513826947794 790.0161574091693 11 10
179.33340133130264 225.64470020305077 12 11
946.27188724235725 5 5 4
750.08441899783611 994 6 5
425.79752187983064 837.01502997737907 7 6
8 41.286446891263523 8 7
10 644.2568660188266 10 9
806.33522752034969 50.070350445504644 9 8
632.54019528069807 559.75368593317137 12 11
800.20514629732963 138.11106881847888 11 10
126.69469696841236 389.03225940546406 16 15
660.4468529993627 687.37458193545308 11 10
682.05640167138017 207.462063685814 10 9
673.79575249424772 672.4813995261942 9 8
417.60176189006683 524.92211862587783 16 15
992 841.65755821476694 8 7
182.79180303334974 753.11004384568935 7 6
994 427.4390452578109 6 5
995 333.31729558858677 5 4
859.21228368395862 996 4 3
3 178.27579122179398 3 2
998 998 2 1
844.51534522725956 999 1 0
228.20720943010912 304.96985209560154 11 10
450.39309979050671 626.1100033895375 10 9
50.696111662813806 193.7655872948551 9 8
992 42 8 7
167.41597771401456 210.8468958278705 7 6
854.03549879319564 195.87955161310487 11 10
671.59690250730193 6 6 5
195.08479550571568 137.19170176295029 9 8
5 856.11227762970987 5 4
292.65102621621764 506.2160648562691 11 10
992 959.6761924206188 8 7
547.72530158126824 125.78437023437107 10 9
54.028719381103606 996 4 3
370.09232636056356 48.98855240444567 7 6
684.81378603291967 293.56274120798491 9 8
355.99945964602171 556.63772432188773 11 10
174.8163525100307 358.44811937411447 18 17
594.32600535483016 6 6 5
245.43477042247835 793.6584831505246 16 15
199.30529231695121 848.96300995242939 14 13
370.138933400464 828.57361919420237 12 11
193.36607861139515 697.79553125868392 8 7
742.0213533377364 676.8821342081086 10 9
3 357.09540460366645 3 2
785.40522620599279 296.25392830295357 15 14
399.07797657361346 883.22016894563001 11 10
288.80510357253848 186.81754835749828 9 8
52.954568908909522 5 5 4
600.49298499990959 422.26995388675437 7 6
272.72575550649714 799.9196438371597 12 11
398.04099911457837 904.19455040848732 10 9
691.9201481461489 229.26323100535669 13 12
676.56735990805237 398.35724379622212 8 7
351.2883413935337 815.39579004869233 11 10
6 475.52373363524822 6 5
4 808.29428314676181 4 3
2 998 2 1
140.79700345799191 800.33217742529337 10 9
386.97409979742389 368.4454517556386 15 14
824.62991476739478 689.20599785247748 7 6
944.02777777777783 195.31220835569258 8 7
5 392.35008210911514 5 4
156.64637841712732 384.7891907544365 14 13
265.60253316424814 233.18615329120433 9 8
150.01266070114252 994 6 5
267.87527974137026 249.02391269700979 7 6
828.948158900115 3 3 2
996 177.78037921747696 4 3
329.13353062836939 799.96321541061718 16 15
141.04543109109048 5 5 4
552.04082057734581 994 6 5
365.00478698873331 361.6374201227872 8 7
193.84885752258299 52.962047356337834 7 6
52.800979786060417 616.43828858332984 8 7
267.08538830919497 263.0016117753766 7 6
994 146.49742261192856 6 5
5 243.03862967885829 5 4
641.41497863697828 4 4 3
537.98194607430003 997 3 2
998 2 2 1
1 364.13869553241585 1 0
673.98066717248457 793.96692533229475 8 7
323.0630443187203 440.1192874888095 7 6
6 661.8497256552954 6 5
683.81061327092095 249.71403646889434 9 8
947.22057320216584 383.2581913239087 8 7
995 801.14159739679917 5 4
996 583.61861998471454 4 3
681.99423431674791 744.92027984724007 6 5
601.37230439195673 944.00656381776662 8 7
997 441.05149196198994 3 2
243.35838851212037 295.25173641277371 7 6
995 741.14167714207235 5 4
437.3578025025825 511.29498175430314 8 7
185.78085630004662 504.47482749249508 6 5
679.43842675349231 268.20414152691973 10 9
545.88993984116223 4 4 3
311.02269138299869 713.12808149008174 12 11
593.63486713144368 519.20310363844567 7 6
2 386.02552678877839 2 1
216.38537362299076 835.09683446749204 8 7
5 328.82907203696715 5 4
470.90261674052232 209.26310742977631 6 5
629.27905032630838 133.6374450140525 15 14
747.03694255220853 693.12540557910006 7 6
349.22312593086508 359.00318887732573 8 7
133.29946439867564 3 3 2
297.5535044181342 796.98998788795598 13 12
4 52.600155390248283 4 3
382.2867491219169 438.29057837389371 10 9
853.70544911028162 5 5 4
604.87199231047907 662.71300461894884 8 7
671.25418401984848 285.06937949149614 7 6
534.7233869362924 31.272601533471121 6 5
759.86460402619946 5 5 4
592.78798054653714 369.02789870590829 12 11
793.17244647788436 4 4 3
264.95214015411079 282.88751764634031 13 12
997 790.7034648823942 3 2
311.36252184415395 781.16876676795766 8 7
2 468.35112985790374 2 1
725.47418385808146 745.60236842751578 7 6
759.69924622639724 999 1 0
550.11818010690695 57.335110878022363 9 8
156.35337894414752 633.01914259228397 6 5
196.97794654766369 944.00374391030573 8 7
240.6378311294479 5 5 4
4 486.94707472897773 4 3
319.93682491325143 767.66020182273621 8 7
815.03081084191956 487.94528056794394 6 5
655.65863563268078 506.79463254324821 7 6
353.41723476738747 3 3 2
650.89658242036342 995 5 4
151.83794998542137 365.37581866154233 6 5
780 996 4 3
479.9444555536794 525.0195598642722 8 7
998 833.65755821476694 2 1
995 520.09667953048211 5 4
240.54470159875916 174.07134093501878 6 5
144.63505868102331 403.42473735822409 7 6
679.85693747469793 655.53259317787672 9 8
599.99064317536306 339.20717581968631 8 7
3 776.22592462458238 3 2
635.29481663085016 581.58055151706333 10 9
218.66550783257205 996 4 3
799.49712617308808 942.00383176921582 8 7
813.59883132388813 249.21089585087537 6 5
249.36976906752858 995 5 4
413.96712415438606 5 5 4
638.40982400915618 603.3589061159098 12 11
227.47157100605378 823.56010063231292 8 7
582.29962697585506 996 4 3
3 401.63217300374021 3 2
531.75363349844781 998 2 1
1 804.29428314676181 1 0
244.23637355900374 717.92865424159299 6 5
995 947.02708177994532 5 4
138.7994974842648 996 4 3
462.33871648120032 314.6758944049048 6 5
147.56866211369871 442.6426123312325 9 8
326.01535627624673 5 5 4
3 967.08294808901394 3 2
740.93165791284389 175.19613925708904 6 5
374.34293702802285 996 4 3
995 854.30666885544042 5 4
558.96902380762128 998 2 1
404.16962602953583 356.39083116431556 6 5
32.917051910986132 997 3 2
740.28646002670337 996 4 3
995 609.9512551757897 5 4
371.26132051695646 549.14935983047633 6 5
869.77274633469938 734.76408851157794 5 4
462.92709130304706 996 4 3
592.0093687275313 459.39326833310105 9 8
3 630.8401488797158 3 2
969.37258300203052 2 2 1
788.06166824469699 25.915904804629278 6 5
1 451.62496765649553 1 0
