890 890 100 99
690 890 100 99
99 891 99 98
892 98 98 97
97 97 97 96
494.04082057734576 894 96 95
292.95875850293532 895 95 94
896 289.95832881122919 94 93
93 699.09377289936629 93 92
92 285.93385085791272 92 91
91 515.10464278565553 91 90
704.17028989001767 90 90 89
282.82787734890587 89 89 88
526.1815261997217 88 88 87
903 470.82291904381179 87 86
904 704.52763009008595 86 85
200.42665401641992 197.19444714637518 47 46
201.09316622103455 788.0340570335793 46 45
790.83453374226895 199.06704921415221 45 44
196.48846085563153 966 24 23
23 193.93385085791272 23 22
611.17915676149676 255.68840985257148 100 99
968 380.90886481844575 22 21
617.22202941288106 21 21 20
20 600.42755881646167 20 19
182.86035173466274 19 19 18
18 806.57251632317821 18 17
973 973 17 16
326.43259398204708 272.90113835249485 100 99
584.51391878588538 721.25852119265642 99 98
743.83057430921747 393.40138505444645 90 89
953 591.7091918807223 37 36
413.61154796395942 36 36 35
35 402.23303430947584 35 34
405.44638607856206 105.52215568712793 34 33
16 16 16 15
975 544.59231592316337 15 14
14 774.82350059040311 14 13
318.8515757491661 701.7267167582304 100 99
13 446.31510869797614 13 12
12 631.41142558612103 12 11
846.80329740607442 197.19689041204933 11 10
753.4993124847291 583.15521374333844 100 99
790 965 25 24
590.04082057734581 966 24 23
797.04738023624623 23 23 22
10 224.26535263411893 10 9
578.30516829755618 486.68235827339765 100 99
792.41811522661192 778.72657206649376 48 47
464.22132444945987 770.55042466383691 31 30
632.95015997215546 377.60474881626402 22 21
156.70695807341869 9 9 8
8 753.64649968730976 8 7
207.86429447419954 262.77402860600938 19 18
202.98469333831815 724.06201528748068 18 17
360.62247870401279 17 17 16
983 520.17876976082403 7 6
374.07539586384786 157.33659608778686 25 24
16 974 16 15
588.18688753871913 835.19933609469535 15 14
6 648.38198833459819 6 5
466.22094799508238 213.40226896418312 51 50
408.08805736274087 799.15210863823029 32 31
884.43204188916718 587.35287627196135 31 30
206.86614924388664 305.76244223223199 24 23
967 192.95261976375377 23 22
14 357.96114706711853 14 13
5 430.19059320137904 5 4
214.79847194212607 13 13 12
394.12085260297135 964 26 25
970 787.47339550339689 20 19
437.43723433683328 147.77834609417087 19 18
46.46558138663827 793.2189442634409 12 11
429.04851334025807 979 11 10
4 658.17994730573093 4 3
829.39009663000593 10 10 9
3 791.87557786647915 3 2
421.28527559737154 754.0429806166477 15 14
981 760.64057977339939 9 8
38.627416997969519 982 8 7
2 2 2 1
794.02233987340583 706.74444606786392 24 23
458.53538809857065 13 13 12
978 818.45726227305624 12 11
7 336.68816101971078 7 6
357.61167800391377 979 11 10
211.97726869810873 402.62769120173948 73 72
441.01683544047489 725.13510026962069 20 19
361.13172519654955 808.67244581136708 15 14
384.21767105056131 6 6 5
1 439.10400614704815 1 0
372.3277406747041 467.56401491107113 100 99
161.92853089020909 980 10 9
802.3620323974302 479.36689217252137 14 13
51.276527638643039 985 5 4
776.26237275533629 282.02733758579097 26 25
977 635.57261627964488 13 12
9 572.34099487067226 9 8
711.09724184725258 758.6839446737813 33 32
472.8473199757093 728.42451575754592 12 11
8 41.286446891263523 8 7
373.72477454860024 986 4 3
979 225.64658804797509 11 10
983 836.78756505287959 7 6
233.88250853557631 522.64502523171632 49 48
705.98318547414169 701.91382553164237 24 23
729.28124293047983 283.35904340164592 21 20
613.43617601243966 140.82637680231304 14 13
231.31461847324556 980 10 9
59.022494331057871 987 3 2
473.69350543751131 313.12268254770976 49 48
170.57031138342958 604.92983717088384 29 28
628.92657217991507 602.0663843297765 26 25
747.25467477946268 247.62452580912804 19 18
974 16 16 15
446.04082057734576 984 6 5
294.95897009652612 569.5349585137526 28 27
401.87044602815803 186.10176923803022 15 14
790 839.56191914832607 12 11
981 352.76637025950515 9 8
622.53697419588968 979 11 10
8 951.37258300203052 8 7
442.41087260197355 5 5 4
988 2 2 1
295.99024745968825 384.24782723036049 13 12
980 410.57365876682843 10 9
92.989357701794617 401.12200175670625 23 22
983 654.65140030798375 7 6
340.91872555584422 583.38056713597223 20 19
585.94827676722082 603.43244560921482 17 16
684.49066604694895 673.03352759911161 12 11
176.8925429133661 986 4 3
647.24929200698682 9 9 8
203.43924703040733 690.06505393883936 16 15
823.16624790355399 979 11 10
984 337.45569715938086 6 5
1 654.17994730573093 1 0
125.33078822169398 416.93439790423946 13 12
41.286446891263523 8 8 7
468.01098599404219 699.83063750331519 17 16
10 159.28964600958975 10 9
415.68709803742479 354.59956860564336 21 20
449.07845689600248 376.62267359966467 19 18
126.77325186313909 391.97604662369395 12 11
987 806.45726227305624 3 2
695.07466464045729 485.26465993821978 14 13
5 243.03862967885829 5 4
231.19787609962603 324.97095774534989 7 6
756.83375209644601 979 11 10
501.2725060894478 262.09917107465958 9 8
559.05695380768645 980 10 9
336.19453360541121 8 8 7
341.36360119464183 984 6 5
57.604568792815584 4 4 3
2 988 2 1
850.99668270460154 785.76584988645595 11 10
748.82516268199879 718.66389982764042 22 21
941.33718927697396 791.88284914936958 9 8
481.39056556428352 406.48783111488962 25 24
721.66659462658185 201.637266719341 23 22
393.40144418497459 844.85006694455581 16 15
913.99230132515163 612.06599526662319 7 6
143.29055020841994 5 5 4
435.96083102853572 688.48217652012352 17 16
980 162.62111798754756 10 9
392.70295242479989 3 3 2
949.6761924206188 982 8 7
409.85024016628483 161.35661040820824 11 10
740.58567528717413 984 6 5
1 982 1 0
499.98031710159177 788.47511279235891 9 8
730.78771631604138 986 4 3
388.63236917571214 361.8135582243782 7 6
585.51111409648706 10 10 9
257.65220108839276 185.77905416372818 11 10
982 42 8 7
985 564.50625086325147 5 4
988 988 2 1
551.00275754663471 601.4803476599194 18 17
48.528221176711 605.63722257649999 9 8
595.37400311384158 371.94502834972218 16 15
846.47122419901768 384.80504919552101 13 12
232.46199367478175 6 6 5
345.9924925765439 3 3 2
199.18461195469922 845.57926104204887 11 10
288.66329472114319 534.2667920892643 7 6
8 830.57251632317821 8 7
598.89172663305771 4 4 3
671.16890302353693 656.79990108042966 9 8
199.03369397058455 649.63817925261674 24 23
534.42284510188756 351.80016054109524 23 22
985 747.22417190840065 5 4
766.71587846004002 10 10 9
196.3832603400742 139.27253912621094 11 10
839.41432471282587 984 6 5
147.76268616341952 1 1 0
692.64055745924645 186.31233186915796 7 6
182.44366591597691 564.64307194774346 13 12
469.79541091147343 643.85907483338383 39 38
227.55705164893874 606.15924105545423 28 27
386.76260378770189 593.74101252517278 27 26
951.37258300203052 8 8 7
675.01985016376432 780.18793986807418 9 8
51.947714543323201 2 2 1
3 665.68718672238617 3 2
4 324.30050304441448 4 3
660.66569987198557 5 5 4
480.22502502741747 6 6 5
741.80526111178142 179.40139227739698 7 6
859.25016429708387 556.27437822367506 9 8
982 949.6761924206188 8 7
644.63565030478173 571.91302855522235 8 7
773.20876580313291 249.16892185128765 7 6
984 146.49742261192856 6 5
985 619.44810078304772 5 4
320.56380187713228 4 4 3
987 176.33937203791763 3 2
2 822.57251632317821 2 1
734.78771631604138 989 1 0
568.61326786900293 359.28447687633388 12 11
423.72790387089589 663.29576166695563 11 10
795.57936798140145 53.965221459237533 8 7
647.53856891250427 405.09966256352237 7 6
750.64609004450665 6 6 5
5 846.50280907742604 5 4
257.7379097446659 794.38803461789826 11 10
986 53.313708498984759 4 3
145.25600646048301 792.30156097319593 10 9
3 31.488487920130812 3 2
416.99897428526396 639.21835510745245 14 13
736.22065401294867 691.44026375139515 8 7
328.19453360541121 2 2 1
709.1449765874363 302.81491083956837 7 6
508.18109188714578 591.36575670689774 26 25
522.9354656925849 188.35304777190507 11 10
6 468.37135700346386 6 5
200.06948646710191 579.41908121613324 10 9
389.23885080966215 1 1 0
258.39674206400059 575.20976963815167 9 8
5 557.76610080105866 5 4
133.60880491433005 606.61715443053447 8 7
4 57.604568792815584 4 3
935.86828478982716 382.75660394561538 7 6
262.38092492169795 470.98420580845095 10 9
742.16080867026812 3 3 2
543.56502042285683 984 6 5
477.86406711317062 440.3044514172542 9 8
501.90542502117654 369.4528484750777 14 13
141.29749474053278 195.49737031876771 11 10
393.12797454957996 868.84850885978267 8 7
5 938.72347236135704 5 4
314.90694762763991 2 2 1
426.36271897082696 611.77167433429531 15 14
811.80558688982023 677.76590011481119 10 9
418.87648734643864 326.781808166752 7 6
4 742.33279118832502 4 3
368.67017611822115 41.723158502289792 9 8
984 242.46096046307753 6 5
378.48260303909296 826.05038133910091 8 7
1 434.66272915637865 1 0
131.11744421846396 3 3 2
985 424.71579439055938 5 4
185.71800274611832 249.1526570636602 7 6
720.18233947568046 254.77215906773785 9 8
381.29926980602716 68.740138671734655 10 9
936.03477854076243 194.42063201859864 8 7
641.0102051443364 984 6 5
816.23070632949714 4 4 3
2 786.97659838091283 2 1
523.22861987378417 386.01549806014498 13 12
192.49680564895075 50.99608591819036 9 8
184.69098995465399 327.42490540005201 7 6
847.72811275764275 5 5 4
470.60637596605608 553.98741105798752 27 26
393.64269287713643 928.00317565011335 10 9
3 210.54709858374886 3 2
590.0408205773457 934 8 7
748.19641628439331 746.65683961551372 6 5
989 172.87527042277986 1 0
201.59787852044266 37.83666068044559 7 6
242.25995264591447 4 4 3
436.97999319156287 266.93699192207771 10 9
653.39402823069088 355.64915156573022 8 7
147.78639526647814 985 5 4
841.40355743730595 2 2 1
476.81587228396381 372.79699881007713 9 8
785.99036604998537 251.54183043141904 6 5
987 529.3439211507357 3 2
188.58072132432147 483.30359572710643 11 10
421.09763535655321 175.40994102532275 7 6
801.76283085291368 250.92813599664717 8 7
986 508.13243525616707 4 3
544.86782292441865 382.04751477724017 9 8
571.36897847275611 5 5 4
682.51174282159764 467.26613243093772 6 5
228.84485204507493 641.13554117624619 7 6
608.05687802296939 1 1 0
53.996015540938402 193.43683920220892 8 7
988 570.83080618358827 2 1
720.78305831449575 235.78165784010585 10 9
31.488487920130812 3 3 2
4 174.75052476466183 4 3
938.72347236135704 5 5 4
427.75422013280439 572.86788651549409 19 18
70.867477307689057 382.37040428265385 6 5
605.97735025008649 824.04140454285994 6 5
249.36976906752858 985 5 4
533.23265646187656 986 4 3
3 925.46737587922814 3 2
961.33809621030935 988 2 1
1 984 1 0
614.752388948732 49.894651338575407 8 7
447.18894695784093 803.39700921966232 6 5
937.02708177994532 985 5 4
986 212.13594585700466 4 3
987 397.15694162771769 3 2
735.14733928939802 791.88925769780371 8 7
988 555.54676707326666 2 1
472.5771320685742 517.03993319569781 10 9
370.07193850678431 126.59619385895822 6 5
5 375.77552119882995 5 4
745.48465477274044 989 1 0
849.21228368395862 986 4 3
573.74941495280814 379.77938772785194 7 6
815.58130222340287 729.94679379566014 6 5
668.41166656440043 3 3 2
5 145.14751038585879 5 4
2 169.09367051516946 2 1
449.11790438409611 597.23889976067233 12 11
218.66550783257205 986 4 3
569.29844955860904 825.1502412486542 6 5
795.44817450704363 310.09698331109689 8 7
659.30103601010842 641.96232268799724 10 9
989 393.69284001257995 1 0
607.01138332582298 987 3 2
473.21209213553567 589.8929850437089 9 8
644.39332584087526 633.79163253904744 7 6
985 937.02708177994532 5 4
529.87125826487488 621.34135816052049 11 10
