550 250 50 0
450 250 50 0
48 252 48 1
554 46 46 2
44 44 44 3
358.34848610088318 258 42 4
135.63560920082659 260 40 5
38 125.78019320104349 38 6
280.57959771998884 264 36 7
210.60817498184525 266 34 8
568 122.73330437300351 32 9
103.90372372917082 197.60538929992657 30 10
500 190.13348181161695 28 11
111.64613810115105 26 26 12
576 180.71796769724489 24 13
22 183.60752238024733 22 14
96.033918602017238 58.438535760895036 10 20
592 292 8 21
6 6 6 22
102.06596519020994 231.55568596361533 4 23
458.08336953374561 50 50 0
182.30022503177383 48 48 1
362.16673906749122 46 46 2
307.47914782870367 188.65801831681927 44 3
272.10000231434844 42 42 4
92.948286442693473 46.842033090807519 2 24
182.600792106038 183.22584031928426 50 0
235.2692414393012 96.767646045499248 24 13
247.55558462788159 216.31966276029155 22 14
60.365762775632938 191.2456757837208 14 18
501.01020514433645 288 12 19
399.33628916472156 290 10 20
8 292 8 21
432.18277449046678 151.60006872389374 50 0
114.21846394975969 134.44206026969127 34 8
288.49998497188989 114.15982655766531 32 9
89.840551623969333 85.744985648700407 18 16
405.69840101816004 90.147416773948322 16 17
594 6 6 22
580.68629150101526 296 4 23
122.53330756345443 64.489862835545281 14 18
312.80604342825518 77.482646699942421 12 19
502.80472908374139 10 10 20
575.02943725152284 298 2 24
395.74193442251175 209.0114367196289 18 16
377.88626223876844 105.9741326845806 16 17
140.49054830486295 8 8 21
594 150.44611729410553 6 22
511.07693139405234 98.740972511408131 22 14
342.00081446789852 108.84373863038022 20 15
76.048075786384388 163.54569350434528 14 18
478.51828233534587 108.53558181816419 12 19
596 161.12204975497946 4 23
196.32418106597251 112.49285741189377 18 16
365.99428314618638 135.6823947216233 16 17
231.11219925051006 10 10 20
592 90.733304373003506 8 21
598 166.86156123669386 2 24
6 155.97953094212647 6 22
91.817804600413297 290 10 20
17.467001677156802 4 4 23
246.63847222303457 292 8 21
2 149.05132771185097 2 24
319.27151788843679 10 10 20
518.29666246857107 6 6 22
363.85880681592079 202.27176330066214 14 18
338.43751903436294 140.64472801205426 12 19
592 210 8 21
19.313708498984759 296 4 23
317.73456186792043 283.58337660276999 6 22
25.238336960706281 2 2 24
82.801727897439136 8 8 21
4 279.71281292110206 4 23
10 85.952353926806069 10 20
415.35898384862247 294 6 22
126.068343203007 2 2 24
366.73010130693103 170.40084131924004 18 16
162.22109937711525 120.4510991866066 16 17
539.97827473001132 188.81532036029878 12 19
8 212.80816411546914 8 21
384.27144889451461 296 4 23
309.97347463338696 294 6 22
171.41269684082323 292 8 21
408.43078061834694 298 2 24
501.54308621810537 142.15829150533995 20 15
532.52197769060308 160.49700146910806 16 17
143.88460531832186 96.70719500823202 14 18
405.06196024654565 10 10 20
4 70.532998322843198 4 23
218.50889859714027 121.64918353443318 6 22
48.963003484847434 170.45471115693445 8 21
303.04527140311143 298 2 24
490.15561844306785 4 4 23
242.36149411487341 142.21761801453172 22 14
326.59947036810809 294 6 22
153.52415302082491 298 2 24
423.44235338236808 6 6 22
596 18.870680067498927 4 23
251.80922581542788 182.58679249036626 12 19
120.59609953932345 90.906721011948832 10 20
529.01666584981444 136.7543649495716 8 21
