900 900 100 0
700 900 100 0
50 950 50 1
900 100 100 0
800 975 25 2
100 100 100 0
150 950 50 1
990 10 10 3
5 995 5 4
500 900 100 0
10 10 10 3
300 900 100 0
5 981.62277660168377 5 4
700 100 100 0
400 975 25 2
990 990 10 3
100 808.57864376269049 100 0
15 995 5 4
900 300 100 0
800 788.19660112501049 50 1
800 25 25 2
300 100 100 0
892.49505911485289 750.18786476953733 50 1
963.24555320336754 10 10 3
100 608.57864376269049 100 0
200 25 25 2
200 273.2050807568877 100 0
53.17541634481455 242.5042398159386 50 1
100 927.08712152522082 5 4
400 273.2050807568877 100 0
436.75444679663241 990 10 3
300 446.41016151377539 100 0
153.17541634481455 415.7093205728263 50 1
975 200 25 2
500 446.41016151377539 100 0
74.011355537803141 354.6106178325569 50 1
450.89658242036336 995 5 4
600 273.20508075688764 100 0
600 975 25 2
236.75444679663241 990 10 3
700 446.41016151377539 100 0
60.680357229961658 453.71805692829946 50 1
600 619.61524227066309 100 0
746.82458365518539 303.90592169783679 50 1
128.17541634481452 486.41999869148106 25 2
800 619.61524227066309 100 0
231.6227766016838 10 10 3
422.61231117290146 995 5 4
400 619.61524227066309 100 0
500 731.4186411456526 50 1
718.80353578284212 234.3371005483028 25 2
500 100 100 0
846.82458365518551 477.11100245472448 50 1
163.24555320336759 10 10 3
255.27864045000422 5 5 4
600 788.19660112501049 50 1
25 708.57864376269049 25 2
950 441.42135623730951 50 1
600 25 25 2
10 905.27864045000422 10 3
149.10341757963664 5 5 4
400 25 25 2
950 541.42135623730951 50 1
94.721359549995796 990 10 3
177.63932022500211 5 5 4
975 800 25 2
818.80353578284212 407.54218130519052 25 2
631.62277660168377 990 10 3
950 641.42135623730951 50 1
118.3772233983162 995 5 4
700 731.4186411456526 50 1
975 712.13203435596427 25 2
431.62277660168377 10 10 3
944.72135954999578 5 5 4
178.17541634481452 486.41999869148106 25 2
990 496.69999668731373 10 3
211.80339887498948 708.57864376269049 50 1
825 200 25 2
655.27864045000422 995 5 4
990 596.69999668731373 10 3
400 788.19660112501049 50 1
768.75717770468691 232.18450705576652 25 2
995 673.04413283899328 5 4
307.50494088514711 750.18786476953733 50 1
990 236.75444679663241 10 3
10 871.82419696605803 10 3
995 689.77135458096632 5 4
368.37722339831623 10 10 3
255.27864045000422 995 5 4
631.62277660168377 10 10 3
5 857.68206134232707 5 4
249.8121352304627 616.0835846478376 50 1
211.31775516646888 551.71602524491482 25 2
768.37722339831623 10 10 3
645.76491222541472 5 5 4
222.32087015164731 782.83753412569467 25 2
368.37722339831623 990 10 3
995 582.55786106358278 5 4
568.37722339831623 10 10 3
344.72135954999578 995 5 4
10 30 10 3
455.27864045000422 5 5 4
963.24555320336754 990 10 3
5 44.142135623730951 5 4
