936 936 64 0
808 936 64 0
32 968 32 1
968 32 32 12
64 64 64 0
680 936 64 0
96 968 32 1
968 845.49033200812187 32 12
744 984 16 2
872 984 16 11
877.49033200812187 64 64 0
8 8 8 3
992 992 8 10
186.50966799187808 936 64 0
968 96 32 1
589.49033200812187 968 32 12
314.50966799187808 936 64 0
250.50966799187808 984 16 2
378.50966799187808 984 16 11
996 4 4 4
4 996 4 9
192 64 64 0
525.49033200812187 968 32 1
461.49033200812187 968 32 12
749.49033200812187 64 64 0
984 2 2 5
2 990.34314575050757 2 8
936 754.98066401624374 64 0
904 845.49033200812187 32 1
493.49033200812187 912.57437415779589 32 12
410.50966799187808 984 16 2
128 16 16 11
936 8 8 3
992 813.49033200812187 8 10
999 999 1 6
1 1 1 7
64 877.49033200812187 64 0
557.49033200812187 912.57437415779589 32 1
429.49033200812187 912.57437415779589 32 12
320 64 64 0
936 626.98066401624374 64 0
32 786.98066401624374 32 1
410.50966799187808 32 32 12
813.49033200812187 16 16 2
984 690.98066401624374 16 11
64 696.4709960243656 64 0
4 32 4 4
4 19.313708498984759 4 9
461.49033200812187 822.06470616591776 64 0
95.999999999999986 786.98066401624374 32 1
410.50966799187808 96.000000000000014 32 12
557.49033200812187 992 8 3
634.74516600406093 992 8 10
64 568.4709960243656 64 0
256 16 16 2
394.50966799187808 956.287187078898 16 11
621.49033200812187 64 64 0
530.98066401624374 32 32 1
465.93529383408213 64 32 12
998 16 2 5
2 24.970562748477139 2 8
64 440.4709960243656 64 0
936 498.98066401624374 64 0
530.98066401624374 95.999999999999986 32 1
465.93529383408213 128 32 12
16 632.4709960243656 16 2
685.49033200812187 16 16 11
1 27.798989873223331 1 6
999 20.686291501015241 1 7
936 370.98066401624374 64 0
992 877.49033200812187 8 3
128 992 8 10
112 4 4 4
282.50966799187808 996 4 9
250.50966799187808 825.14874831559189 64 0
156.54193445255939 844.79728651779931 32 1
165.07377336957796 781.36852549652406 32 12
218.07578579139937 701.32611999021083 64 0
344.47740153119673 844.79728651779931 32 1
135.55417527999327 632.4709960243656 32 12
16 504.4709960243656 16 2
984 434.98066401624374 16 11
64 192 64 0
353.56341650622238 749.22823121288582 64 0
32 282.50966799187808 32 1
32 346.50966799187808 32 12
744 825.14874831559189 64 0
984 562.98066401624374 16 2
400.75075780631437 874.12912900707795 16 11
8 936 8 3
493.49033200812187 992 8 10
112 998 2 5
291.88225099390854 998 2 8
926.14151454312764 182.39367566701168 64 0
835.63184655124951 150.39367566701171 32 1
837.96773353931871 844.79728651779931 32 12
813.88662064812797 243.8984624451345 64 0
646.05887450304567 996 4 4
996 594.98066401624374 4 9
616 825.14874831559189 64 0
772.0281351912555 157.50478677812288 32 1
904.39628864000611 275.8984624451345 32 12
286.50966799187808 999 1 6
640.40202025355336 999 1 7
690.8203528564602 208.70338137079227 64 0
949.31028207388272 258.96526446537626 16 2
867.55995273334167 882.59015043644001 16 11
992 64 8 3
64 992 8 10
721.87365245366084 332.87943616448632 64 0
817.62201303604263 339.82576222839907 32 1
829.43589462230011 781.36852549652406 32 12
800.07999196120579 434.20943399746079 64 0
673.22246991865529 451.27311183149806 64 0
864.44582472000673 690.98066401624374 32 1
782.93254698425926 737.39764128372337 32 12
16 128 16 2
606.43078061834694 904.574374157796 16 11
751.42880942620025 552.60310966447253 64 0
841.93847741807826 520.60310966447241 32 1
841.93847741807838 584.60310966447241 32 12
120 998 2 5
541.49033200812187 998 2 8
624.57128738364975 569.66678749850985 64 0
8 378.50966799187808 8 3
8 754.98066401624374 8 10
144 4 4 4
996 546.98066401624374 4 9
546.36494787610479 468.33678966553538 64 0
801.71195831057707 634.38088744225024 32 1
739.13737303224161 647.81298620768246 32 12
522.22990620992937 874.12912900707795 16 2
865.95104348928817 304.638036646942 16 11
497.71376534109925 586.73046533254717 64 0
575.9201048486442 688.06046316552158 64 0
666.42977284052222 656.06046316552147 32 1
666.42977284052233 720.06046316552147 32 12
419.50742583355429 485.4004674995727 64 0
702.20686048051891 688.06046316552136 16 2
949.97257608294251 290.95841008511115 16 11
107.31370849898477 999 1 6
536.80404050710661 999 1 7
468.15860836855978 367.00679183256091 64 0
480.17174426626241 681.11413710160889 32 1
424.7461184240583 649.114137101609 32 12
8 314.50966799187808 8 3
8 832.2354980121828 8 10
341.30108632600928 384.07046966659823 64 0
224 4 4 4
904 996 4 9
292.64990379100379 502.46414533361002 64 0
365.61755070804497 564.84781710267157 32 1
310.19192486584097 596.84781710267168 32 12
702.96913449037061 616.25576008151108 16 2
434.57038752516212 696.09800387126836 16 11
214.44356428345878 401.13414750063555 64 0
998 9.6568542494923797 2 5
2 986.34314575050757 2 8
263.09474681846427 282.74047183362376 64 0
196.901543208622 495.51781926969727 32 1
213.81291732548411 557.24306066638621 32 12
136.23722477591377 299.80414966766114 64 0
190.12709990142304 220.35680006456221 32 1
245.55272574362704 188.35680006456209 32 12
413.61637852091383 565.18326991688707 16 2
170.85177134440789 535.83418549760029 16 11
8 394.50966799187808 8 3
692.86453231378869 594.48658428514671 8 10
389.95226886101477 265.67679399958644 64 0
595.01613041111023 349.94311399852359 64 0
308.77480539686979 198.30509862858938 32 1
410.50966799187808 160.00000000000003 32 12
516.80979090356527 248.61311616554912 64 0
984 306.98066401624374 16 2
151.30018646752166 510.50168603935668 16 11
274.50966799187808 996 4 4
4 728.4709960243656 4 9
289.05382386916233 999 1 6
1 979.31370849898474 1 7
8 237.25483399593904 8 3
378.50966799187808 8 8 10
984 274.98066401624374 16 2
485.72583002030467 16 16 11
2 370.50966799187808 2 5
2 762.98066401624374 2 8
571.20718312374515 145.77777777777774 32 1
984 242.98066401624374 16 2
849.6518415843251 631.97930635900309 16 11
562.98066401624374 8 8 3
442.50966799187808 8 8 10
4 843.54920651116754 4 4
996 578.98066401624374 4 9
981.17157287525379 1 1 6
1 13.65685424949238 1 7
139.13739083377027 540.10010495610959 16 2
875.2604257981925 807.04508685740393 16 11
458.50966799187808 8 8 3
992 220.3532470182742 8 10
2 944 2 5
2 322.50966799187808 2 8
124.73957420180749 748.5354188655258 16 2
888 562.98066401624374 16 11
888 996 4 4
996 322.98066401624374 4 9
679.40623053741558 523.0070724401935 8 3
813.49033200812187 96.984845004941292 8 10
1 837.89235226167523 1 6
999 570.98066401624374 1 7
142.28535689705427 584.94530619204295 16 2
266.0801009377688 577.92304524833332 16 11
546.98066401624374 2 2 5
909.65685424949243 998 2 8
4 112 4 4
4 472.4709960243656 4 9
450.22248091298013 27.215390309173465 8 3
208.25980366469847 329.40018689194011 8 10
611.58026038668743 498.84847618311488 8 3
67.417253514410575 263.91885968519142 8 10
996 402.98066401624374 4 4
234.50966799187808 996 4 9
651.7157287525381 998 2 5
474.41212152131993 2 2 8
152.01587125334669 478.50969023904224 16 2
523.26729984999713 143.37619669453068 16 11
1 116 1 6
278.50966799187808 999 1 7
396.13602947977512 337.41075460828188 8 3
250.50966799187808 903.01515499505877 8 10
4 924.68629150101526 4 4
4 616.4709960243656 4 9
454.12197240204836 721.43050332951202 16 2
374.73258035188144 128.00000000000003 16 11
601.19989102987063 421.67707460721903 8 3
279.65887679404142 431.64583401821511 8 10
116 998 2 5
952 2 2 8
140 1 1 6
1 928.68629150101526 1 7
485.25123366302978 728.84461779757635 16 2
735.63633084158926 745.58714301373379 16 11
175.52470608621201 461.70908024201458 8 3
747.43428628582853 897.06679666026662 8 10
4 224 4 4
996 586.98066401624374 4 9
123.95214777959676 493.88588693357298 16 2
282.72503353265557 157.98873240068644 16 11
140.28541141979858 720.56531080009779 16 2
619.17299406898087 143.96643011211529 16 11
2 722.81414177487318 2 5
470.41212152131993 2 2 8
853.62188675498385 482.34741797988374 8 3
430.18488225645291 719.69392181353385 8 10
999 550.98066401624374 1 6
242.50966799187808 999 1 7
170.66130548082199 599.7373831919565 16 2
714.36965611427036 717.6588820822742 16 11
996 258.98066401624374 4 4
4 480.4709960243656 4 9
609.65242827446309 174.5173519795853 16 2
183.43408508644362 629.07773256182963 16 11
351.68145568282614 461.24187124249408 8 3
395.44004575532443 850.72407960504779 8 10
944 2 2 5
426.50966799187808 2 2 8
857.71464310294573 738.50635384856639 16 2
137.34164534232087 379.79652589947773 16 11
829.49033200812187 4 4 4
160 4 4 9
412.30836475731121 687.13126855211851 8 3
465.54198704664992 742.53934663077052 8 10
956.68629150101526 1 1 6
912.48528137423864 999 1 7
680 777.14874831559189 16 2
263.98776446790839 609.85456773156125 16 11
456.11102473297842 174.98386676965936 16 2
419.07953964670395 601.44979104546303 16 11
804.6255067579151 110.304562467534 8 3
418.00160137670775 961.19932162944986 8 10
4 405.82337649086281 4 4
266.50966799187808 996 4 9
998 228.3532470182742 2 5
56 998 2 8
436.55943985609224 200.31636622790302 16 2
705.12377059725975 755.22994692837187 16 11
148.14825855388111 743.24075202945539 8 3
608.08114031480864 932.5827464855895 8 10
544.15223689149752 1 1 6
999 262.98066401624374 1 7
4 520.4709960243656 4 4
346.50966799187808 996 4 9
80 998 2 5
2 386.50966799187808 2 8
851.98826970031655 373.33636357909484 16 2
659.7809821074253 282.43639611658955 16 11
374.3263771010869 818.16950671121197 8 3
478.52949573870103 751.88411083185645 8 10
4 648.4709960243656 4 4
367.19595949289334 4 4 9
114.59080830668668 932.58274648558938 8 3
529.80081790052759 319.43142748094408 8 10
999 254.98066401624374 1 6
914.48528137423864 999 1 7
2 849.20606076065997 2 5
48 998 2 8
128.67276946955212 518.50168603935674 8 3
400.14390973953653 585.04510731766186 8 10
996 338.98066401624374 4 4
574.29437251522847 4 4 9
199.95136900252666 173.37293329490285 16 2
650.6986931563705 138.47732298514418 16 11
1 476.4709960243656 1 6
999 252.98066401624374 1 7
56 314.50966799187808 8 3
667.038709299895 379.53915122280262 8 10
255.37699484473066 141.37293329490274 16 2
487.82540524361605 170.71794731115006 16 11
998 829.49033200812187 2 5
2 854.86291501015239 2 8
996 904 4 4
712 996 4 9
745.24504880743996 480.86914905577709 8 3
398.40377328456094 679.21531403128404 8 10
223.66261433409304 145.63885275341207 16 2
355.79328160694138 611.83168387233093 16 11
996 290.98066401624374 4 4
4 488.4709960243656 4 9
2 417.84357902639607 2 5
76 998 2 8
999 318.98066401624374 1 6
258.50966799187808 999 1 7
381.90920919227187 859.26319325366262 8 3
569.73634422988391 616.3265025568262 8 10
362.56978471812999 157.59841891675293 16 2
142.12827208855416 220.02134725034671 16 11
877.7388810733803 541.28482482127902 8 3
411.61953483969961 703.11643396710883 8 10
313.85429479363694 150.57461793262183 16 2
583.04508685740393 192.29512975736304 16 11
4 528.4709960243656 4 4
856 996 4 9
988 2 2 5
340.85281374238571 998 2 8
294.71067811865476 999 1 6
568.63751826573616 1 1 7
633.36680963545837 264.37285569337291 16 2
387.507662117579 607.56576441382163 16 11
822.67330238307989 741.94432802585845 8 3
506.98066401624374 63.999999999999993 8 10
4 656.4709960243656 4 4
924.68629150101526 4 4 9
865.93847741807826 552.60310966447241 8 3
728.05741307242113 404.61339677318176 8 10
573.49033200812187 998 2 5
554.98066401624374 2 2 8
1 983.51471862576136 1 6
999 294.98066401624374 1 7
593.91170984470318 269.95073776670699 16 2
379.32955291745981 664.64911626428716 16 11
869.94971374720251 783.64003745537377 8 3
193.4494492022902 607.2673570119448 8 10
996 658.98066401624374 4 4
996 209.03953851928944 4 9
112 128 16 2
214.01195645357024 619.64408095412978 16 11
157.37930256303056 555.69602289837496 8 3
460.49653000168769 198.57978471192479 8 10
550.98066401624374 2 2 5
998 649.60808101421321 2 8
916.68629150101526 4 4 4
669.49033200812187 4 4 9
270.50966799187808 999 1 6
992 1 1 7
434.41272578566844 735.12523216270608 8 3
361.15639493520234 881.15400775375701 8 10
685.49033200812187 112 16 2
537.77574342792047 846.15902094164994 16 11
386.50966799187808 2 2 5
998 825.49033200812187 2 8
655.08990498599871 305.97346890487034 8 3
352.10516335391191 136 8 10
980.68629150101526 996 4 4
776 996 4 9
616.14520407885163 237.40219937854343 16 2
168.23698849188904 177.63885275341218 16 11
1 524.4709960243656 1 6
578.17662350913713 999 1 7
533.48872996449427 822.54500994045827 8 3
163.10792062518587 451.61832017079843 8 10
661.49033200812187 4 4 4
797.49033200812187 4 4 9
72 998 2 5
702.62741699796948 998 2 8
540.18118725734439 396.60282905683994 8 3
821.27597195733551 726.00546145130897 8 10
999 316.98066401624374 1 6
43.313708498984759 999 1 7
996 674.98066401624374 4 4
508.3532470182742 4 4 9
744.95026446869463 264.67775013028626 8 3
237.13508311547037 125.77701535263735 8 10
785.37258300203052 998 2 5
2 37.656854249492383 2 8
4 160 4 4
701.49033200812187 4 4 9
180.39978412564042 148.04043383665925 16 2
336.2416967300552 637.16418333057459 16 11
837.33363996384719 652.57692536793843 8 3
489.93529383408213 96 8 10
864 999 1 6
477.72583002030467 1 1 7
148.6854036150028 152.30635329516855 16 2
305.11243546907383 644.57829779863926 16 11
998 397.32380976675137 2 5
998 861.49033200812187 2 8
461.97484774979944 295.27283122386547 8 3
979.68340933690558 134.25569168458867 8 10
589.49033200812187 4 4 4
896 996 4 9
164.74235361399258 576.47870720216383 8 3
678.1131821774278 617.8047714809328 8 10
999 552.98066401624374 1 6
1 496.4709960243656 1 7
545.49033200812187 998 2 5
434.50966799187808 2 2 8
840 996 4 4
996 888.80404050710661 4 9
247.18366897844845 592.71915484534486 8 3
122.26111892661964 149.69583919496472 8 10
372.11715396929566 892.80998310533278 8 3
864.30346462804346 761.58420970456848 8 10
968 996 4 4
96 4 4 9
2 366.50966799187808 2 5
430.50966799187808 2 2 8
1 652.4709960243656 1 6
677.49033200812187 1 1 7
205.79815341670167 597.09339494080575 8 3
256 96.984845004941292 8 10
996 418.98066401624374 4 4
354.50966799187808 996 4 9
998 909.65685424949243 2 5
998 48 2 8
409.12705647673744 408.22906592367684 8 3
676.56571371417147 864.08195165532527 8 10
138 1 1 6
1 719.98571465012697 1 7
352 4 4 4
996 466.98066401624374 4 9
286.67994856036051 629.20808549170897 8 3
988.99247904416973 147.26880895852796 8 10
394.50966799187808 2 2 5
2 306.50966799187808 2 8
327.09787757547429 667.82997161765957 16 2
888 434.98066401624374 16 11
839.82609928294744 722.50635384856639 8 3
221.7974367586103 596.94195998669954 8 10
999 590.98066401624374 1 6
1 861.49033200812187 1 7
996 706.98066401624374 4 4
218.50966799187808 996 4 9
250.99148957602137 117.77701535263732 8 3
294.14504817725697 136.87988909942786 8 10
2 330.50966799187808 2 5
2 298.50966799187808 2 8
996 980.68629150101526 4 4
4 664.4709960243656 4 9
823.94843721434393 112.13798398242302 8 3
868.17975334056371 651.15532312559242 8 10
999 858.66190488337566 1 6
999 702.98066401624374 1 7
374.88798633860802 178.19603792568822 8 3
862.93095646224788 469.33430070594443 8 10
837.49033200812187 4 4 4
240 4 4 9
2 362.50966799187808 2 5
998 476.3532470182742 2 8
82.828427124746185 999 1 6
999 213.03953851928944 1 7
856.3737749690257 349.74044563682941 8 3
281.11527333962363 644.20923177083432 8 10
4 104 4 4
996 458.98066401624374 4 9
509.49033200812187 998 2 5
169.37258300203047 2 2 8
374.03519333620164 627.4276018145963 8 3
273.47511617528113 359.91187340951961 8 10
777.93343715140873 676.07719341152028 16 2
295.96861631449292 675.24408608572423 16 11
653.49033200812187 4 4 4
226.50966799187808 996 4 9
999 646.779653889467 1 6
1 660.4709960243656 1 7
382.37437481698765 831.99809061430403 8 3
96.984845004941292 504.4709960243656 8 10
90.343145750507617 2 2 5
218.34314575050763 2 2 8
560.41766985943445 184.29512975736301 8 3
447.40023447771949 744.46999636379212 8 10
4 144 4 4
996 972.68629150101526 4 9
809.42532247682391 681.75708413678092 16 2
538.09040760679295 798.99029570155551 16 11
999 266.98066401624374 1 6
900 999 1 7
332.28678170235031 165.94483023955212 8 3
888.57846048725764 312.638036646942 8 10
2 466.81414177487324 2 5
2 302.50966799187808 2 8
996 666.98066401624374 4 4
4 259.88225099390854 4 9
155.60074086993146 200.15950984957198 8 3
494.50444350823159 750.98910035104007 8 10
583.83347775862944 2 2 5
998 348.3532470182742 2 8
999 286.98066401624374 1 6
215.51471862576145 1 1 7
996 530.98066401624374 4 4
394.50966799187808 996 4 9
857.15938046428982 333.75974402501618 8 3
172.85713110370318 559.75025817343487 8 10
392.75075780631437 896.75654600504743 8 3
142.47440321251034 403.24124378317185 8 10
996 450.98066401624374 4 4
996 410.98066401624374 4 9
998 821.49033200812187 2 5
998 958.62741699796948 2 8
1 40.485281374238575 1 6
999 250.98066401624374 1 7
556.74531723292159 545.50819124143118 8 3
144.29989834629359 175.90227123743398 8 10
996 722.98066401624374 4 4
152 4 4 9
793.03795682870623 121.33763487000159 8 3
826.9788875772382 665.39027772057625 8 10
998 72 2 5
975.02943725152284 998 2 8
880 999 1 6
999 282.98066401624374 1 7
499.50436575258828 149.75126227440981 8 3
376.75239423546037 874.4093894593509 8 10
709.49033200812187 4 4 4
612.11774900609134 996 4 9
514.01010126776657 2 2 5
998 52 2 8
878.52183071038235 325.08248109138646 8 3
140.12291232925881 196.10527457451218 8 10
996 538.98066401624374 4 4
781.49033200812187 4 4 9
1 484.4709960243656 1 6
705.49033200812187 1 1 7
128 96.984845004941292 8 3
877.7388810733803 456.67650321120846 8 10
390.50966799187808 2 2 5
450.50966799187808 2 2 8
362.50966799187808 996 4 4
996 330.98066401624374 4 9
829.44018069736205 710.33537627346618 8 3
359.2041939095995 181.36126383291429 8 10
673.49033200812187 1 1 6
260.50966799187808 999 1 7
658.30416080503528 766.88762938897219 8 3
588.77895197451369 246.50601988301284 8 10
104 4 4 4
4 916.68629150101526 4 9
9.6568542494923797 998 2 5
998 898.34314575050757 2 8
745.36946758765407 723.64936625576672 8 3
234.33650663161222 606.88035657367357 8 10
999 670.98066401624374 1 6
999 883.14718625761429 1 7
232 4 4 4
623.4314575050762 996 4 9
348.81248395114949 657.60862777501893 8 3
478.53897772537664 444.17819340845676 8 10
2 766.98066401624374 2 5
501.49033200812187 998 2 8
4 600.4709960243656 4 4
996 714.98066401624374 4 9
322.12629871028662 241.51819774250782 8 3
389.03913150316907 811.88183163181952 8 10
657.49033200812187 1 1 6
100 1 1 7
505.49033200812187 998 2 5
772.11774900609134 2 2 8
278.33952826394631 134.39281445842101 8 3
139.86294104855381 881.15400775375701 8 10
728 996 4 4
996 802.17662350913713 4 9
135.99839795637237 696.95129979890612 8 3
350.41153279563991 673.52852233474937 8 10
164 1 1 6
999 326.98066401624374 1 7
2 218.34314575050763 2 5
2 413.84357902639607 2 8
4 820.92178951319806 4 4
139.31370849898477 996 4 9
732.71116653914873 150.14435363806544 8 3
131.82024665943635 672.29633691501692 8 10
237.84244309215106 622.49151955196135 8 3
738.74121290795927 135.32414646036392 8 10
4 736.4709960243656 4 4
4 152 4 9
2 900.11774900609134 2 5
998 865.49033200812187 2 8
1 981.51471862576136 1 6
370.50966799187808 999 1 7
385.48675783180227 641.45237451802461 8 3
66.621387483049872 326.4757086041655 8 10
4 251.88225099390854 4 4
4 96 4 9
911.02943725152284 2 2 5
2 86.627416997969519 2 8
999 534.98066401624374 1 6
108 1 1 7
615.29070456799047 280.85663454879938 8 3
384.86908219219231 190.70114590449279 8 10
720 996 4 4
789.49033200812187 4 4 9
507.46044043600853 710.36011223247567 8 3
144.71676378442396 419.08333389355585 8 10
522.91911647838344 770.81527262264672 16 2
751.54692283275347 694.18111183023291 16 11
617.77460325558377 998 2 5
2 742.12785027385803 2 8
1 208 1 6
999 986.34314575050757 1 7
282.47227280117716 760.63214662420887 8 3
636.47606979628483 288.17059720916171 8 10
32 4 4 4
848 996 4 9
2 245.25483399593904 2 5
998 869.49033200812187 2 8
768 996 4 4
24 4 4 9
999 45.171572875253808 1 6
172.20101012677665 1 1 7
389.49062649233667 912.42088588311515 8 3
724.8342774784885 696.06046316552124 8 10
4 812.92178951319806 4 4
717.49033200812187 4 4 9
998 521.60808101421321 2 5
2 591.09841302233508 2 8
267.43482507164282 755.16632868162026 8 3
506.36685356878354 740.25209762423981 8 10
696 999 1 6
732 999 1 7
337.85145692308714 150.94368396042674 8 3
136.86482525020671 110.304562467534 8 10
4 608.4709960243656 4 4
154.50966799187808 996 4 9
2 169.37258300203047 2 5
497.03953851928941 2 2 8
860.87256157000922 395.63141589960111 8 3
281.70909807099304 744.65035810316999 8 10
166 1 1 6
769.28932188134513 1 1 7
996 201.03953851928944 4 4
4 536.4709960243656 4 9
147.72724319139994 670.57370482077908 8 3
432.81367694117807 751.04512672243652 8 10
2 770.98066401624374 2 5
477.49033200812187 998 2 8
867.89131994056038 410.00976875852825 8 3
707.18617120308659 122.26111892661966 8 10
288 4 4 4
845.49033200812187 4 4 9
999 662.98066401624374 1 6
1 494.4709960243656 1 7
790.50422437250302 696.52163785596463 8 3
360.17878687565064 635.4276018145963 8 10
998 962.62741699796948 2 5
598.86291501015239 2 2 8
272 4 4 4
760 996 4 9
148.45237517941561 121.33763487000159 8 3
618.98506800704433 213.57080888471472 8 10
999 710.98066401624374 1 6
228 1 1 7
549.49033200812187 998 2 5
485.49033200812187 998 2 8
996 786.98066401624374 4 4
438.86291501015234 996 4 9
721.0974662713711 130.16528678434668 8 3
514.07559572403409 724.9285617215362 8 10
280 4 4 4
426.50966799187808 996 4 9
2 326.50966799187808 2 5
605.49033200812187 998 2 8
780 999 1 6
999 205.03953851928944 1 7
226.12343776573687 516.54353872214074 4 4
996 193.03953851928944 4 9
998 792.63751826573616 2 5
723.14718625761429 2 2 8
999 554.98066401624374 1 6
1 773.80909114098995 1 7
535.58550147047515 163.97381570346599 8 3
162.15787239638013 132.44451589439385 8 10
996 185.03953851928944 4 4
810.4808027792925 868.0452678794901 4 9
16 998 2 5
998 56 2 8
332.75072675295729 135.7785083356103 8 3
644.39286573675076 758.98346153124521 8 10
996 177.03953851928944 4 4
423.67243929039938 729.7730133705096 4 9
999 698.98066401624374 1 6
80 1 1 7
335.11732570724894 312.33650905790279 8 3
392.63044806088465 928.10978388513172 8 10
2 807.26493526370564 2 5
501.03953851928941 2 2 8
996 169.03953851928944 4 4
864.96533913509415 358.11809597450332 4 9
222.50966799187808 999 1 6
752 999 1 7
638.00434778059719 158.84527809803126 8 3
484.72273834413693 515.91215401715226 8 10
996 161.03953851928944 4 4
221.04394836896958 468.81305802617322 4 9
2 746.98066401624374 2 5
851.14718625761429 2 2 8
578.29437251522847 1 1 6
244 1 1 7
287.62771630567715 654.28832332781008 4 4
147.68452082988065 991.826588180268 4 9
18.34314575050762 2 2 5
830.62741699796948 998 2 8
545.63859056200295 868.83446217100754 8 3
619.68382577649334 197.58607436769395 8 10
126.76558363339829 597.56024328442311 4 4
228.23735953034461 524.25919389672686 4 9
1 640.4709960243656 1 6
999 454.98066401624374 1 7
998 155.38268426979707 2 5
2 670.12785027385803 2 8
586.53659140260015 230.66392977262885 8 3
276.88742981040809 659.64054212000656 8 10
218.12972962050549 165.03343659290002 4 4
596.08116787089682 932.60846312139074 4 9
1 424.4709960243656 1 6
665.49033200812187 1 1 7
444.5197692596447 998 2 5
998 600.63751826573616 2 8
429.97626966174477 126.28285685708572 4 4
156.13280476971318 662.00944568450905 4 9
999 644.779653889467 1 6
1 172.20101012677665 1 7
694.13512340601881 515.97752376853259 4 4
286.04951970549331 570.14305585914769 4 9
657.37258300203052 998 2 5
212.85281374238571 998 2 8
865.97262771546571 131.017478972481 4 4
875.25586171036286 468.41680196562186 4 9
361.53910524340097 2 2 5
998 728.63751826573616 2 8
514.17662350913713 999 1 6
1 717.98571465012697 1 7
763.42302030614371 988.76930625847501 4 4
541.33738149505916 880.03712259442659 4 9
948 2 2 5
647.83347775862944 2 2 8
1 255.88225099390854 1 6
1 140 1 7
399.9934273147407 550.54034669663406 4 4
367.19595949289334 12 4 9
144.97056274847714 998 2 5
41.372583002030481 2 2 8
579.07005023433442 221.26974204922286 4 4
525.49033200812187 929.0667966602665 4 9
999 197.03953851928944 1 6
999 462.98066401624374 1 7
293.65685424949237 2 2 5
2 952 2 8
834.08048695025684 745.66939718633864 4 4
147.42302030614371 11.230693741524936 4 9
999 394.49538264200515 1 6
999 832.31875913286808 1 7
407.30869257073294 617.61911877156547 4 4
907.89139377908691 437.0621186819285 4 9
565.49033200812187 998 2 5
160.16652224137044 998 2 8
999 189.03953851928944 1 6
447.34819638439092 999 1 7
733.58800074311898 419.96811720954162 4 4
316.99047077117052 868.0452678794901 4 9
342.62741699796953 2 2 5
2 803.26493526370564 2 8
643.80235584255274 684.06046316552147 4 4
500.78561014538161 518.7998848146508 4 9
1 335.19595949289334 1 6
892 999 1 7
2 904.11774900609134 2 5
2 542.12785027385803 2 8
10.928203230275509 108 4 4
284.0074003058279 347.44488377065829 4 9
697.49033200812187 1 1 6
999 731.46594539048237 1 7
998 966.62741699796948 2 5
481.49033200812187 998 2 8
461.49033200812187 929.0667966602665 4 4
104.48642950929748 513.83722418323532 4 9
605.49126072727893 204.97329964676976 8 3
153.22622867814852 439.03451453562366 8 10
446.46869216421544 97.717143142914296 4 4
128 41.021749413847886 4 9
432.16652224137044 998 2 5
569.49033200812187 998 2 8
1 401.82337649086281 1 6
601.6913421348986 1 1 7
873.92309163546497 131.90636786136986 4 4
400.8444637119544 416.9123059349148 4 9
2 265.53910524340091 2 5
2 911.02943725152284 2 8
1 732.4709960243656 1 6
1 512.4709960243656 1 7
35.891393779086954 130.08145466568479 4 4
683.40887734243711 92.108606220913074 4 9
2 948 2 5
958.62741699796948 998 2 8
999 334.98066401624374 1 6
1 156 1 7
270.37498684435457 649.5614505630308 4 4
197.76122367548675 335.21222768757485 4 9
546.18517354567314 176.98513326770788 8 3
266.79700948933203 120.26408999364415 8 10
998 781.32380976675131 2 5
998 76 2 8
624.42953376315802 288.63363917407463 4 4
685.49033200812187 41.021749413847886 4 9
581.00505063388323 1 1 6
862 999 1 7
680 802.17049772943983 4 4
988.76930625847501 710.40368432238745 4 9
998 80 2 5
907.02943725152284 2 2 8
629.70911737439462 735.92216112437654 8 3
343.08840687673705 177.7484268775288 8 10
920.68629150101526 1 1 6
999 678.98066401624374 1 7
501.85010455293389 74.84791959748236 4 4
705.1688773424371 12.428606220913048 4 9
52 998 2 5
903.02943725152284 2 2 8
626.20622410822455 187.51342228384681 4 4
989.07179676972453 542.98066401624374 4 9
1 852.03448788540618 1 6
371.19595949289334 1 1 7
718.1940132741006 402.96617352829662 2 5
762.035759956231 888.63663190609452 2 8
940.00000000000011 868.11774900609146 4 4
375.31146377281436 24.444444444444422 4 9
999 446.98066401624374 1 6
725.97561338236051 1 1 7
864.94227556180761 792.29599279372019 2 5
123.0870324886393 725.87716190308026 2 8
722.9600358121761 615.65254839243676 4 4
612.8569390941916 482.57810645345455 4 9
999 700.98066401624374 1 6
1 532.4709960243656 1 7
396.19795236415547 420.70834759627411 2 5
772.13889568185505 991.40741103032269 2 8
353.82016600907275 646.70344000007651 4 4
524.33909493873091 894.01760111798421 4 9
832.91335231426558 11.230693741524936 4 4
100.12580428890124 626.08111895844729 4 9
994.53589838486221 54 2 5
471.83824754812002 296.92005446875055 2 8
136 1 1 6
13.17157287525381 999 1 7
139.31370849898477 988 4 4
128.43063000101412 139.40326259321316 4 9
266.24927421058305 638.2929770522336 8 3
126.59786235374321 401.25744682786171 8 10
322.35801055434462 167.13625941937357 2 5
288.61818108514342 343.60552176570309 2 8
999 470.98066401624374 1 6
605.49033200812187 1 1 7
746.03535087474586 248.39348081436523 4 4
923.06966973884516 114.46309514911529 4 9
392.44676584742746 131.19493853295918 2 5
876.81747024376625 656.19415698871285 2 8
523.74480084537356 737.67636436832447 8 3
629.07945384196012 754.34671524311557 8 10
276 10.928203230275509 4 4
734.74646881822821 486.68118985141183 4 9
764 999 1 6
418.50966799187808 999 1 7
115.49633615656616 389.73546279326979 8 3
147.26917929532004 453.88421361171754 8 10
697.06346220606702 705.3099690770066 2 5
281.302193920273 614.77498770744626 2 8
794.06731170197816 11.23069374152494 4 4
860.71565539048424 615.31821323572206 4 9
841.49033200812187 1 1 6
1 420.67200615114228 1 7
137.02206852809044 809.88346641327973 8 3
137.38748734828269 441.30040797654272 8 10
10.928203230275509 484.4709960243656 4 4
374.77938998154389 904.51094457929241 4 9
537.65647660089076 154.1906126487809 2 5
276.98027889866671 369.2774398249901 2 8
114.10383626416896 373.79617347254805 8 3
519.90170904146657 167.13904161069203 8 10
519.666955517259 1 1 6
999 444.98066401624374 1 7
613.88610928420076 268.93912171730824 4 4
420.91261178695675 710.70845088307772 4 9
855.75274486528383 756.39911650012641 2 5
335.83912403802861 619.16868569289772 2 8
429.97626966174477 62.282856857085712 4 4
422.5792706378366 417.46988698167632 4 9
210.02438661763952 999 1 6
920 999 1 7
991.40741103032269 662.84176833438869 2 5
47.875484503402902 128 2 8
132.21793575602271 475.67389228365141 4 4
838.14330387868222 734.38777630664708 4 9
961.45584412271569 999 1 6
999 345.52481989352799 1 7
554.90504778113609 771.76406063668901 16 2
616.01664247381848 919.80957197363728 2 5
536.1590549754626 311.71308431035868 2 8
367.22743869212451 528.88383149653055 4 4
420.42301965844274 877.73497337716594 4 9
795.89974874213249 869.08524886471992 4 4
847.05152961114482 184.53442608072609 4 9
321.22047968267242 251.47708783574674 2 5
689.47567683502473 36.536548569885753 2 8
999 582.98066401624374 1 6
756 999 1 7
617.74274151181987 990.31146246294384 4 4
12.428606220913068 147.67854533431517 4 9
147.54745352882102 394.62357817767406 2 5
815.08395251899697 748.45599207128839 2 8
156 1 1 6
999 406.98066401624374 1 7
924.68629150101526 12 4 4
124.98646420324127 108.60029170326735 4 9
695.91535647036164 133.61755918140858 8 3
133.1237118348796 463.70812571000596 8 10
8.4721359549995796 604.4709960243656 2 5
410.03287550435164 398.27017583043795 2 8
777.49033200812187 1 1 6
1 463.98571465012702 1 7
429.74926104442528 584.53361401591508 4 4
59.999999999999915 764.35324701827415 4 9
377.41219902237361 167.78187302727875 2 5
759.98863539703723 674.66861611640843 2 8
135.70833418022511 167.52462089976004 4 4
932.00000000000011 868.11774900609146 4 9
1 174.20101012677665 1 6
28 1 1 7
752.40786517006757 756.48281354237372 4 4
318.31926848479878 820.06366414809895 4 9
844.6233230514091 486.70928125980288 2 5
74 994.53589838486221 2 8
727.97561338236051 1 1 6
999 892.80404050710661 1 7
603.33252824431918 129.53086419753089 4 4
188.51721191734356 256.32078567070323 4 9
283.12760622468221 175.98423003836334 2 5
100.82939674327343 495.23955941182868 2 8
999 173.03953851928944 1 6
1 271.19595949289334 1 7
383.53512173752733 884.30861203653865 4 4
934.11208040251768 19.850559463309828 4 9
591.76752909302502 176.54968592601128 2 5
814.05281343149079 106.96901320506517 2 8
495.02123417364805 33.708626757205273 4 4
78.131825824443268 258.51534784444561 4 9
1 409.82337649086281 1 6
87.514718625761432 1 1 7
172.96152416720719 471.37500484600804 2 5
279.14342852791293 175.62880342066828 2 8
539.44247075366866 753.40898745051959 8 3
71.703352968811771 341.64718271848693 8 10
430.47760919262356 576.56683869744302 4 4
869.91854533431524 964.10860622091309 4 9
633.04413154175711 726.49466514169421 2 5
850.52995457478357 722.00240732801274 2 8
262.50966799187808 999 1 6
1 604.4709960243656 1 7
338.22924152172698 452.0010501844946 4 4
429.24228581338468 552.70004031525332 4 9
847.81196627985094 879.42518107912417 4 4
529.68260726813264 402.41486985247468 4 9
900 991.52786404500046 2 5
450.87421565280778 703.72592550066327 2 8
788.20101012677674 999 1 6
248 1 1 7
274.60014770933185 209.62290636417157 4 4
870.83005077031316 142.83812011145619 4 9
683.13938670645473 626.44984337377377 2 5
606.53991880799879 156.78849739669784 2 8
844 999 1 6
852 999 1 7
864.00957542057711 457.38287480177991 4 4
797.58686152944176 309.91601959982484 4 9
376.27852050657151 145.9334901521739 2 5
611.83734445323341 476.66537216480867 2 8
999 298.98066401624374 1 6
999 518.779653889467 1 7
19.850559463309828 380.39758758936046 4 4
259.87589615074774 895.51357049070259 4 9
613.12014299201098 753.20636564992299 8 3
680.01119753219677 135.36619535557145 8 10
182.99487646484462 167.33328423063318 2 5
730.16861203191593 140.47298266091073 2 8
497.8980206240704 81.803567131624575 4 4
964.10860622091309 309.06211868192855 4 9
70.432781979563771 357.59665447655095 8 3
124.90029072566431 820.32676583963962 8 10
1 138 1 6
230.50966799187808 999 1 7
387.88225099390854 60.000000000000014 4 4
881.76887164203652 247.89846244513458 4 9
180.37037053018923 551.11149774617479 2 5
555.77615900304636 403.0112272483305 2 8
1 118 1 6
999 426.98066401624374 1 7
686.62105542701181 604.73446193685015 4 4
134.68232614694085 891.97811183867714 4 9
275.90086929457863 635.6763547381438 2 5
934.56387293388718 25.833525576250665 2 8
639.05859319305 743.44461430910155 4 4
797.00814715692354 502.14001451535717 4 9
44.201010126776673 1 1 6
85.514718625761432 1 1 7
416.91590225767999 419.45136587145583 2 5
127.57747590582264 114.01200662157987 2 8
629.14200029556639 180.07156645496673 4 4
155.75122329472725 234.66427047059977 4 9
20.686291501015241 999 1 6
930.34314575050757 1 1 7
938.45716626683213 862.31950236837429 2 5
813.49033200812187 80.124515496597098 2 8
344.28600540491965 165.80833651919002 4 4
543.29310307182243 536.26737018343181 4 9
332.59886610145321 449.92767790080393 2 5
703.78265778025548 598.27415337196442 2 8
402.50966799187808 999 1 6
1 798.29437251522847 1 7
457.49033200812175 889.9469571598263 4 4
813.49033200812187 41.021749413847886 4 9
582.47440113968435 7.8440491736326869 4 4
115.57139377908693 108.32145466568481 4 9
446.15092877686271 36.348980140279167 2 5
395.30101242326526 546.80119672822423 2 8
1 42.485281374238575 1 6
1 89.455844122715703 1 7
988 802.17662350913713 4 4
310.76723806357268 234.2499203984724 4 9
5.6153468707624699 945.7115101530718 2 5
536.95373674916311 533.6623520827402 2 8
716 999 1 6
1 920.68629150101526 1 7
131.18272380658055 685.95997219560786 4 4
544.49684911477596 827.32217570827504 4 9
377.53553084481382 884.37867714960692 2 5
393.16907733234382 424.88359879151096 2 8
383.90111782732339 847.42966884249893 4 4
200.96504316204076 778.57267988479077 4 9
358.71067811865476 1 1 6
390.50966799187808 999 1 7
719.62866228875339 399.23230392629449 2 5
815.7156855190417 87.235598790415949 2 8
126.50236479608336 232.50457685198052 4 4
252.59112265756286 964.10860622091309 4 9
1 92 1 6
464.16652224137044 1 1 7
291.32007961332249 434.47714975609938 4 4
899.87419571109876 684.59078695032542 4 9
605.22202331175242 506.56681935370028 2 5
517.66058433863861 856.71874998660451 2 8
422.50966799187808 999 1 6
999 354.98066401624374 1 7
724 989.07179676972453 4 4
260.2845665232785 110.18499843666841 4 9
699.01750946222751 512.49007392686633 2 5
120.66507258405375 940.52650589085226 2 8
41.021749413847886 632.4709960243656 4 4
888.51126745630677 243.59264095746104 4 9
999 231.18167414302039 1 6
772 999 1 7
6.2143031104565338 324.34894065903569 2 5
450.50966799187808 14 2 8
12 924.68629150101526 4 4
99.589398685001271 634.06311551495526 4 9
472.80404050710661 999 1 6
999 482.98066401624374 1 7
703.47733127605738 111.31599902391406 2 5
9.9924854092185083 608.17079838895972 2 8
330.40889147506965 232.83495773126984 4 4
536.80257720284635 385.08827330771766 4 9
945.37258300203041 68.000000000000085 4 4
358.82514716199745 8.1734118197319603 4 9
477.42441912715822 96 2 5
936 856.97945730119795 2 8
503.86796564403562 1 1 6
1 672.95627739860424 1 7
961.63885868581326 274.7134770218463 4 4
884.42860622091303 582.65920935055897 4 9
216.43799639442693 523.3445509663743 2 5
120.99923856976139 601.74390997050841 2 8
1 824.92178951319806 1 6
1 359.68124086713186 1 7
728.63878784138285 265.21679548895702 4 4
636.08899167630602 636.68426647099079 4 9
212.09535017598699 194.40692569349596 2 5
386.27262968145453 335.76353136339679 2 8
84.880715193613653 350.72226535151924 8 3
83.610144204365653 366.67173710958326 8 10
775.49033200812187 1 1 6
999 912.48528137423864 1 7
852.32145466568477 987.57139377908697 4 4
621.4994425793675 637.59736801640622 4 9
198.26119974191016 329.23309531464616 2 5
583.70590165820306 255.12368548851066 2 8
133.42715657171914 411.12460145745581 4 4
900.54106703542777 311.69144033716793 4 9
916.48528137423864 999 1 6
999 976.68629150101526 1 7
504.31414942661002 654.4093758580849 4 4
236 10.928203230275509 4 9
685.26806437827736 47.017631092193724 2 5
747.91986464145646 241.80392145573768 2 8
999 233.18167414302039 1 6
1 108 1 7
329.65852653570761 566.56496024558589 4 4
11.23069374152494 651.89401633050932 4 9
748.60996201378521 733.10976772051504 2 5
884.53301608201571 303.49285323904377 2 8
12 820.92178951319806 4 4
108.5769796938563 11.23069374152494 4 9
1 715.98571465012697 1 6
999 718.98066401624374 1 7
5.6153468707624699 764.69217416931554 2 5
310.11333732675973 661.86965346006139 2 8
869.10526127100263 639.19106656403812 4 4
707.89920693475483 134.23991603005891 4 9
964 999 1 6
466.16652224137044 1 1 7
395.95473128164622 129.27291394614284 2 5
539.05314430398141 134.72708605385711 2 8
988.76930625847501 415.55764371010002 4 4
991.61249789646388 135.55832215337665 4 9
999 479.18167414302042 1 6
999 806.17662350913713 1 7
778.51277163619409 696.06880093954908 4 4
331.7387156527509 300.82195330878051 4 9
278.50966799187808 991.52786404500046 2 5
867.72417430762175 542.7638369973148 2 8
632.55898696881729 643.86333791269601 4 4
512.20348604383787 126.7151035712497 4 9
240.61910687177507 151.67850181768171 2 5
827.95171213566368 733.45089582892956 2 8
1 516.4709960243656 1 6
861.49033200812187 1 1 7
555.77318886520754 948.5333983301332 4 4
144.04018507229912 431.31333568317933 4 9
552.98066401624374 5.4641016151377544 2 5
222.37077231002306 991.40741103032269 2 8
1 816.92178951319806 1 6
1 857.6913421348986 1 7
867.6736412954873 385.7447928882948 4 4
872 913.02174941384783 4 9
124.01465517309715 36.536548569885781 2 5
428.91863696049592 420.07490508236782 2 8
500.57595773846379 137.79920426686118 4 4
972 290.98066401624374 4 9
1 612.4709960243656 1 6
38.54415587728429 1 1 7
405.32007967760507 856.71874998660439 2 5
971.86110431814495 991.40741103032269 2 8
739.7144611367421 465.51442861941723 4 4
414.07560211497554 714.8624006595237 4 9
999 165.03953851928944 1 6
148 1 1 7
678.57315998635761 275.59139424905402 4 4
566.17886823530739 24.444444444444503 4 9
685.85284065238932 610.68507922080073 2 5
253.77464648908014 87.235598790415935 2 8
1 956.68629150101526 1 6
999 264.98066401624374 1 7
24.444444444444528 822.17886823530739 4 4
687.74539054301442 868.44255092636945 4 9
633.52133308299869 133.09788984495822 2 5
347.23599961658982 878.68519197982607 2 8
907.89139377908691 565.0621186819285 4 4
564.20575655918606 600.97178212046629 4 9
724 999 1 6
356.71067811865476 1 1 7
773.1272919182029 693.42369069475683 2 5
111.31599902391405 145.98699926793554 2 8
260.02290201418197 350.67105235152013 4 4
989.07179676972453 326.98066401624374 4 9
999 914.48528137423864 1 6
664 999 1 7
137.60940620861084 451.29794527426913 2 5
370.25432122621328 21.215619694886676 2 8
663.66009924539696 368.02459547368034 4 4
666.06731170197816 11.23069374152494 4 9
118 994.53589838486221 2 5
131.98534482690286 36.536548569885753 2 8
999 296.98066401624374 1 6
999 414.98066401624374 1 7
368.81550519727898 188.54615738336614 4 4
579.43661657692496 283.75188535990083 4 9
305.31328149276101 132.49006397643424 4 4
505.88380554722954 121.80983717473377 4 9
9.7001695926375433 478.59801267815817 2 5
270.58131546599225 435.84081677568935 2 8
1 712.4709960243656 1 6
420.50966799187808 999 1 7
239.59115039074626 114.03104866022251 4 4
793.47960787569502 366.53052347192306 4 9
688.14946229362397 515.56296249735067 2 5
969.43472026834513 285.55670421750256 2 8
833.49033200812187 1 1 6
596.03448788540618 1 1 7
443.78256532016167 755.91169509546887 4 4
93.1614554630507 359.4072720061007 4 9
878.20258707486914 789.28716786271241 2 5
837.88228637857117 618.36029133372642 2 8
868.32178564412698 350.85625964806349 4 4
139.16135564656548 685.3756486876274 4 9
695.49033200812187 1 1 6
15.51471862576143 1 1 7
14 386.50966799187808 2 5
715.18507219797607 400.33059510973067 2 8
556.70756584328944 791.68266823450097 4 4
865.70006149969652 342.18926165364979 4 9
853.97561338236051 1 1 6
675.49033200812187 1 1 7
988.1981140628028 125.79993604533419 4 4
830.55701584302221 373.42168017066444 4 9
201.15401714587094 632.24064384880546 2 5
753.41679110787493 486.63305639154174 2 8
972 258.98066401624374 4 4
130.78218127094712 161.22120773589302 4 9
754 999 1 6
264 1 1 7
552.63345281600971 400.53667722419254 2 5
832.94700091791867 116.49984726234216 2 8
867.03533588709263 610.41294683920614 4 4
835.2706638503646 308.44861888433206 4 9
1 100 1 6
767.28932188134513 1 1 7
698.58381166028596 709.00977144160072 2 5
740.97036242906051 251.60998389147775 2 8
360.6071771031323 197.29963382983254 8 3
819.31106042010879 556.60310966447241 4 4
59.999999999999957 809.60808101421333 4 9
1 514.4709960243656 1 6
999 351.18167414302042 1 7
276.20227157258483 373.20104844468739 2 5
846.64167701926635 989.50533428676715 2 8
315.6656099569895 805.68844958615216 4 4
103.55555555555546 751.78245979718008 4 9
869.19808442094245 283.45401800068998 4 4
429.93268829802179 988.76930625847501 4 9
732.02313501991875 260.26238390178179 2 5
247.46415345132303 602.71522049441285 2 8
386.50966799187808 999 1 6
999 181.03953851928944 1 7
900.41060131499876 692.57278350683339 4 4
454.56930418979954 209.01376737315661 4 9
64 979.48912529307609 2 5
659.81154397452156 372.62770554481887 2 8
330.50966799187808 999 1 6
713.49033200812187 1 1 7
10.928203230275509 524.4709960243656 4 4
958.97825058615217 562.98066401624374 4 9
783.05083009853445 120.83038771575832 2 5
165.64189615268484 158.34600235943822 2 8
999 895.51471862576136 1 6
1 897.28932188134513 1 7
734.6200060960357 683.52843658932647 4 4
270.18821332619325 987.57139377908697 4 9
419.81623546977943 716.60743036864403 2 5
282.89172717136125 353.34024410375321 2 8
132.35188767119232 174.7864572261999 4 4
166.28315852766045 745.38884529311747 4 9
999 442.98066401624374 1 6
332.50966799187808 999 1 7
437.07880320739423 551.09100484846419 4 4
874.73262126891041 725.47967583921434 4 9
832.46048374165821 739.89223615308629 2 5
364.37109859211347 817.22482167969542 2 8
1 906.94617613083756 1 6
83.514718625761432 1 1 7
668.59673740678681 760.71811831457774 4 4
805.66248226041591 170.33953247997687 4 9
503.14635649964066 730.78487001381222 2 5
654.94064754744625 688.06046316552147 2 8
575.42788618224461 214.14691669563848 4 4
593.49859021158238 889.31795087829869 4 9
782 999 1 6
36 1 1 7
81.695190068599828 341.24321320070237 2 5
830.33565534356501 730.23891594395184 2 8
460.70514259639566 650.83128024452321 4 4
375.31146377281436 103.55555555555556 4 9
1 120 1 6
999 778.4953826420051 1 7
875.4877321653064 966.34112901844833 2 5
408.24574576581034 394.69160526418926 2 8
606.73047870056848 437.03179504357888 4 4
850.04703166785805 810.88430144243523 4 9
240.50966799187808 999 1 6
304 1 1 7
758.67162262984232 204.20836300156154 4 4
869.2238052349295 862.65948073236439 4 9
667.00994206918335 867.0293620897304 2 5
995.75322926607248 139.90048103171571 2 8
574.29437251522847 12 4 4
71.948337674742717 369.50056521776582 4 9
816.2668950208091 665.10797349610743 2 5
432.50966799187808 5.4641016151377544 2 8
999 342.98066401624374 1 6
999 542.98066401624374 1 7
555.00745136128069 623.35605122848699 4 4
981.77777777777771 807.20493839757478 4 9
290.04648244991324 767.16141520476162 2 5
729.04030549742902 416.05423576622621 2 8
493.72583002030467 1 1 6
1 593.92684014708129 1 7
358.51149998094127 664.67467957597842 4 4
359.08664768573436 988.76930625847501 4 9
855.99278052853481 553.64383699731479 2 5
211.61634214100877 190.43571035025073 2 8
645.33359164663159 296.26654104979139 4 4
913.02174941384783 690.98066401624374 4 9
517.666955517259 1 1 6
246 1 1 7
929.49194714485498 15.59244677522595 2 5
861.93976303105808 794.9388924328839 2 8
343.73880404049692 189.73078822783756 4 4
425.39965617521352 970.64753760911003 4 9
855.97561338236051 1 1 6
1 456.4709960243656 1 7
450.08286752460793 220.14354212600873 8 3
24.444444444444436 247.31146377281436 4 4
819.31106042010879 548.60310966447241 4 9
269.39092563852626 212.60015432445832 2 5
8.5925889696773385 660.60989170622065 2 8
999 284.98066401624374 1 6
882 999 1 7
975.55555555555554 880.68853622718552 4 4
586.63389835435771 218.66432430590038 4 9
159.90217747662251 494.6901158871122 2 5
748.63382358077558 253.80161723979109 2 8
705.08104561081961 636.14394329213451 4 4
800.70063033919359 862.68591015740037 4 9
792 999 1 6
1 48 1 7
385.24656469505015 903.36616670133969 2 5
994.53589838486221 74 2 8
400.93091591709037 690.94619422480969 4 4
321.35038756768222 132.03254164319549 4 9
999 652.43650813895943 1 6
399.19595949289334 1 1 7
102.27378434718445 639.42912647437993 2 5
756.80928521236251 209.91201966579499 2 8
132.55147188933717 871.63862974057099 4 4
599.95161825516141 250.88455025075939 4 9
553.60808101421333 68.000000000000028 4 4
988.76930625847501 582.40368432238745 4 9
370.55116957989696 601.5261153495519 2 5
44.028091363238268 126.9056664014049 2 8
627.4314575050762 999 1 6
236 1 1 7
190.24991840919054 595.7017613634705 4 4
434.55401010021899 558.68214572226964 4 9
80.73752003018312 337.35954636412652 2 5
677.72798716828856 283.81661687623222 2 8
999 572.98066401624374 1 6
133.65685424949237 999 1 7
124.89826405237312 472.44551712720016 4 4
169.76535245726336 643.67792942050187 4 9
868.77001761266456 379.84581340272842 2 5
535.03685505575106 129.75718166925401 2 8
421.82337649086281 1 1 6
1 642.4709960243656 1 7
817.35659649376078 815.28151057188813 4 4
396.16665040483065 802.22789594182984 4 9
453.5011781449499 16.655346870762468 2 5
125.30476094119675 730.54429427728451 2 8
399.51463953427316 348.92531035740416 4 4
766.96329304743404 624.9718352886041 4 9
338.02438661763949 999 1 6
999 314.98066401624374 1 7
129.9706210088595 169.27922842372018 2 5
353.92879675752152 189.85656752894823 2 8
682.78484059191362 534.52162818931572 4 4
59.999999999999915 945.37258300203041 4 9
900.20101012677662 1 1 6
162.99494936611663 999 1 7
793.54462482983729 778.57267988479077 4 4
502.557644357801 877.73497337716594 4 9
406.05733812087948 398.71187993118366 2 5
979.48912529307609 64 2 8
324.42747532036014 814.89744606772319 4 4
131.99663715917751 567.79473051204241 4 9
358.50966799187808 999 1 6
388.50966799187808 999 1 7
839.79050925995659 740.15724027064766 2 5
266.37873488007619 215.23201808132495 2 8
875.1415490894293 905.66439463657184 4 4
845.96634374792416 303.85587537998686 4 9
833.45584412271569 999 1 6
284 1 1 7
61.542833733167896 803.80983437649616 2 5
165.17244635501237 197.26426303679904 2 8
980.68629150101526 988 4 4
881.05525824278072 233.29779625483269 4 9
432.15656929726686 67.872695271507183 2 5
351.54599285575097 193.06939269781552 2 8
729.97561338236051 1 1 6
1 268.36753236814712 1 7
628.10025125786751 892.06349945087209 4 4
136.49092524166258 122.29873600236377 4 9
700.33989617024042 668.14779272019564 4 4
184.0288652125856 868.0452678794901 4 9
340.86305148565566 457.39206540186416 2 5
574.52877928680334 287.20342604975099 2 8
208.02438661763952 999 1 6
999 654.98066401624374 1 7
226.0861240737604 218.63965692164783 4 4
779.16733847384228 369.5050220604262 4 9
906.25081008575364 309.84784756780294 2 5
917.60825655343376 116.94764058404179 2 8
208 1 1 6
1 210 1 7
387.04963190791131 683.09905882195358 4 4
992 795.24842027886166 4 9
322.58763966658017 648.89306757876159 2 5
360.58305057287527 814.85387206743508 2 8
350.50966799187808 999 1 6
176 1 1 7
131.19820421906371 975.55555555555554 4 4
534.83949324422474 742.24886921521863 4 9
851.8421997854457 391.33577089100288 2 5
157.76799745555769 209.92183533544159 2 8
757.67415369514356 196.2707905940612 4 4
122.60028832822309 528.85180549703466 4 9
593.49033200812187 1 1 6
266 1 1 7
359.96404844760917 452.55863123125613 4 4
418.78454307117784 723.43988850594872 4 9
598.23293888243938 509.14991879044806 2 5
18.34314575050762 5.9999999999999991 2 8
999 516.779653889467 1 6
1 212 1 7
958.97825058615217 690.98066401624374 4 4
105.88975260182501 382.54424923742425 4 9
726.99475277034742 761.37711224861937 2 5
154.54794321676223 528.20626386820538 2 8
884.42860622091303 415.3021186819285 4 4
19.850559463309821 934.11208040251768 4 9
238.50966799187808 999 1 6
202.50966799187808 999 1 7
9.7001695926375433 102.12701665379258 2 5
311.6004606438334 800.17045667753541 2 8
808.99777814018387 599.12586185141413 4 4
771.09694685783006 699.06972460678924 4 9
1 680.4709960243656 1 6
600.80404050710661 999 1 7
991.52786404500046 197.03953851928944 2 5
680 809.02423281899473 2 8
518.13961508124657 316.60011174305976 4 4
964.10860622091309 432.89920935055898 4 9
308.99247182109195 868.22418907594636 4 4
544.55960381239277 817.91513388985857 4 9
896.30019763540588 990.00751459078151 2 5
131.62137595243868 886.81762892457141 2 8
450.17662350913713 999 1 6
827.79898987322326 999 1 7
812.88520557723507 717.42670632282 4 4
371.57912606092572 639.17356850701117 4 9
663.19084485311782 300.11046854078023 2 5
756.23985144908818 618.42752667407467 2 8
1 148 1 6
693.49033200812187 1 1 7
41.021749413847886 504.4709960243656 4 4
166.44562315480502 650.95662417700862 4 9
867.29003511428107 137.99371208208379 2 5
343.66622564272205 454.53860878835923 2 8
708 999 1 6
336 1 1 7
61.130559463309829 303.66174839439572 4 4
395.56276289731704 838.72470710049322 4 9
841.87289669556378 878.57227283494092 2 5
390.78626436775613 650.76589751845415 2 8
815.43373248844671 120.59373962167751 4 4
931.33578752359278 250.19499960839508 4 9
793.49033200812187 1 1 6
999 472.98066401624374 1 7
624.13325254329607 642.98838323377583 2 5
281.87298334620743 9.7001695926375433 2 8
551.36856383594375 752.07921160741284 4 4
199.46138703457942 770.71526184510697 4 9
1 231.59797974644667 1 6
999 776.4953826420051 1 7
866.28872246423418 449.71440111053022 4 4
518.62641882846276 651.43487726958176 4 9
934.07105345929199 29.8030506064602 2 5
486.85259855377245 757.42721100502217 2 8
1 295.68124086713186 1 6
1 166.54415587728428 1 7
235.35621777082244 465.83855943767009 4 4
64.129471068923024 367.80783812800865 4 9
911.02943725152284 5.9999999999999991 2 5
668.20852374321316 619.18235679645488 2 8
849.31861078228417 651.97653009712667 4 4
804.99940676645929 122.29873600236377 4 9
801.49033200812187 1 1 6
736 999 1 7
300.20023773016192 162.30350218080878 2 5
930.70294489574303 24.787946940148998 2 8
177.15307149811733 815.28151057188813 4 4
989.07179676972453 670.98066401624374 4 9
645.00505063388323 1 1 6
825.79898987322326 999 1 7
442.59426927323148 20.749295105791177 2 5
801.42512076487901 174.58744579784732 2 8
465.49033200812192 889.9469571598263 4 4
708.29339443622223 669.00910876731461 4 9
504.79556048382074 129.73547422685562 4 4
730.90675861981754 706.41058262319916 4 9
396.88898054082364 668.60720943396473 2 5
243.52407304940039 602.02546225677793 2 8
857.97561338236051 1 1 6
302 1 1 7
86.978250586152114 128 4 4
230.03907017443842 631.60784398163742 4 9
882.73304216281736 241.97643785831823 2 5
738.04586152952788 158.6025466696546 2 8
643.00505063388323 1 1 6
999 422.98066401624374 1 7
675.94846395903585 757.56342075364466 4 4
495.06585329739198 106.84791959748236 4 9
273.02932846158797 369.90193213378745 2 5
421.39143818374004 682.94823411165521 2 8
955.79898987322326 999 1 6
338 1 1 7
491.77318886520754 948.5333983301332 4 4
238.40941673401051 892.06349945087197 4 9
825.10930705782607 555.06027593130455 2 5
839.85331814656581 304.57572854228675 2 8
86.978250586152114 632.4709960243656 4 4
959.40739566371587 241.70118913091346 4 9
803.49033200812187 1 1 6
1 644.4709960243656 1 7
504.97689360497174 160.43074910219732 4 4
201.18289896013923 254.61711686364174 4 9
990.29983040736249 537.1076806700363 2 5
265.23143661253692 100.82939674327343 2 8
884 999 1 6
733.49033200812187 1 1 7
237.50312177723725 634.4867211361468 4 4
279.87479181179606 419.64777664607743 4 9
946 5.4641016151377544 2 5
344.16929092609593 598.08821849231788 2 8
204.8811936102004 317.88563114281783 4 4
621.97255330131645 983.52112431043361 4 9
1 228 1 6
120 1 1 7
896.59986353977047 702.03135574016437 2 5
958.11451633820104 308.79587353555274 2 8
865.55097531454214 481.04478751109571 4 4
262.3754826740892 649.65051812113529 4 9
1 544.95627739860424 1 6
825.49033200812187 1 1 7
418.78861402235071 410.80866003764191 2 5
698.035759956231 872.51211640949737 2 8
359.24517809428005 529.41629346521927 4 4
787.73170637508224 773.07631935819074 4 9
1 674.95627739860424 1 6
999 680.98066401624374 1 7
512.12241341455808 664.52634818999854 4 4
401.91284181589867 935.71485891282714 4 9
152.4148460197172 134.69694503282429 2 5
297.35989831264885 628.33335496592201 2 8
473.56793478523821 184.74379973189383 4 4
945.37258300203041 59.999999999999957 4 9
399.10599385818381 796.99719235022485 2 5
758.15665295920485 889.61260777957864 2 8
706 999 1 6
662 999 1 7
386.03490028941889 627.51146501815026 4 4
623.24146320596844 501.67979192099921 4 9
152.66150019563108 599.65365926937284 2 5
990.18533100255183 210.51927648599678 2 8
1 492.4709960243656 1 6
999 682.98066401624374 1 7
422.69508944280921 737.713088135612 4 4
618.77185550898105 740.85939748567921 4 9
5.6153468707624681 745.26915386317194 2 5
626.28486465928711 222.52983294567326 2 8
485.9994170516411 499.64178428749187 4 4
624.68853622718552 975.55555555555543 4 9
999 774.4953826420051 1 6
637.49033200812187 1 1 7
153.78333636716633 878.68519197982607 2 5
538.97334072142792 129.04719532859642 2 8
665.81178667380664 115.57139377908695 4 4
721.87480154507375 684.43112517062491 4 9
118 1 1 6
999 386.98066401624374 1 7
868.12358095050138 618.33858389132797 4 4
716.76399925143517 738.96633487942927 4 9
507.89663373221481 155.18907784301229 2 5
557.49033200812187 956.51087470692391 2 8
984.68629150101526 999 1 6
999 574.98066401624374 1 7
187.10119509098053 588.34747407880718 4 4
528.52413919302342 335.70179721060435 4 9
878.46084355268658 531.31092036121549 2 5
230.12701665379259 9.7001695926375451 2 8
738.55599306163288 398.80135597754702 4 4
348.65104740914433 198.32479856807629 4 9
734 999 1 6
639.49033200812187 1 1 7
676.01465517309714 797.68529688547767 2 5
563.18616191822787 595.05904783182041 2 8
563.37714579284909 195.92446775225935 4 4
862.13659148088107 490.80317361913819 4 9
46.201010126776673 1 1 6
400.50966799187808 999 1 7
432.47791826644209 134.05012562893381 2 5
612.41531867818935 921.55039560601222 2 8
992.1559508263673 896.98406913156248 4 4
931.78032342593826 299.2675582522653 4 9
854.30941780501598 181.16945075165378 4 4
791.47610302767737 315.07921924085304 4 9
328.67306672773856 290.18922729187864 2 5
16.655346870762468 389.5011781449499 2 8
268 1 1 6
999 798.17662350913713 1 7
382.29017667046821 922.02054850024672 4 4
841.76441819639012 313.12100098487502 4 9
868.67864137846323 461.15114006326417 2 5
657.35143632626682 8.5925889696773385 2 8
1 624.4709960243656 1 6
276 1 1 7
873.15123706939096 826.93355896831019 4 4
486.82157049015967 435.49495339721881 4 9
248.28431448095824 912.76440120958409 2 5
874.30717522349357 731.52868390591448 2 8
334.50966799187808 999 1 6
116 1 1 7
287.63260521120344 126.8007975424521 4 4
895.12971975985192 809.32788283277341 4 9
632.488647343568 722.06046316552147 2 5
598.66842878761395 245.02337077983586 2 8
268.06688183852384 108.33146981965227 4 4
314.31353987050784 683.21050182455986 4 9
972 999 1 6
805.49033200812187 1 1 7
598.54839026051036 220.09431822834276 8 3
249.46175132158405 633.49114119406477 8 10
222.52024636469437 230.68559777819044 2 5
33.075999023914044 638.16399675643004 2 8
451.47626776058769 301.08487201950021 4 4
801.9974994820891 137.55892996515772 4 9
1 83.798989873223334 1 6
821.49033200812187 1 1 7
244.47904660996781 107.69792379566159 4 4
154.98439756469483 569.49427496038686 4 9
686.45279903203175 862.58343775236983 2 5
871.42205387956733 768.60743453850978 2 8
808.19229828268715 706.38240366829359 8 3
435.80191748277429 614.85382030252947 4 4
125.12319777019606 808.32883633286644 4 9
1 164 1 6
836 999 1 7
30.000000000000082 934.05887450304567 2 5
882.49466571323285 409.62234103551015 2 8
829.20558538193234 698.33766961602623 4 4
501.85010455293389 53.152080402517626 4 9
823.49033200812187 1 1 6
999 152.55425714505088 1 7
576.9153059997218 275.87714108898444 2 5
712.49617522537881 673.29123833544963 2 8
110.6226192927341 518.97017410912088 4 4
287.28488278206038 734.02441697516508 4 9
150.50966799187808 999 1 6
1 678.4709960243656 1 7
522.79509294931859 856.13800441883666 2 5
888.68400097608594 544.99366474830822 2 8
249.75654980692786 555.2292870845497 4 4
811.59769625386207 501.22691296994174 4 9
67.999999999999886 945.37258300203041 4 4
230.50966799187808 989.07179676972453 4 9
393.65109642042097 974.26669916506671 2 5
607.64415000938106 443.82435637324318 2 8
204.50966799187808 999 1 6
654.54415587728431 999 1 7
565.02790999770457 536.82495123019316 4 4
406.63460946898681 331.59871381264713 4 9
905.65887098155167 559.49293185093734 2 5
526.99341990919436 830.14836099677029 2 8
999 952 1 6
999 388.98066401624374 1 7
705.06256688072358 661.69051919645938 4 4
506.43781553143907 752.25188780573285 4 9
315.38116578842209 132.63949415369899 2 5
150.37141032968481 880.7729565055223 2 8
164.99494936611663 999 1 6
348 1 1 7
857.09014630310264 655.74014763201501 4 4
552.88154771077825 859.26683071170669 4 9
726.5816285513439 142.24316612883254 2 5
367.63943482721976 444.58733837465996 2 8
598.73166449615337 925.06029330086449 4 4
190.41874227850391 856.97767614720044 4 9
1 800.29437251522847 1 6
999 955.79898987322326 1 7
65.082643392173338 296.70610086025346 4 4
147.91293150850532 565.75337028154786 4 9
193.37831059092201 762.53097861043648 2 5
103.32128455719736 643.28953361741844 2 8
210 1 1 6
999 526.98066401624374 1 7
246.28134754835133 580.75312726570144 4 4
150.12821301754795 189.48002302178446 4 9
388.4759929589635 843.54759239684506 2 5
779.54651048702772 122.75905151756756 2 8
529.51302032914612 174.32393516114388 4 4
700.40167560323368 731.97305409616649 4 9
1 136 1 6
999 524.98066401624374 1 7
685.07453709704976 858.82838861306686 2 5
798.29067396002642 767.73125194576312 2 8
392.01386090528268 689.37252919023126 4 4
704.84495327777984 141.63393622200152 4 9
893.49033200812187 1 1 6
999 920 1 7
800.46815698902367 697.3701935780216 2 5
121.19714294559498 729.40254379942735 2 8
231.45128270074213 472.82078559402282 4 4
66.80877959070429 309.29715576075819 4 9
999 795.46594539048237 1 6
699.79898987322326 999 1 7
139.54136021196572 565.13443841215451 4 4
549.21500943601541 188.59633882430683 4 9
958.11451633820104 433.16545449693479 2 5
685.69300073206443 794.22474733950594 2 8
359.56168753022263 652.27434034222699 4 4
877.00193453135216 418.27609709736385 4 9
284.74524935621821 619.39702341925772 2 5
514.19857234818505 158.92477159700573 2 8
1 588.26998589758887 1 6
999 738.98066401624374 1 7
387.88225099390854 67.999999999999986 4 4
788.17807106845214 360.53938772972452 4 9
520.80721792868701 932.81758891244465 2 5
440.3340892479016 217.91613957783321 2 8
1 622.4709960243656 1 6
1 215.51471862576145 1 7
496.28646509097496 41.607942596304277 4 4
867.65148569470057 441.83132579833836 4 9
204.60564531440158 773.80340153600196 2 5
847.9685839519924 355.15826475222838 2 8
181.32208943514513 582.81557225224776 4 4
151.81673861009907 365.99537830628384 4 9
1 620.4709960243656 1 6
1 46 1 7
659.44834702799278 120.41975802634441 4 4
733.99220548317498 713.79164065395582 4 9
651.22876369253788 266.59784946028105 2 5
200.01797095729455 636.07592728779935 2 8
296.71067811865476 999 1 6
953.79898987322326 999 1 7
869.10041600501802 334.94788131298685 4 4
161.46671134871133 739.0012137623861 4 9
350.77563665521194 471.20076133573298 2 5
188.10521578224842 340.61727879257376 2 8
999 150.55425714505088 1 6
860 999 1 7
133.46511814558164 559.93066263386572 4 4
936 828.99790950565125 4 9
688.61901556659029 140.45593687030183 2 5
456.80721792868707 932.81758891244465 2 8
754.27612828576639 715.60751353337116 4 4
102.21659457507687 375.43735750400549 4 9
999 392.49538264200515 1 6
999 733.46594539048237 1 7
63.999999999999901 949.84471895702995 2 5
406.1346334025634 337.57784618557582 2 8
133.38343841069619 798.44841630981318 4 4
981.77777777777771 885.71685111562329 4 9
999 424.98066401624374 1 6
999 12.48528137423857 1 7
373.65097813673304 864.90248574770249 2 5
535.8383643641846 379.16625561087142 2 8
736.25460945698558 892.70619738922244 4 4
553.60808101421333 59.999999999999915 4 9
632.93145610312831 173.02599872180744 4 4
334.67801134048574 226.06926371108906 4 9
423.76713108120515 584.07088180054234 2 5
511.21974577399328 701.09363375487703 2 8
898.20101012677662 1 1 6
398.50966799187808 999 1 7
821.71668679766094 701.15127904067947 4 4
238.96074409243414 583.97938904076136 4 9
255.06876582463531 83.450726910768964 2 5
520.02659937489432 407.81992095747364 2 8
1 893.49033200812187 1 6
999 148.55425714505088 1 7
989.07179676972453 454.98066401624374 4 4
196.60275560037746 268.49915504570464 4 9
296.47390803564707 872.51211640949737 2 5
549.58175634743395 627.54359445745979 2 8
999 770.98066401624374 1 6
1 546.95627739860424 1 7
643.80235584255274 692.06046316552147 4 4
67.401016536238188 289.04939491285813 4 9
982.05430311045654 814.53105934096425 2 5
380.29934067188407 916.36046263281139 2 8
233.62270428406768 594.90160512752357 4 4
873.67145808583655 341.51336486679963 4 9
1 80 1 6
170.50966799187808 999 1 7
386.02476985702214 689.01088237959186 2 5
805.73146372571739 499.96702570286715 2 8
932.80179578093635 103.5555555555555 4 4
309.72376140378276 689.76290089866905 4 9
1 586.26998589758887 1 6
785.49033200812187 1 1 7
513.96438665987068 749.54066537873439 4 4
67.971191332834451 281.06973948788351 4 9
247.02193582657171 966.34112901844833 2 5
676.90210909821553 381.18637446768776 2 8
745.62083761585529 908.92898043566697 4 4
768.43027529115216 193.32454953751633 4 9
1 552.4709960243656 1 6
366.50966799187808 999 1 7
769.41505381563195 691.93396311233766 2 5
964.31584693863442 280.08318221806121 2 8
586.11806378375024 886.23123261320359 4 4
129.87091525764512 898.36953775582322 4 9
368.50966799187808 999 1 6
999 603.46594539048237 1 7
343.28906800768391 318.10041639366744 2 5
547.77882185505007 994.38465312923756 2 8
871.334953316775 423.92280621981996 4 4
108.70645379302022 507.04079901666501 4 9
160.59864674392941 567.37762521291711 2 5
609.29530478116465 128.86355919107257 2 8
999 605.46594539048237 1 6
895.49033200812187 1 1 7
502.99224346191687 759.4718623980516 4 4
321.36419904376419 686.99047606026249 4 9
626.58768825257164 162.5412062928348 4 4
462.18233459426585 28.196155277061692 4 9
908.53654856988578 694.9660088431466 2 5
963.17018478106252 237.02770883691662 2 8
999 610.98066401624374 1 6
166.99494936611663 999 1 7
95.604944104556751 367.02497266042093 4 4
499.01793722625547 113.80356713162459 4 9
545.92691303575111 541.65838540080131 2 5
516.14662405782155 660.07598542965593 2 8
999 608.98066401624374 1 6
212 1 1 7
11.999999999999998 19.313708498984759 4 4
253.91854533431521 35.891393779086954 4 9
529.54373383398161 341.61453149925023 2 5
966.41181278081683 234.68423963267921 2 8
828.45094787107382 690.37334150706408 4 4
198.60991924974564 869.08524886471992 4 9
147.79898987322332 999 1 6
1 548.95627739860424 1 7
139.41223827375381 559.1358279459655 2 5
454.44616854100605 96 2 8
783.85378585966851 304.90689493253001 4 4
417.17901300240288 195.37682627272534 4 9
1 595.92684014708129 1 6
999 146.55425714505088 1 7
507.63651637523242 167.97570812925048 4 4
118.66584740207381 234.11361231876967 4 9
919.87548450340296 434.98066401624374 2 5
494.49695686977026 427.52366054062264 2 8
999 144.55425714505088 1 6
1 461.98571465012702 1 7
828.90722861879988 677.23432689420895 4 4
359.1418950090906 516.70546212152919 4 9
870.18479048069105 958.11451633820104 2 5
695.25098655780005 869.64069914281686 2 8
1 459.98571465012702 1 6
300 1 1 7
5.6153468707624681 304.79815783880622 2 5
344.07983032786774 594.08921901727854 2 8
683.94843627783916 757.54237560262322 4 4
808.06769154637334 508.40598441164695 4 9
298 1 1 6
999 735.46594539048237 1 7
323.00760942121371 255.05565840199543 2 5
798.21295359916451 707.02480516848448 2 8
931.06892250025498 114.57243525647334 4 4
246.75608671986021 572.76722576874852 4 9
393.96980748254003 626.49301136846645 4 4
656.54012931068326 385.35119201843736 4 9
962.57447658008664 246.79722665718427 2 5
126.89330507633971 365.13937113853325 2 8
345.45584412271575 1 1 6
999 142.55425714505088 1 7
830.76120420338691 616.71336602414885 2 5
375.18911877334841 188.19150286018461 2 8
999 916.48528137423864 1 6
999 82.828427124746185 1 7
507.1263613644345 175.95942542540757 4 4
805.66248226041591 130.4478188540466 4 9
562.6715714229307 623.40385977446999 2 5
495.122241765225 520.78136370443031 2 8
999 140.55425714505088 1 6
139.58910404600149 891.01710681824807 1 7
320.3884328386456 319.36605772956369 4 4
68.000000000000028 764.35324701827415 4 9
904.60447023717904 688.28192538012138 2 5
520.57736449676122 851.47087204463242 2 8
413.51823371713283 950.06831024552446 4 4
460.14103871801922 20.460968715276742 4 9
999 138.55425714505088 1 6
487.19896986895282 745.73267048792923 1 7
341.56640363620448 681.63800383191699 4 4
655.76707742975464 755.15889510317334 4 9
998 135.7258300203047 2 5
665.12881646133303 621.73488555396864 2 8
380.06245752138432 811.23427914379351 1 6
438.45085384921776 619.09447309738709 1 7
602.36550041573366 758.52967881528559 4 4
847.06595500363312 319.1121367270735 4 9
998 131.7258300203047 2 5
952.9823689078064 563.20293164608825 2 8
223.06123432170708 164.2086569968705 1 6
295.27624133472597 567.4110648225776 1 7
480.20552148405284 189.20949596156723 4 4
590.1803706887157 211.49337360312506 4 9
998 127.7258300203047 2 5
418.7451276363044 733.19669557880809 2 8
557.28563464195304 865.94545469443369 4 4
996 122.06897577081232 4 9
604.05279292121918 158.46605658292958 1 6
429.63091312398217 133.10431289968625 1 7
998 116.41212152131993 2 5
258.22535351091989 87.235598790415949 2 8
199.6752638609249 153.3748392369487 4 4
407.70425608677306 941.23387338491477 4 9
615.18913057071109 922.69318499382837 1 6
894.63802802289717 704.30098156940028 1 7
998 112.41212152131993 2 5
302.06111491794542 437.13858291640514 2 8
868.33437957151375 431.33877258970386 4 4
225.13537616225315 125.69315214908346 4 9
872.41968435454464 398.89698712051518 4 4
579.15112816859983 882.29908203949105 4 9
690.70420015641048 274.70327916276062 2 5
187.30406939532335 582.35090489162712 2 8
999 109.58369439657375 1 6
137.48103736401154 872.47492169371799 1 7
431.20747515103619 948.5333983301332 4 4
566.17886823530739 103.55555555555546 4 9
628.85218739242919 503.80576795648614 2 5
799.64195712085211 507.53102973272672 2 8
999 107.58369439657375 1 6
298.35690837719113 164.67038555277207 1 7
571.20718312374504 109.77777777777766 4 4
379.20115438068433 684.64870410543415 4 9
857.72549923553777 176.23686647360603 2 5
868.10003598872549 770.83548236854551 2 8
697.1175485968613 635.38058537563813 4 4
19.850559463309821 753.09274441876141 4 9
542.48838282150848 822.46596278215065 1 6
817.87420121193168 749.55804117707999 1 7
6 990.34314575050757 2 5
791.64516593387418 309.08160156933144 2 8
250.32266816623445 565.60625538852912 4 4
867.22494790792223 902.58734453378645 4 9
620.71518193732948 736.25250239322463 1 6
216.5680633112396 169.78329957392418 1 7
655.52930706494851 317.96542144868141 4 4
594.63589072981085 760.59199161970901 4 9
167.60401459516731 518.12960766875153 2 5
439.80719660533276 182.61178839905426 2 8
301.58205829662506 698.57837992790496 8 3
582.65883183634594 761.3336520962572 8 10
370.90277466988607 532.27380280180319 1 6
372.41627941146305 615.39201306931068 1 7
126.84876293060904 768.42389097643206 4 4
522.86118497488133 178.76837960558834 4 9
611.36640263098082 220.04814922528445 2 5
440.66058233986263 679.1595999582961 2 8
458.5962376953014 283.75827547474319 4 4
289.52914449321327 726.34566125748188 4 9
195.63655474460722 330.68610551355488 1 6
318.75901217068895 166.85171065372054 1 7
262.98617127575096 104.13980209117683 2 5
593.02814872943566 415.91316727145437 2 8
527.61616617824689 751.37465215628777 4 4
355.0646392873266 124.37066200510368 4 9
691.43179159346846 603.37181101429303 1 6
764.78824544535257 887.44339109545524 1 7
303.62411522752302 870.90388075303997 2 5
851.84963780012413 755.52404208163364 2 8
790.66878083426423 499.53499641466567 2 5
199.95460674884364 263.52270109951706 2 8
261.65391291534218 997.19232656461872 1 6
495.89814419085366 742.09766636054906 1 7
27.634564596168165 382.2440068515096 4 4
92.71741056820008 374.48567973659107 4 9
473.01932175416397 192.72496654772567 4 4
666.82887345582492 123.50647629143953 4 9
831.92533991644962 733.90946126566257 2 5
121.14157444218834 945.11111111111109 2 8
147.79898987322332 997 1 6
633.04836184015051 762.42432437589116 1 7
423.22366199156625 948.02474576238706 4 4
131.5853275619472 132.05153604096415 4 9
156 8.4721359549995796 2 5
814.26358820550934 820.42284305761666 2 8
997.26794919243116 253.98066401624374 1 6
780.91624520259586 995.08866410805115 1 7
11.333903737748376 743.45308465770415 4 4
103.82665507681411 367.60105064549452 4 9
318.48536819900227 814.06596368167504 2 5
402.3800958012107 892.05523448758845 2 8
4.911335891948938 219.08375479740425 1 6
389.39556499186926 427.7959899248998 1 7
846.23906037716472 657.12593484936053 2 5
8.5925889696773385 28.13889568185499 2 8
256.09766363115443 644.6917896486168 4 4
678.37916238414471 852.21976787992492 4 9
91.08301473386129 4.9073344987240803 1 6
944.99349963396776 8.3420004880429772 1 7
793.71928160539301 667.42808277084669 2 5
983.14568662139732 225.0009490949459 2 8
754.07927553711409 721.38237585359843 1 6
384.26686217247794 879.36244625526342 1 7
136.28453976221766 429.35120270496111 4 4
279.36699726573312 732.88113706615991 4 9
152.31151979850122 130.69827979402157 2 5
483.77882185505001 994.38465312923756 2 8
988 980.68629150101526 4 4
256.41043885605421 560.41597138587849 4 9
709.42245174754362 664.13825364857496 1 6
208.16223341533669 247.9925370573639 1 7
427.64324090352437 742.48553612588739 2 5
789.83660574423413 305.36061977078066 2 8
212.0643879705716 769.05988628324781 4 4
596.71468029359164 752.86679686814989 4 9
716.1786761722301 122.62834417075379 1 6
144.99533513177482 15.601774236568405 1 7
651.12488633774501 261.43164644619145 2 5
436.13752747092479 990.65469713102959 2 8
157.43378077104506 732.09212764657275 4 4
134.30566812887119 182.54421089096601 4 9
465.08676356427748 434.93737235045728 4 4
575.20958590337727 770.74156020752991 4 9
489.22332804948269 152.77231241491864 2 5
678.43318043250918 607.80989273645855 2 8
259.00278085527208 124.76408999364415 1 6
312.86421085218365 677.12527858463432 1 7
134.1177188621854 137.49092886576344 2 5
781.65546844146763 701.17991205066016 2 8
880.34328566778402 316.26872469367743 1 6
593.15283757539316 170.42302581241648 1 7
721.60628117451859 145.59665960279628 4 4
290.32177631050507 694.4303623781517 4 9
25.83352557625069 934.56387293388718 2 5
148.90023723107629 132.78709554587303 2 8
84.656240334299426 341.72506517382305 1 6
145.57110580968063 445.04585706553951 1 7
280.79559553922223 122.64684776600618 4 4
145.73422851313126 689.93605900688192 4 9
738.05601699520946 404.78048835047571 2 5
430.30075081604957 954.46449021783337 2 8
572.69421154073518 877.5759233865549 4 4
614.64201073909396 257.34562961968572 4 9
995.09266550127597 727.89764928238242 1 6
38.39619220212802 636.72616339216529 1 7
16.857611019174552 249.84917111945776 4 4
566.83668298843133 872.12712909249819 4 9
328.10139663741802 294.14816569855196 2 5
203.69137128635657 872.27567911777714 2 8
8.4271566893013361 403.499525452527 1 6
966.10103789190271 237.66809937610222 1 7
290.55341972188785 714.38945532683965 8 3
746.08145466568476 964.10860622091309 4 4
495.77431585742346 762.9217205250319 4 9
372.81666725981364 966.92400097608595 2 5
633.00235811555069 649.84693399082869 2 8
556.51325753759431 873.90808200008246 4 4
866.53037797407342 324.62964417497079 4 9
445.02207249253581 735.78988429238268 1 6
216.89532173354004 171.99363425220628 1 7
40.254056932483223 125.58027434036204 2 5
736.36260998827595 470.49088256560481 2 8
67.999999999999957 809.60808101421333 4 4
147.00651710665412 701.72846556672289 4 9
701.86298572398732 594.6534261997989 1 6
392.12609740661969 842.35641886012525 1 7
350.71229745295091 318.74490724939335 2 5
523.50880488467146 647.94742742791539 2 8
339.71217283248353 219.85177080216778 4 4
503.08204677701303 768.26759413763875 4 9
287.76331786337806 638.14264261298138 1 6
648.57408680552601 4.9113358919488732 1 7
609.43730726510739 216.54406716726047 2 5
969.50552416629125 232.14870224124007 2 8
850.82226617296487 189.20149644460031 2 5
15.200291861540745 748.0412262069807 2 8
276.41002174160792 423.25268557151901 1 6
433.60030130785162 183.57589135255029 1 7
195.04455636533285 589.29774333808052 4 4
200.22387689199914 145.39367242111686 4 9
675.06622828448053 126.6744015741279 2 5
813.49033200812187 47.875484503402902 2 8
374.43766533222151 618.4366054130611 1 6
879.79781618802019 466.3261921208902 1 7
858.97287694847489 192.99434185731349 4 4
700.43820975597464 642.6588550509357 4 9
240.81751065983195 578.27391641229372 2 5
363.92505854986251 446.07172675719534 2 8
481.39729432212511 93.153499633967769 1 6
52.642183308399453 128 1 7
867.72417430762187 562.44238233163003 2 5
503.13299898258833 726.78489231678213 2 8
371.37322061934145 682.99841533433118 4 4
733.5454135519866 725.6967416882693 4 9
832.6759639707941 701.93717964517884 1 6
996.04157469715369 346.08067791411668 1 7
679.7194126295193 796.17706209305175 2 5
122.95257370098497 364.45334181897414 2 8
696.57069567454312 3.1071515552282669 1 6
41.400157461528146 128.35271975503173 1 7
507.39857977662365 313.93867858275399 2 5
879.35446645768252 412.10007157684043 2 8
119.99432014743246 921.86817417555665 4 4
409.20149945903052 195.9762240248983 4 9
172.47028829038209 813.52892921019532 1 6
369.56002626932991 901.43906752525061 1 7
733.52291396087207 701.01097789401092 2 5
682.63368104559686 385.94754941429318 2 8
364.81830002569751 678.41223871202124 4 4
396.60469873208103 193.2062016780616 4 9
135.06377443912061 479.78499945688145 1 6
749.53525285082435 905.81813595735537 1 7
163.59787860521939 563.52732623865711 2 5
17.945696889543477 315.55039532472045 2 8
119.00650036603223 991.65799951195697 1 6
360.28689669628989 458.60627169707817 1 7
396.17266742235626 937.46139775628865 2 5
551.38321147646991 877.01977404955369 2 8
122.1143228100533 914.15418761149783 4 4
366.69122984170417 645.50669337157206 4 9
201.03263833932502 322.48874121395642 2 5
602.70572188932647 503.45744206049551 2 8
458.25010487445576 31.284450831350849 1 6
371.88310440906099 617.31963450953526 1 7
128.28058737048067 35.028313777459793 2 5
141.94636470971068 493.42964459445739 2 8
7.3381155977224957 100.27750295416614 1 6
687.94484394043218 792.242525816838 1 7
871.37687714692026 446.53467125957428 2 5
687.23723584164873 276.69831260613154 2 8
967.89234249974652 288.12984836794044 1 6
924.64218330839947 434.98066401624374 1 7
520.20174770383085 322.23461341107566 2 5
772.83596357242527 652.330175112858 2 8
139.24205410108149 134.3698411772472 4 4
712.77548942858471 140.58198738257207 4 9
145.46107368804286 203.35124126692699 1 6
380.80748518851732 808.24315069630461 1 7
460.5535767261984 208.57962199416207 2 5
539.48168750894331 781.04414457564906 2 8
608.04307236966895 760.63760739647876 1 6
726.0371887262221 413.38372707431779 1 7
205.40349415593727 769.88377945905881 2 5
127.03828130557409 171.99977687293699 2 8
833.18239484346714 731.18552791286902 1 6
189.43873870448346 847.40501925153364 1 7
470.86891270593401 164.67829824688039 2 5
405.26925883199044 341.48311529955578 2 8
8.4271566893013361 841.22535547283178 1 6
740.90588741991053 890.87163659393411 1 7
860.0666933992278 179.48013795282321 2 5
543.54614912867601 186.63062704078621 2 8
611.69847101908238 415.86503381158428 4 4
372.49333678013807 195.65063166709214 4 9
160.7246534991925 747.64783220067056 2 5
134.05589835665529 141.49045111536975 2 8
274.76780157475343 173.01146382902999 1 6
750.31531816942027 257.45167243984241 1 7
734.16330029616847 689.51102965691575 2 5
477.56981949550141 301.68122941535603 2 8
520.33491569862474 891.02318153931742 1 6
185.53636881477286 342.16680299622197 1 7
990.29983040736249 460.85364736245117 2 5
20.857303194726455 9.1111111111111107 2 8
943.71883962612185 871.45993868281334 1 6
65.252770834076372 335.37103819154743 1 7
738.40995756263328 162.58594146287763 2 5
606.13891406899336 284.88710978907397 2 8
417.96469551902953 736.0934050413407 1 6
734.00160483508364 396.73797334655728 1 7
991.52786404500046 165.03953851928944 2 5
30.000000000000082 753.03953851928941 2 8
142.00609039884364 703.65261545455712 1 6
157.97725398756631 212.91452838749547 1 7
505.62785947904666 9.3453028689703999 2 5
8.4721359549995796 732.4709960243656 2 8
985.93055215907248 4.2962944848386693 1 6
433.08232298692093 131.11164048623479 1 7
991.40741103032269 591.11955969809878 2 5
936.34181143696844 108.3999635849279 2 8
2.8076734353812349 410.67913156739871 1 6
535.56267407835219 782.17927065222568 1 7
204.25340042905822 634.7692448975871 2 5
797.65576727106986 668.13806911150425 2 8
244.28638701940849 890.85469000991429 2 5
632.83406915818182 504.18605416918268 2 8
511.03030557495924 131.57551997187235 1 6
8 817.92178951319806 1 7
870.14835643125059 565.62410215453701 2 5
745.45469504298194 914.92667971501385 2 8
996.76176256024883 142.72587668445851 1 6
851.89713427130755 394.9668071382066 1 7
64.804071868793017 273.57138690281727 2 5
334.30290115377107 812.35534542190055 2 8
661.39445705353899 386.54931645477149 1 6
169.50825953376233 194.59125287664236 1 7
345.44169897539524 214.26853426968137 4 4
310.60059370525221 856.97767614720055 4 9
839.19879750697817 748.80035503417935 2 5
349.70308679224075 594.89327995935867 2 8
286.01801085276742 8.5903942118573653 1 6
216.85079405925165 466.08955716608631 1 7
8.5925889696773385 532.60989170622065 2 5
468.87742017976336 441.59859929449169 2 8
197.60063508045599 137.8359874317718 4 4
122.83735800630251 832.14811553395907 4 9
615.21527509107307 205.3983758705694 1 6
168.27316444775445 636.76840778494034 1 7
33.658870981551665 124.51226783469365 2 5
840.02932540621111 744.88752697654695 2 8
594.34608708465782 2.807673435381234 1 6
520.92231339979332 848.38655237510329 1 7
531.87599034148968 330.72534326441678 2 5
351.0213630472457 187.1094182391659 2 8
622.34049136143108 971.14118297177811 1 6
891.33349637223898 812.58190926034592 1 7
241.23886543337971 639.18184832671272 2 5
451.97624382701116 295.10573964657152 2 8
830.35869951209145 309.38275288945829 1 6
662.26317458569179 622.62263362666215 1 7
608.98347564802737 489.19152485150602 2 5
872.57770375794553 899.87662418486786 2 8
120.87604817249309 839.90396904829277 4 4
879.58024197365557 589.02264899637282 4 9
66.45716626683209 770.15149365599132 2 5
813.01497648814177 811.14021418949665 2 8
581.02635316901217 3.0583248737349011 1 6
288.75274842471413 754.18578129619971 1 7
19.600036415072136 818.63885257927529 2 5
927.74465323433526 106.78438030511325 2 8
997 12.48528137423857 1 6
496.68706037032422 28.994284482564261 1 7
590.86950936687026 926.53898080101055 4 4
115.86560391582219 828.22451452189489 4 9
