936 936 64 6
808 936 64 6
32 968 32 5
968 32 32 7
64 64 64 6
680 936 64 6
96 968 32 5
968 845.49033200812187 32 7
744 984 16 4
872 984 16 8
877.49033200812187 64 64 6
8 8 8 3
992 992 8 9
186.50966799187808 936 64 6
968 96 32 5
589.49033200812187 968 32 7
314.50966799187808 936 64 6
250.50966799187808 984 16 4
378.50966799187808 984 16 8
996 4 4 2
4 996 4 10
192 64 64 6
525.49033200812187 968 32 5
461.49033200812187 968 32 7
2 990.34314575050757 2 1
990.34314575050757 2 2 11
936 754.98066401624374 64 6
1 1 1 0
999 999 1 12
320 64 64 6
904 845.49033200812187 32 5
927.77348089249858 145.77777777777777 32 7
128 16 16 4
416.2354980121828 984 16 8
992 813.49033200812187 8 3
634.74516600406093 992 8 9
64 877.49033200812187 64 6
786.98066401624374 32 32 5
410.50966799187808 32 32 7
936 626.98066401624374 64 6
696.4709960243656 64 64 6
786.98066401624374 96 32 5
32 154.50966799187808 32 7
256 16 16 4
984 690.98066401624374 16 8
968 996 4 2
612.11774900609134 996 4 10
568.4709960243656 64 64 6
557.49033200812187 992 8 3
832.2354980121828 8 8 9
64 749.49033200812187 64 6
135.55417527999327 813.49033200812187 32 5
477.96132803248753 32 32 7
998 821.49033200812187 2 1
565.49033200812187 998 2 11
64 621.49033200812187 64 6
16 813.49033200812187 16 4
975.71336416624661 143.37619669453071 16 8
250.50966799187808 825.14874831559189 64 6
159.87976654749616 754.29349417461606 32 5
141.59212823833406 692.9619176004461 32 7
8 999 1 0
20.686291501015241 999 1 12
936 498.98066401624374 64 6
64 245.01933598375615 64 6
96.000000000000014 154.50966799187808 32 5
632.4709960243656 16 16 4
16 685.49033200812187 16 8
8 936 8 3
64 992 8 9
996 706.98066401624374 4 2
760 996 4 10
936 370.98066401624374 64 6
8 122.50966799187808 8 3
8 199.76450198781711 8 9
2 986.34314575050757 2 1
962.34314575050757 998 2 11
64 493.49033200812187 64 6
32 402.98066401624379 32 5
32 338.98066401624379 32 7
936 242.98066401624374 64 6
984 562.98066401624374 16 4
176.94044861022499 856.57437415779589 16 8
620.11774900609134 996 4 2
664.4709960243656 4 4 10
752 999 1 0
999 698.98066401624374 1 12
432.25489389499978 125.50478677812279 64 6
865.19889561416312 159.20987654320987 32 5
523.21616202842654 8 8 3
992 890.74516600406093 8 9
825.14874831559189 306.98066401624374 64 6
746.75414490874232 145.77777777777777 32 5
2 944 2 1
673.84357902639613 2 2 11
825.14874831559189 434.98066401624374 64 6
16 557.49033200812187 16 4
984 178.98066401624374 16 8
996 674.98066401624374 4 2
511.9024535294418 4 4 10
493.49033200812187 877.49033200812187 64 6
741.72583002030467 8 8 3
8 290.27416997969522 8 9
237.47189478583022 697.76507976694029 64 6
165.91771950583697 633.76507976694029 32 5
411.7125542303441 927.77348089249858 32 7
676.67200615114234 1 1 0
999 700.98066401624374 1 12
182.39367566701168 196.36815344875043 64 6
984 434.98066401624374 16 4
794.69402818249034 143.37619669453071 16 8
237.47189478583024 569.76507976694029 64 6
791.75408495457089 191.28607807422742 32 5
398.280455464912 865.19889561416312 32 7
165.32999783297458 323.22567549130099 64 6
348.32314647023838 633.76507976694029 64 6
328.67460826803091 727.732813306259 32 5
589.49033200812187 904 32 7
984 306.98066401624374 16 4
822.75775165624032 128.00000000000006 16 8
8 370.98066401624379 8 3
365.25483399593907 8 8 9
4 19.313708498984759 4 2
976 996 4 10
626.74516600406093 998 2 1
998 9.6568542494923797 2 11
348.32314647023838 505.76507976694029 64 6
96.000000000000014 402.98066401624379 32 5
145.77777777777777 443.20718312374515 32 7
424.2436635729444 736.8188282812846 64 6
714.29749663118378 370.98066401624374 64 6
733.9460348333912 277.01293047692508 32 5
729.8427707918803 207.50301917446677 32 7
128 112 16 4
146.57762523041913 866.67877698066047 16 8
825.14874831559189 690.98066401624374 64 6
825.14874831559189 562.98066401624374 64 6
844.79728651779931 784.94839755556245 32 5
684.84283074605173 161.99471887801712 32 7
141.25483399593904 992 8 3
493.49033200812187 992 8 9
680.4709960243656 1 1 0
18.686291501015241 999 1 12
749.22823121288582 794.03441253058804 64 6
159.18653788877597 586.23938993461763 16 4
256 112 16 8
753.03953851928941 4 4 2
648.4709960243656 4 4 10
322.8627391433003 191.96798320125788 64 6
667.93145662918971 223.71996027470612 32 5
622.93151658336114 178.21165997825648 32 7
714.29749663118378 626.98066401624374 64 6
10.82842712474619 998 2 1
72 998 2 11
714.29749663118378 498.98066401624374 64 6
344.20125806663111 789.820840703106 32 5
629.71685111562329 854.22222222222229 32 7
769.86397354503697 234.00402538537747 16 4
388.47030085082838 808.37486589902812 16 8
442.50966799187808 8 8 3
936 8 8 9
603.44624494677566 562.98066401624374 64 6
159.20987654320987 505.78176840208062 32 5
206.6850076428081 462.86193700590707 32 7
603.44624494677566 434.98066401624374 64 6
435.11763303830008 253.47276997938067 64 6
505.22254081204085 187.88845854718448 32 5
244.77734743607334 269.33580036579156 32 7
187.21873415067842 418.98638348997281 16 4
822.02774393839479 827.20414190736255 16 8
996 868.11774900609134 4 2
112 4 4 10
581.07303112648879 264.60533564526816 64 6
1 979.31370849898474 1 0
749.03953851928941 1 1 12
603.44624494677566 690.98066401624374 64 6
232.98552907738565 404.51570685974144 32 5
260.99428853631269 331.24711452848209 32 7
8 306.27416997969522 8 3
8 434.98066401624379 8 9
492.59499326236755 498.98066401624374 64 6
510.88911958939508 140.22411249103851 16 4
232.0679187754252 133.24277496609974 16 8
2 138.50966799187808 2 1
998 825.49033200812187 2 11
492.59499326236755 626.98066401624374 64 6
344.60796504642201 285.47276997938064 32 5
384.83448415392331 335.25054775715842 32 7
492.5949932623675 370.98066401624374 64 6
268.89752062803433 496.19586038528723 16 4
444.59499326236755 562.98066401624374 16 8
992 64 8 3
56 370.98066401624379 8 9
4 111.19595949289331 4 2
536.4709960243656 4 4 10
423.35221829626784 539.04858279166888 16 4
632.4709960243656 112 16 8
532.4709960243656 1 1 0
671.01515190164992 1 1 12
998 861.49033200812187 2 1
2 322.98066401624379 2 11
675.36429329145039 559.5463777304152 8 3
165.63780917339759 408.48573221850512 8 9
4 781.49033200812187 4 2
4 177.13708498984761 4 10
381.53103536825222 901.52322529036792 8 3
636.4310899517169 626.98066401624374 8 9
999 678.98066401624374 1 0
999 858.66190488337566 1 12
299.6939716125454 268.53957199962247 16 4
689.42198929768949 294.94640111522477 16 8
606.46089475659892 998 2 1
2 130.50966799187808 2 11
346.50966799187808 996 4 2
453.82337649086281 4 4 10
277.69583919496472 122.26111892661966 8 3
747.28234163612501 562.98066401624374 8 9
199.04237886657404 502.12502686634315 8 3
792.16390331065065 626.98066401624374 8 9
924.68629150101526 4 4 2
996 658.98066401624374 4 10
426.50966799187808 2 2 1
998 56 2 11
756 999 1 0
999 702.98066401624374 1 12
419.37629469721685 816.67062049803826 16 4
744 888 16 8
394.68599021094752 186.92609803063846 8 3
276.40509812556365 630.33079348111175 8 9
845.49033200812187 4 4 2
240 4 4 10
413.24781547340331 569.41140617147471 16 4
76.117285820282575 357.89269965103188 16 8
459.48023074035518 2 2 1
998 829.49033200812187 2 11
901.52322529036792 175.95929663986962 8 3
134.81831131539496 258.01036298071841 8 9
1 981.31370849898474 1 0
1 115.19595949289331 1 12
996 722.98066401624374 4 2
4 32 4 10
193.91569784086127 395.9396770586327 8 3
169.91578510130941 793.01400981668257 8 9
340.85281374238571 998 2 1
2 952 2 11
279.0019234508988 465.83303700548134 16 4
324.07888737353113 856.57437415779589 16 8
959.51471862576136 999 1 0
449.82337649086281 1 1 12
525.57983826730879 434.98066401624374 8 3
496.55213633917418 67.417253514410575 8 9
776 996 4 2
761.03953851928941 4 4 10
856.57437415779589 233.41144463459068 16 4
78.200403321020033 325.96057442457504 16 8
149.69583919496475 122.26111892661966 8 3
354.40796403640343 127.24628060897786 8 9
2 418.98066401624379 2 1
2 26.34314575050762 2 11
825.22719636883164 226.98070247935959 16 4
853.64704084514517 832.12553024021827 16 8
387.88225099390854 4 4 2
4 96 4 10
754 999 1 0
999 832.31875913286808 1 12
266.42502446223978 133.61755918140858 8 3
382.28550718684278 960.29888107338036 8 9
352 4 4 2
712 996 4 10
2 775.83347775862944 2 1
998 16 2 11
770.3027560693489 260.33393707291947 8 3
642.37944828650905 495.54637773041514 8 9
466.64761953350279 1 1 0
1 23.514718625761429 1 12
963.39516254576859 163.97381570346602 8 3
753.23069997091716 431.54637773041514 8 9
4 541.49033200812187 4 2
500.58874503045706 4 4 10
393.53910524340091 2 2 1
2 298.27416997969522 2 11
903.01515499505877 562.98066401624374 8 3
95.009445238749649 343.09113512199559 8 9
957.51471862576136 999 1 0
640.4709960243656 1 1 12
4 211.07821048680188 4 2
996 338.98066401624374 4 10
677.682662060859 856.03356988788471 16 4
660.8017902969159 271.18750558716613 16 8
2 90.343145750507617 2 1
986.34314575050757 2 2 11
96.984845004941292 685.49033200812187 8 3
682.5163966725911 260.96616174452566 8 9
127.65265041703849 541.95000694395162 16 4
803.20395701966561 853.08202910934017 16 8
996 530.98066401624374 4 2
820.92178951319806 4 4 10
481.18419980246324 71.869952314422122 8 3
654.16683521933032 122.26111892661966 8 9
668.4709960243656 1 1 0
517.55930777893411 1 1 12
2 354.98066401624379 2 1
998 348.3532470182742 2 11
158.99278183651563 554.23997652449066 16 4
299.03167760348566 300.53271761935741 16 8
779.9802522901972 859.13674121137024 8 3
246.38586192280121 229.36815493669496 8 9
118.62741699796952 996 4 2
272 4 4 10
1 143.19595949289331 1 0
1 765.49033200812187 1 12
100.11455350189193 358.25483749383068 8 3
441.24480102945017 806.78282848985612 8 9
549.49033200812187 998 2 1
770.98066401624374 2 2 11
996 418.98066401624374 4 2
438.86291501015234 996 4 10
199.60177729460924 759.00113288274065 8 3
765.69583919496472 877.7388810733803 8 9
396.36753236814712 1 1 0
826.57864376269038 1 1 12
4 461.49033200812187 4 2
996 904 4 10
346.34314575050763 2 2 1
998 653.32380976675131 2 11
396.34351795660314 967.93905994545537 8 3
864.08195165532527 374.41495030207233 8 9
150.44103260623839 403.47993737973673 8 3
897.06679666026662 687.5463777304152 8 9
4 909.49033200812187 4 2
400.2354980121828 996 4 10
2 170.50966799187808 2 1
15.857864376269051 998 2 11
616.11774900609134 999 1 0
837.89235226167523 1 1 12
651.84381632201223 301.90809643866095 16 4
318.62551134684207 325.83255317688042 16 8
817.32144518045982 151.37619669453073 8 3
309.38994313050495 566.33079348111175 8 9
745.72312247338778 700.54988339789679 16 4
631.5625167158247 326.66024556321292 16 8
996 714.98066401624374 4 2
4 278.96046148071048 4 10
2 101.65685424949238 2 1
112 998 2 11
178.90197854600146 832.65466679522444 8 3
96.984845004941292 557.49033200812187 8 9
528.87301627791896 1 1 0
999 900 1 12
300.13499817290693 422.73555270774045 32 5
421.04081798237428 434.98066401624374 32 7
668.16209626634111 825.48264802041467 16 4
575.38687787533809 184.80766862921791 16 8
996 450.98066401624374 4 2
4 185.13708498984761 4 10
184.28818456108715 785.98306864436563 8 3
368.45969947425004 821.62536900448345 8 9
872 888 16 4
581.77696784187526 856.62380330546932 16 8
2 216.73506473629425 2 1
998 52 2 11
177.03364292028661 397.25474948264156 8 3
250.50966799187808 903.01515499505877 8 9
757.03953851928941 1 1 0
952 999 1 12
768 996 4 2
4 533.49033200812187 4 10
572.02061910457155 361.41144463459068 16 4
581.80650208080101 153.45821209388649 16 8
565.49033200812187 936 8 3
282.6208606952066 251.67218086749278 8 9
848.06791877542514 866.75722503390023 16 4
603.3677968935358 354.98070247935959 16 8
2 191.76450198781711 2 1
998 728.63751826573616 2 11
4 669.49033200812187 4 2
809.60808101421321 4 4 10
1 549.49033200812187 1 0
109.17157287525382 999 1 12
244.97781326546291 498.15739032106364 8 3
131.55610968452083 654.24140195837958 8 9
348.03926639343251 425.76558344288838 16 4
350.38977341028124 837.42023437404896 16 8
506.24559927994943 2 2 1
2 37.656854249492383 2 11
803.98982518852142 238.15988247387295 8 3
564.51304160704228 502.41495030207233 8 9
154.50966799187808 996 4 2
4 525.49033200812187 4 10
464.64761953350279 1 1 0
399.19595949289334 1 1 12
414.30963636531322 387.45497418392108 16 4
682.87187078897978 700.54988339789679 16 8
864.08195165532527 623.5463777304152 8 3
179.01241591957566 816.65504793768548 8 9
996 274.98066401624374 4 2
362.50966799187808 996 4 10
427.54920651116754 998 2 1
2 948 2 11
256.97638777295009 475.36591579939284 8 3
870.23296259374763 213.67713537540243 8 9
773.80909114098995 1 1 0
999 738.98066401624374 1 12
584.71691106979483 808.71392192577264 32 5
4 845.49033200812187 4 2
4 701.49033200812187 4 10
385.93368778154553 402.24705118383463 16 4
714.21904857794402 706.98062555312788 16 8
322.11735743775472 832.65466679522444 8 3
229.49122892264376 355.89579065880645 8 9
952 2 2 1
2 222.39191898578662 2 11
996 410.98066401624374 4 2
354.50966799187808 996 4 10
502.38024586885979 227.7873477479626 8 3
690.00086368133702 835.43595087894937 8 9
1 167.68124086713189 1 0
338.02438661763949 999 1 12
56 998 2 1
501.49033200812187 998 2 11
878.32841359355962 199.8762776806922 8 3
655.54003852684593 325.62176214880566 8 9
234.50966799187808 996 4 2
129.94112549695427 996 4 10
632.65679434354286 806.3123408425256 16 4
634.72752637101837 361.34995417002995 16 8
620.49399870979153 776.71392192577264 16 4
539.58879747631465 154.37785719648869 16 8
342.62202414444982 325.42344004552439 8 3
434.33387433574791 584.67650321120846 8 9
1 416.15223689149758 1 0
336.02438661763949 999 1 12
854.86291501015239 2 2 1
124.2842712474619 998 2 11
19.313708498984759 4 4 2
4 789.49033200812187 4 10
897.06679666026662 303.54637773041514 8 3
391.85263964837492 378.98837519404196 8 9
996 322.98066401624374 4 2
280 4 4 10
394.57864376269043 998 2 1
998 521.60808101421321 2 11
999 710.98066401624374 1 0
999 426.98066401624374 1 12
786.21554497585851 367.54637773041514 8 3
555.01022567946256 197.48804895822707 8 9
382.07700569842223 425.93514953109997 8 3
897.06679666026662 431.54637773041514 8 9
282.50966799187808 996 4 2
288 4 4 10
505.49033200812187 998 2 1
48 998 2 11
462.3086578651014 1 1 0
999 13.17157287525381 1 12
759.38171090933952 720.2841926570851 8 3
456.27630483982534 801.30068536889735 8 9
996 282.98066401624374 4 2
996 194.98066401624374 4 10
313.15492289351334 764.59932067915759 8 3
506.39196902269634 243.27624949524511 8 9
545.49033200812187 998 2 1
445.49033200812187 998 2 11
1 87.514718625761432 1 0
356 1 1 12
453.50822814457018 817.05942108624424 8 3
423.36469546121305 324.50704662318901 8 9
996 578.98066401624374 4 2
274.50966799187808 996 4 10
160.16652224137044 998 2 1
2 854.86291501015239 2 11
543.97430274502392 177.97377513875412 8 3
870.80218319825542 815.34157686669744 8 9
4 717.49033200812187 4 2
648 996 4 10
999 680.98066401624374 1 0
404.2354980121828 999 1 12
430.50966799187808 2 2 1
293.65685424949237 2 2 11
339.29836703778398 394.98252514039962 16 4
692.97627361184425 730.91270677770274 16 8
4 589.49033200812187 4 2
4 661.49033200812187 4 10
930.34314575050757 1 1 0
999 718.98066401624374 1 12
313.15152596441226 376.534145756729 16 4
652.20837922042915 780.97984138428205 16 8
255.87916171080155 459.40358216772916 8 3
141.20144395635526 570.34799615553072 8 9
728 996 4 2
616.4709960243656 4 4 10
2 314.27416997969522 2 1
573.49033200812187 998 2 11
772 999 1 0
330.50966799187808 999 1 12
381.30799147517968 569.76507976694029 8 3
597.25224810126292 770.72885478738908 8 9
996 466.98066401624374 4 2
376.5685424949238 4 4 10
485.49033200812187 998 2 1
815.26493526370564 2 2 11
531.52819660210093 559.5463777304152 8 3
135.2097650047171 585.18375644412049 8 9
4 829.49033200812187 4 2
608.4709960243656 4 4 10
999 314.98066401624374 1 0
1 852.03448788540618 1 12
669.21328235302803 720.2841926570851 8 3
125.35745918616112 572.57693011638651 8 9
2 362.98066401624379 2 1
569.49033200812187 998 2 11
342.20171170600997 363.11450685031002 16 4
479.37581363357657 794.78818250997972 16 8
642.89602048660538 133.61755918140858 8 3
558.36203066861981 341.67713537540237 8 9
224 4 4 2
996 586.98066401624374 4 10
1 785.49033200812187 1 0
146.91168824543141 999 1 12
998 48 2 1
434.50966799187808 2 2 11
358.56480317310871 380.67153500542105 8 3
888.13830204114504 808.76967654199416 8 9
266.50966799187808 996 4 2
996 879.4314575050762 4 10
695.9470716223924 252.27035986127302 8 3
554.86894452507204 924.03395938771257 8 9
450.17662350913713 999 1 0
999 570.98066401624374 1 12
984 998 2 1
80 998 2 11
996 968 4 2
4 653.49033200812187 4 10
343.81319663271938 870.23296259374763 8 3
573.80106267590202 337.4775769845574 8 9
360.87706944553429 405.48774300571546 8 3
699.22458093282387 866.61401086705393 8 9
996 980.68629150101526 4 2
996 458.98066401624374 4 10
509.49033200812187 998 2 1
2 267.64675298172568 2 11
999 514.98066401624374 1 0
262.50966799187808 999 1 12
4 924.68629150101526 4 2
904 996 4 10
2 134.50966799187808 2 1
2 386.98066401624379 2 11
999 424.98066401624374 1 0
242.50966799187808 999 1 12
516.2853336290118 764.10125803543258 32 5
357.61405432742964 878.32841359355962 8 3
844.49567941453131 212.67246844725122 8 9
656.4709960243656 4 4 2
4 581.49033200812187 4 10
518.24473663963408 225.70938418138616 8 3
502.38623114759343 801.6087899485168 8 9
998 269.32380976675137 2 1
998 973.65685424949243 2 11
135.59797974644667 999 1 0
999 650.4953826420051 1 12
110.304562467534 566.35515725832863 8 3
265.05871864425183 446.29878401951089 8 9
888 996 4 2
996 402.98066401624374 4 10
909.65685424949243 998 2 1
52 998 2 11
139.87442955710515 600.48868717293124 8 3
241.71510466490901 443.55151747079083 8 9
27.313708498984759 4 4 2
4 709.49033200812187 4 10
1 261.01933598375615 1 0
999 278.98066401624374 1 12
570.46139994183443 626.98066401624374 8 3
375.91832366569895 380.43667563394985 8 9
657.37258300203052 998 2 1
998 472.63751826573611 2 11
840 996 4 2
160 4 4 10
443.64197215094197 54.410944226231933 8 3
862.32879473602065 199.765840307118 8 9
999 406.98066401624374 1 0
1 693.49033200812187 1 12
502.06059248218742 718.25742814191426 16 4
281.21956142814929 378.61972501795236 16 8
824.08622582642022 865.81999331247243 8 3
292.3178870320732 744.41180671026461 8 9
4 573.49033200812187 4 2
996 290.98066401624374 4 10
948 2 2 1
2 519.83347775862944 2 11
610.77515682940088 122.26111892661964 8 3
138.42502446223978 133.61755918140858 8 9
150.50966799187808 999 1 0
999 294.98066401624374 1 12
600.4709960243656 4 4 2
896 996 4 10
165.65685424949237 2 2 1
2 358.98066401624379 2 11
381.64900748920934 441.92942405459462 8 3
499.08259817382805 83.215885192608582 8 9
104 4 4 2
996 786.98066401624374 4 10
1 585.49033200812187 1 0
852.03448788540618 1 1 12
503.78580643672149 117.29938910655567 8 3
675.36429329145039 438.41495030207233 8 9
706.34314575050757 998 2 1
32.970562748477143 2 2 11
754.42502446223978 866.38244081859136 8 3
786.21554497585851 502.41495030207233 8 9
144 4 4 2
996 202.98066401624374 4 10
84.686291501015234 999 1 0
284 1 1 12
701.08771146288905 850.72285783689472 8 3
486.24132644721806 700.20885971904852 8 9
998 777.60808101421321 2 1
2 426.98066401624379 2 11
232 4 4 2
4 797.49033200812187 4 10
2 273.30360723121811 2 1
803.95122676472079 2 2 11
424.2354980121828 999 1 0
1 229.01933598375615 1 12
4 453.49033200812187 4 2
996 330.98066401624374 4 10
996 210.98066401624374 4 2
916.68629150101526 4 4 10
2 726.86291501015239 2 1
998 958.62741699796948 2 11
999 442.98066401624374 1 0
264 1 1 12
722.30416080503528 877.7388810733803 8 3
638.73591043905185 761.11800398350726 8 9
218.50966799187808 996 4 2
996 794.98066401624374 4 10
2 903.83347775862944 2 1
998 873.77460325558377 2 11
320.17481262814766 353.58477878421763 8 3
562.67557856476344 842.09325177828237 8 9
350.50966799187808 999 1 0
1 104.48528137423857 1 12
720 996 4 2
996 666.98066401624374 4 10
785.37258300203052 998 2 1
998 805.49033200812187 2 11
1 956.68629150101526 1 0
1 264.81832585697947 1 12
296.01966944614099 359.72642454779157 8 3
533.15114235724593 131.25737717188866 8 9
4 837.49033200812187 4 2
96 4 4 10
433.20606076065997 998 2 1
944 2 2 11
848 996 4 2
226.50966799187808 996 4 10
1 389.80909114099001 1 0
1 928.68629150101526 1 12
830.00457795354555 850.95482906516759 8 3
831.22050601690205 203.7410759879044 8 9
382.22539674441617 2 2 1
541.49033200812187 998 2 11
856 996 4 2
152 4 4 10
332.50966799187808 999 1 0
236 1 1 12
506.8839718810072 259.26868311828741 8 3
420.89845789041101 364.37711832791905 8 9
730.41212152131993 4 4 2
996 162.98066401624374 4 10
542.12785027385803 2 2 1
86.627416997969519 2 2 11
503.83195800634479 274.9748988085442 8 3
596.86386176111648 130.16528678434668 8 9
841.49033200812187 1 1 0
724 999 1 12
996 594.98066401624374 4 2
996 546.98066401624374 4 10
704.96846662312475 238.82823253559539 8 3
114.59080830668668 932.58274648558938 8 9
218.34314575050763 2 2 1
2 598.86291501015239 2 11
996 538.98066401624374 4 2
996 154.98066401624374 4 10
733.57497553776022 866.38244081859136 8 3
424.49285388930787 340.46722389542253 8 9
276 1 1 0
430.37763363591375 999 1 12
2 382.98066401624379 2 1
998 72 2 11
718.10460241419037 862.29984906609809 8 3
424.7747466029312 474.80600490689505 8 9
996 146.98066401624374 4 2
192.79161809054119 768.88150390893429 4 10
270.50966799187808 999 1 0
620.4709960243656 1 1 12
261.92123476734571 233.19597292883998 8 3
412.83974816162146 665.72768457623943 8 9
594.81414177487318 2 2 1
724.75526727182751 2 2 11
996 138.98066401624374 4 2
858.50422830794878 211.14005200012184 4 10
330.2552820844918 347.0744688423091 4 2
996 130.98066401624374 4 10
719.09841302233508 2 2 1
2 422.98066401624379 2 11
1 767.49033200812187 1 0
230.50966799187808 999 1 12
10.928203230275509 705.49033200812187 4 2
996 122.98066401624374 4 10
998 801.49033200812187 2 1
766.98066401624374 2 2 11
1 893.49033200812187 1 0
788.20101012677674 999 1 12
228.97819440792392 498.26782769463784 8 3
610.66471945582668 138.26073778415866 8 9
758.23399718031169 319.08091527411131 4 2
12.428606220913048 665.81178667380664 4 10
291.88225099390854 998 2 1
2 644.11774900609134 2 11
999 316.98066401624374 1 0
999 534.98066401624374 1 12
845.59290547667979 196.71013481558751 8 3
497.38664413326046 289.61928097637315 8 9
305.81170771131968 864.71747843003072 4 2
932.80179578093635 103.5555555555555 4 10
76 998 2 1
998 913.37258300203052 2 11
518.19804969782092 804.05550082941033 8 3
426.42970647802088 598.58779827949286 8 9
1 833.49033200812187 1 0
798.29437251522847 1 1 12
781.21224776646386 614.88041275837622 4 2
139.24734748328433 407.8044504584725 4 10
998 397.32380976675137 2 1
212.85281374238571 998 2 11
606.19652001126201 762.72885478738908 4 2
10.928203230275509 577.49033200812187 4 10
1 181.13708498984761 1 0
92 1 1 12
525.07100999620422 725.07803558045134 8 3
252.09373352978304 214.42090764101505 8 9
361.69819506656586 117.71462117701869 4 2
453.93477645256638 932.80179578093635 4 10
2 915.14718625761429 2 1
2 378.98066401624379 2 11
832.31773207905053 187.77874235624068 8 3
539.66207318824047 731.64316124002585 8 9
1 325.80909114099001 1 0
999 334.98066401624374 1 12
561.07181101040055 165.54426133319765 8 3
421.79296018989123 613.90121017428351 8 9
719.97749789494117 169.84042880999567 4 2
987.57139377908697 671.3021186819285 4 10
390.57864376269043 998 2 1
998 604.35324701827426 2 11
305.75385297199284 778.78467101028309 8 3
626.99186154844051 135.36619535557145 8 9
649.53374724230048 254.66384964426615 4 2
869.08524886471992 358.88041275837617 4 10
603.63246763185271 999 1 0
983.51471862576136 1 1 12
477.49033200812187 998 2 1
900.11774900609134 2 2 11
662.51332554464182 869.06780287865786 4 2
626.42449553292772 498.98066401624374 4 10
980 999 1 0
999 318.98066401624374 1 12
2 467.14718625761424 2 1
2 318.27416997969522 2 11
430.85426629883057 841.98366682450683 8 3
357.72449170100384 862.32879473602065 8 9
276.26589214218171 241.49306623555822 4 2
805.68844958615216 756.13660598135516 4 10
999 475.46594539048232 1 0
1 545.49033200812187 1 12
998 76 2 1
911.02943725152284 2 2 11
601.38460727831125 149.37191831159177 4 2
988 980.68629150101526 4 10
89.455844122715703 1 1 0
999 731.46594539048237 1 12
256 86.978250586152114 4 2
319.29549877064346 259.87435106262774 4 10
493.96132803248753 2 2 1
904.11774900609134 2 2 11
126.54190655660204 131.94677827395492 4 2
633.70426604598856 212.56202924869461 4 10
481.49033200812187 998 2 1
834.34314575050757 998 2 11
999 446.98066401624374 1 0
1 721.49033200812187 1 12
422.41498657483999 515.06688984266407 8 3
280.66191168049738 755.37256574435787 8 9
426.280455464912 887.82631261213271 4 2
934.11208040251768 19.850559463309828 4 10
2 447.8334777586295 2 1
998 220.3532470182742 2 11
900 999 1 0
1 677.49033200812187 1 12
421.11043851043451 490.38075518429162 8 3
524.24460412340136 709.09939191669196 8 9
401.61059569767269 372.00394295226499 4 2
493.49033200812187 951.50757749752938 4 10
2 442.98066401624379 2 1
998 117.32380976675135 2 11
654.87987095099857 134.23991603005891 4 2
241.93452437320124 455.54951126107147 4 10
703.51471862576136 999 1 0
696 999 1 12
36.970562748477143 2 2 1
998 113.32380976675135 2 11
12 924.68629150101526 4 2
850.42434075677841 126.38134430727024 4 10
661.11783135321605 734.0850503517953 8 3
136.19335462421697 396.19957529254481 8 9
999 770.98066401624374 1 0
716.26998589758887 1 1 12
259.87589615074774 895.51357049070259 4 2
277.04062490026911 514.46304004749868 4 10
998 80 2 1
41.372583002030481 2 2 11
420.65261059669865 629.86052102423264 8 3
650.17440077777735 745.75729637561415 8 9
999 266.49538264200515 1 0
999 774.779653889467 1 12
379.80616926548572 293.02832553493624 4 2
927.7734808924987 109.7777777777777 4 10
547.77882185505007 994.38465312923756 2 1
678.97705259733971 718.1234542147248 2 11
581.36237596524131 768.85483144151397 8 3
440.242348613123 829.02743625925098 8 9
399.08998493198283 66.140750413714414 4 2
763.67854533431523 987.57139377908697 4 10
999 326.98066401624374 1 0
981.51471862576136 1 1 12
533.70383367703892 800.1095328632673 8 3
500.20748000595876 101.70465987021097 8 9
57.785696889543466 361.14139134908618 2 1
484.58018819721894 710.06992556987768 2 11
519.7734114590877 117.92906017053222 8 3
608.02896052554752 331.3689325393313 8 9
174.70631115243194 598.85432702699779 4 2
803.47308651871435 64 4 10
999 206.98066401624374 1 0
999 223.18167414302039 1 12
550.51285805080011 743.40158238686547 8 3
297.16951418441636 765.28248127749862 8 9
3.9220245868163355 105.16481968371113 2 1
556.44960467527949 982.05430311045654 2 11
988.76930625847501 710.40368432238745 4 2
336.12641071955483 335.51338584489935 4 10
1 713.49033200812187 1 0
406.2354980121828 999 1 12
994.53589838486221 803.49033200812187 2 1
185.9475484487194 776.12170405885206 2 11
122.68743851614894 662.32513078283239 4 2
988.76930625847501 415.55764371010002 4 10
691.3192460450316 562.98066401624374 4 2
363.46527586803529 888.8052073055095 4 10
961.32418741535298 154.19061264878093 2 1
566.21972871157959 200.29841994119124 2 11
1 825.49033200812187 1 0
1 547.49033200812187 1 12
388.80957597953585 560.39885160807069 4 2
125.71450498799771 522.04413865603499 4 10
661.5259617894485 842.214704654451 2 1
426.12433737776769 556.83383948922551 2 11
358.50966799187808 999 1 0
999 477.46594539048232 1 12
895.51357049070259 572.34689217511334 4 2
380.19961202952913 790.1650963666799 4 10
615.35060043533963 793.96342783725788 2 1
238.01300073206446 111.31599902391405 2 11
1 733.49033200812187 1 0
238.50966799187808 999 1 12
988.76930625847501 326.40368432238745 4 2
470.15430397576262 67.143283503078067 4 10
9.7001695926375451 583.3633153543293 2 1
580.21064615635976 624.75531050532391 2 11
423.06497125860085 645.67761671329345 8 3
513.55863752117 697.19098657525365 8 9
131.59003298894569 410.12081285127545 4 2
517.76538694997146 18.6906057379408 4 10
1 593.49033200812187 1 0
652.4709960243656 1 1 12
254.15545954292469 893.70343098892988 2 1
54 994.53589838486221 2 11
426.77185200851557 353.9127386743794 4 2
616.52364762353557 339.84479775223286 4 10
546.42265764857257 790.40224092467088 8 3
529.21460236653354 693.89087070444839 8 9
999 908 1 0
999 126.98066401624374 1 12
447.71255423034415 927.7734808924987 4 2
160.83774527504394 397.48757843835995 4 10
17.945696889543477 372.02139134908617 2 1
716.39763273870994 174.65546416430007 2 11
999 150.98066401624374 1 0
721.92684014708129 1 1 12
287.36539500061497 284.28778455609256 4 2
674.72876651674494 682.28270373568535 4 10
991.40741103032269 463.11955969809878 2 1
121.45356129378806 128.76735340671897 2 11
708.48029366012554 874.25153546011848 4 2
426.23530641728576 960.71418017039309 4 10
604.4709960243656 1 1 0
736 999 1 12
831.78795198892067 874.43594116554038 2 1
46.054303110456537 372.02139134908617 2 11
335.01493610175908 824.62905078000756 4 2
367.94899544364739 242.87210378907878 4 10
44.201010126776673 1 1 0
1 920.68629150101526 1 12
273.79929902320009 246.96261085877802 2 1
390.71897670499595 419.59931357002228 2 11
417.55654153408022 350.2594438128221 4 2
632.4709960243656 86.978250586152114 4 10
601.63246763185271 999 1 0
1 565.49033200812187 1 12
883.20106567984237 797.83241467658058 4 2
843.28537517442862 122.77091906721539 4 10
813.19255285063025 242.07265688304304 2 1
621.1478963970327 212.16484390894141 2 11
510.71436188713267 107.5016792021659 4 2
559.50974439764764 383.08091527411136 4 10
284.83526287973575 523.80083972317129 2 1
277.28762137625881 447.91485717613244 2 11
1 270.4751801064719 1 0
1 517.00505063388323 1 12
169.00959981521703 669.63206007128804 4 2
557.49033200812187 951.50757749752938 4 10
295.44121965060503 734.91208074821634 2 1
238.55982157730909 116.45423131243842 2 11
428.91091325402232 660.57140609632711 8 3
554.31950977697647 776.48679172379627 8 9
857.6913421348986 1 1 0
13.65685424949238 1 1 12
872 958.97825058615217 4 2
11.230693741524936 538.06731170197816 4 10
443.5227923633646 816.5199099562202 2 1
259.98534482690286 91.463451430114219 2 11
999 170.98066401624374 1 0
999 422.98066401624374 1 12
511.9024535294418 12 4 2
125.91854533431521 35.891393779086954 4 10
991.52786404500046 206.98066401624374 2 1
703.45509187629261 228.94341099569641 2 11
757.27598111035536 311.13848458762084 4 2
276 10.928203230275509 4 10
999 542.98066401624374 1 0
1 695.49033200812187 1 12
604.4709960243656 8.4721359549995796 2 1
461.75266633055787 791.12421210397156 2 11
988 879.4314575050762 4 2
251.62797845203977 486.1080998294679 4 10
1 657.49033200812187 1 0
999 414.98066401624374 1 12
924.68629150101526 12 4 2
379.52696017029933 826.26387530346403 4 10
279.35250855996873 620.77502183612364 2 1
872.49357294972322 225.01030722212676 2 11
999 158.98066401624374 1 0
999 916.20101012677674 1 12
571.25619907018995 775.32516285234055 4 2
469.61674267621544 562.98066401624374 4 10
430.46332038052168 59.529107438367454 2 1
686.14746727677527 826.20820271651496 2 11
544.55148154252106 135.0033438643035 4 2
304.38664592111036 685.66482850907266 4 10
370.91168824543144 1 1 0
999 662.98066401624374 1 12
5.9989994750393087 101.74631484772053 2 1
875.98534482690286 963.46345143011422 2 11
877.4237297311123 803.36616470124841 4 2
694.70810364299086 199.65730924248822 4 10
1 595.49033200812187 1 0
1 841.49033200812187 1 12
668.56245751133019 445.74536843614061 2 1
617.81438003929929 816.49579495305147 2 11
130.19493793900898 733.92658595356443 4 2
392.34758911771257 70.446571901387898 4 10
578.00120671504578 936 2 1
283.2069339056838 623.00037534704347 2 11
955.51471862576136 999 1 0
999 354.98066401624374 1 12
515.57324384851972 562.98066401624374 4 2
406.58576493432696 188.47379358623709 4 10
103.55555555555556 438.1788682353075 4 2
229.98330412912347 302.15555482300971 4 10
483.77882185505001 994.38465312923756 2 1
671.97952981849369 447.82469930149512 2 11
897.28932188134513 1 1 0
912.48528137423864 999 1 12
35.891393779086926 683.40887734243711 4 2
560.1524423359981 491.23527347322937 4 10
171.52323443493128 567.16235082950357 2 1
174.25888980982285 666.72603967347072 2 11
1 577.49033200812187 1 0
800.29437251522847 1 1 12
198.60991924974564 869.08524886471992 4 2
744 913.02174941384783 4 10
727.3707608831603 858.53975502100593 2 1
822.80592201507284 209.14429503548709 2 11
356.02764810631726 251.33201956566623 4 2
359.08664768573436 988.76930625847501 4 10
999 142.98066401624374 1 0
999 550.98066401624374 1 12
778.02181751340663 609.7989607217653 2 1
41.885483661798986 683.67512248881292 2 11
662.25056404378313 131.12979009499159 4 2
108.60029170326736 554.47679621136319 4 10
1 646.94617613083756 1 0
278.50966799187808 999 1 12
131.98699557751064 246.3491601614374 4 2
469.61674267621538 434.98066401624374 4 10
709.08448460368709 868.28203352915989 2 1
421.0612967288917 839.95937756596413 2 11
108 1 1 0
1 219.56349186104043 1 12
798.07772875125886 369.35982640038844 4 2
651.93227407882739 800.97793544223623 4 10
296.39836242841045 775.25270318923208 2 1
371.24225728206005 236.861437341716 2 11
408.2354980121828 999 1 0
999 961.45584412271569 1 12
671.00369402040621 427.23527347322937 4 2
494.1667417533248 153.62814174810492 4 10
141.15095521000754 657.05901430610368 2 1
556.08287685287019 517.01642397247474 2 11
746.75414490874232 109.77777777777774 4 2
658.06618373225058 186.05736991023502 4 10
999 590.98066401624374 1 0
999 984.68629150101526 1 12
332.23905587020488 411.54048775176256 2 1
872.2805873704807 964.97168622254026 2 11
551.35691299001417 830.78450252794596 8 3
555.88723900587365 758.47195163747585 8 9
361.31865377517784 368.99179584474268 4 2
764.35324701827415 68.000000000000085 4 10
1 901.00505063388323 1 0
260.50966799187808 999 1 12
991.52786404500046 790.98066401624374 2 1
476.47047776577045 562.98066401624374 2 11
135.80405891748396 981.30939426205919 4 2
359.25042166842906 393.59850345857711 4 10
624.68853622718552 975.55555555555543 4 2
427.95946781059104 895.64813577192456 4 10
344.61138604883547 125.2395270781477 2 1
555.58937716310254 786.40583587238507 2 11
999 462.98066401624374 1 0
644 999 1 12
201.34609049692904 627.37520270102198 4 2
746.12642446279244 310.8897383028696 4 10
255.58898009212785 225.45629911606326 2 1
844 991.52786404500046 2 11
83.798989873223334 1 1 0
999 214.98066401624374 1 12
815.73193860106903 808.22091680848905 4 2
147.42302030614371 11.230693741524936 4 10
164.36288192797582 869.45089606216027 2 1
959.92751971226232 134.72708605385714 2 11
1 457.49033200812187 1 0
210.02438661763952 999 1 12
599.18058914282449 758.88480561375638 4 2
168.61892869685613 471.03310313893758 4 10
425.42267561005536 373.29515925770045 2 1
740.01465517309714 908.53654856988578 2 11
576.37522538244264 500.60150163209897 4 2
856.97767614720044 751.07158972961793 4 10
343.51471862576142 1 1 0
893.49033200812187 1 1 12
839.2436209409932 238.27405637503236 2 1
6 447.8334777586295 2 11
605.98275451059249 936 4 2
19.313708498984759 12.000000000000002 4 10
1 15.313708498984759 1 0
734 999 1 12
953.58017267666401 170.87787058950036 4 2
41.021749413847886 557.49033200812187 4 10
139.7258510228757 726.91065851016265 2 1
294.82805134614546 730.95935705051045 2 11
215.51471862576145 1 1 0
1 284.61731573020285 1 12
672.15316469573668 755.39752130237844 16 4
344.00986165119866 858.2345742490362 4 2
936 828.99790950565125 4 10
315.34821286981543 308.13342001470329 2 1
443.82281059002048 938.95075410719016 2 11
394.94576576297243 555.26590168218513 4 2
16.944271909999159 298.27416997969522 4 10
552.4709960243656 1 1 0
999 516.98066401624374 1 12
587.32172945017851 626.98066401624374 2 1
870.29405830567759 364.75738304377415 2 11
196.63499245493091 262.86014466683719 4 2
651.89401633050932 11.230693741524936 4 10
642.4709960243656 1 1 0
228 1 1 12
136.64939278515789 729.46710227280994 2 1
404.25201693051639 799.71822465775472 2 11
264.54291435016324 632.144242151085 4 2
647.38274549590369 614.88041275837622 4 10
364.72583203707268 112.53452326531664 2 1
609.73354676277063 931.31688592056514 2 11
120 1 1 0
999 82.828427124746185 1 12
553.49041820894752 935.95451580072245 4 2
308.68293650438972 357.03974378493785 4 10
107.94889470428618 545.37958575368623 4 2
316.49421863862977 693.85600548031448 4 10
994.53589838486221 54 2 1
358.50589809961775 820.66524495293186 2 11
296.48528137423858 1 1 0
208.02438661763952 999 1 12
236.57697969385629 11.23069374152494 4 2
873.01462178009194 827.13586003786145 4 10
534.47560703650606 549.99060608542698 2 1
956.82272678530842 128.11025635967641 2 11
366.50966799187808 999 1 0
956.68629150101526 1 1 12
201.66095205726941 386.77392356406324 4 2
100.12580428890121 819.88020907404018 4 10
770.25785639003857 270.33383627335132 2 1
47.875484503402902 557.49033200812187 2 11
1 773.00505063388323 1 0
734.41212152131993 1 1 12
798.07772875125886 500.60150163209897 4 2
368.66919685728834 894.88132500825452 4 10
613.62730363759556 369.77064911106157 2 1
814.85387206743508 801.05404659724093 2 11
304.38664592111036 581.86533102480792 4 2
554.40032866435809 912.04311291321017 4 10
920.68629150101526 1 1 0
206.02438661763952 999 1 12
714.41474460688198 871.59419946630601 2 1
841.33917634195461 242.99730649006221 2 11
945.37258300203041 68.000000000000085 4 2
583.25675420462323 344.86607464738921 4 10
545.37584710802969 815.94446038126182 8 3
556.34883545309265 137.19934949014356 8 9
999 552.98066401624374 1 0
1 637.49033200812187 1 12
390.031376737953 202.56864939155977 4 2
67.999999999999986 425.60808101421333 4 10
991.40741103032269 278.84176833438875 2 1
383.3423689920715 373.7371569204924 2 11
999 582.98066401624374 1 0
999 572.98066401624374 1 12
274.50219675301821 397.45790464925699 4 2
194.43607171165098 513.2057278547511 4 10
668.47024031264186 449.7443052933898 2 1
763.29490179259278 887.44637815501221 2 11
679.71351493821987 312.43198162064465 4 2
988.76930625847501 543.55764371010002 4 10
780 999 1 0
999 444.98066401624374 1 12
389.15106395397908 75.52419209963216 2 1
413.05020309432541 354.22087207373863 2 11
869.08524886471992 742.88041275837622 4 2
60.395297256450291 316.85133746259947 4 10
732 999 1 0
168.48528137423855 1 1 12
521.61126211305213 558.26013889570595 2 1
377.72007717229485 892.27786982783073 2 11
627.18487033956876 757.86631632628485 4 2
128 86.978250586152114 4 10
780.00343832550618 620.75738304377433 2 1
900.13889568185505 991.40741103032269 2 11
999 216.98066401624374 1 0
880 999 1 12
376.5685424949238 12 4 2
24.444444444444436 119.31146377281438 4 10
647.38274549590369 511.08091527411131 4 2
130.29587576843863 987.11111111111109 4 10
189.84243112526661 261.94647335802472 2 1
450.15520629495393 827.71014639754048 2 11
999 910 1 0
864 999 1 12
892.70619738922244 698.72605455925816 4 2
958.97825058615217 306.98066401624374 4 10
688.35206931623736 870.53059540413733 2 1
386.20249032903178 78.227137452070025 2 11
1 567.49033200812187 1 0
999 345.52481989352799 1 12
371.54022760648616 18.222222222222229 4 2
362.11714925368273 136.44239192222776 4 10
804.07542803060574 369.52596897326185 2 1
235.98325901910349 302.17882106904779 2 11
999 298.98066401624374 1 0
999 258.98066401624374 1 12
434.97470207777729 321.47261976407151 4 2
238.40941673401051 892.06349945087197 4 10
299.91865509895376 388.73624101361418 2 1
608.17079838895972 9.99248540921851 2 11
298.10619570853049 459.9146942048078 4 2
852.21976787992492 625.35982640038844 4 10
640.40202025355336 999 1 0
202.50966799187808 999 1 12
635.92145835585882 143.38257239616439 4 2
805.24146591588021 226.22533616956724 4 10
668.1487280694912 421.95804224661862 2 1
592.12650582007927 841.89671725161213 2 11
714.26998589758887 1 1 0
1 80 1 12
526.45665478797753 216.95927559206524 4 2
430.63793797243494 399.00428440691127 4 10
503.20184216119372 994.38465312923756 2 1
801.91314952517598 629.20601752716357 2 11
248 1 1 0
698 999 1 12
132.46229497061319 777.62335170377412 4 2
206.35260418035443 380.29407785942243 4 10
461.6709922862816 557.2876632841793 2 1
527.81333401769393 222.80388177791352 2 11
797.46199142343653 228.09075210747994 4 2
127.90898315036372 726.26013888179318 4 10
999 43.313708498984759 1 0
80 1 1 12
55.098966443146679 314.0319616600413 2 1
761.03944860560034 324.38463494056674 2 11
975.55555555555543 810.29212778905821 4 2
642.90644058264138 379.60112844235863 4 10
782 999 1 0
999 790.98066401624374 1 12
373.63857246114037 965.32188016251439 2 1
724.70509820740722 887.44637815501221 2 11
487.6567221811747 296.64271452459724 4 2
438.34791228788737 667.98376396915205 4 10
999 286.98066401624374 1 0
1 569.49033200812187 1 12
201.34609049692898 640.1549568328586 4 2
988.76930625847501 582.40368432238745 4 10
190.65230647532672 492.84447347756407 2 1
645.32685872091429 485.99060608542698 2 11
864.15849074000619 754.59804712816219 4 2
60.000000000000014 177.13708498984761 4 10
283.85928700625163 519.92173272614514 2 1
443.48859641231923 671.0778497360327 2 11
849.49033200812187 1 1 0
624.4709960243656 1 1 12
289.43613794937806 124.74413828963708 4 2
744 958.97825058615217 4 10
434.96925949985462 403.15635061858347 2 1
648.34003488085716 483.35987055536094 2 11
999 898 1 0
999 524.43650813895943 1 12
97.462121258611731 331.34445983314924 4 2
482.22310735836675 302.51432673568218 4 10
323.05598085900687 763.19609184395756 2 1
498.22678126055274 127.43094290543816 2 11
892.70619738922244 314.72605455925816 4 2
553.05791938301854 944.84771876623302 4 10
999 601.52481989352805 1 0
336 1 1 12
100.82939674327343 548.25889539558489 2 1
273.74233738968485 236.04956814966249 2 11
828.54994353892903 147.14289719959123 4 2
868.44255092636945 634.72605455925816 4 10
859.6913421348986 1 1 0
999 343.52481989352799 1 12
711.61947775985288 137.93206784579922 4 2
93.109873420463757 816.03615990040748 4 10
635.90455109278344 788.60776301367684 2 1
268.54542794810908 888.63663190609452 2 11
474.66190488337566 999 1 0
576.31875913286808 999 1 12
651.82561729402357 141.63393622200152 4 2
975.55555555555554 880.68853622718552 4 10
300.95977837633279 679.72931981070917 2 1
520.14907649229974 689.66994182283963 2 11
220.16195729514325 363.44328632957792 4 2
590.35492293145171 760.90913455197051 4 10
701.51471862576136 999 1 0
1 477.49033200812187 1 12
497.87383440452737 792.68476195477058 2 1
394.74707711109977 561.26261101477894 2 11
558.83505715434319 148.93897050839757 4 2
869.08524886471992 255.08091527411131 4 10
1 705.49033200812187 1 0
999 198.98066401624374 1 12
432.79815783880622 5.6153468707624699 2 1
556.08287685287019 480.94490406001273 2 11
498.13907360805513 698.64565387950177 4 2
67.029321455070644 375.70867292494086 4 10
258.50966799187808 999 1 0
1 509.49033200812187 1 12
919.87548450340296 562.98066401624374 2 1
535.95006246687694 172.00623226429036 2 11
764.35324701827415 60.000000000000114 4 2
708.10673191866135 302.0794504763353 4 10
318.39756590700972 821.24576014437491 4 2
321.2521269059053 568.144242151085 4 10
100 8.4721359549995796 2 1
515.60918562444226 730.10798187858188 2 11
266 1 1 0
550.4709960243656 1 1 12
147.38703974717103 391.87506221380903 4 2
175.18002946912031 542.49378505317816 4 10
946 5.4641016151377544 2 1
992 874.95932155007665 2 11
622.4709960243656 1 1 0
882 999 1 12
561.94059275778352 854.07072212320656 4 2
146.81636868753267 257.79444796296372 4 10
406.06106480251776 804.55845088019885 2 1
5.6153468707624699 132.22117814494993 2 11
1 85.514718625761432 1 0
999 264.49538264200515 1 12
170.01313838790236 824.59312099781289 4 2
456.65876647448596 188.97486636783344 4 10
104.93828108906087 935.19592813120698 2 1
622.30725636533884 821.03942689638279 2 11
822.17886823530739 24.444444444444503 4 2
754.78392614048119 553.61443585737413 4 10
1 983.51471862576136 1 0
1 805.49033200812187 1 12
511.24779582752228 268.26629616641424 2 1
837.60115986660537 818.17813967342988 2 11
476.45928753962414 693.25819681466896 4 2
61.606621433188188 381.5903669388008 4 10
999 352.98066401624374 1 0
1 731.49033200812187 1 12
788.94846563297733 867.10989299961432 4 2
170.53814194995974 804.99786028107576 4 10
911.02943725152284 5.9999999999999991 2 1
395.68165628673358 200.55014969608493 2 11
999 642.98066401624374 1 0
294.71067811865476 999 1 12
24.444444444444503 932.80179578093635 4 2
546.56415094080683 206.01235664325588 4 10
259.12888072484674 223.5937461609835 2 1
364.44766196683548 569.76507976694029 2 11
60.000000000000014 425.60808101421333 4 2
11.23069374152494 832.91335231426558 4 10
1 639.49033200812187 1 0
46.201010126776673 1 1 12
768.46605073917033 216.05839048914609 2 1
982.181520963715 888.84846639314947 2 11
208.3620213653665 631.21925187465467 4 2
24.444444444444422 438.1788682353075 4 10
538.66190488337566 999 1 0
1 918.68629150101526 1 12
377.80767773410116 784.66249240797492 2 1
630.16886783674363 308.71427825014126 2 11
210.53002186941274 498.65601285090145 4 2
8 917.75808827073979 4 10
240.50966799187808 999 1 0
999 20.686291501015241 1 12
129.86101954202371 240.73843597497671 2 1
388.69143033862474 196.72018432396069 2 11
301.83326504525922 751.72327586948131 4 2
697.94638561520196 276.85400858626446 4 10
986.77717797240575 126.71510357124973 4 2
232.01042176665339 309.894469093346 4 10
929.49194714485498 15.59244677522595 2 1
762.15618666680518 710.67678487604257 2 11
1 793.49033200812187 1 0
268 1 1 12
548.96511741554934 804.49382115632955 4 2
212.35946247119406 375.01036198195789 4 10
434.46330041841333 59.541744545162196 2 1
214.35100039051767 631.58274910476644 2 11
1 529.49033200812187 1 0
548.4709960243656 1 1 12
781.12686015426902 255.15332217130646 4 2
432.85078500367575 331.85647552565342 4 10
9.3453028689703999 179.86247252907512 2 1
488.22224578014664 302.61600365697694 2 11
999 682.98066401624374 1 0
298.50966799187808 999 1 12
481.52435817043369 773.46472882185208 4 2
751.78245979718008 103.5555555555555 4 10
430.57856869020605 574.27401791191653 2 1
168.35998302492541 569.6105829502585 2 11
115.37619669453069 184.85044915609433 4 2
787.5182860714151 250.34191128201073 4 10
1 537.49033200812187 1 0
1 895.49033200812187 1 12
309.06510526009464 349.04887730863112 4 2
492.24190877399133 737.30734601719632 4 10
668.56245751133019 552.21595959634692 2 1
414.84524325196344 319.27073742163191 2 11
999 574.98066401624374 1 0
359.5979797464467 1 1 12
422.605140049949 587.21358658648899 4 2
848.12699890174395 370.98066401624374 4 10
627.7443905309251 211.86929275842775 2 1
842.3045909501202 187.26624856180314 2 11
148 1 1 0
43.313708498984759 999 1 12
103.55555555555556 189.70787221094179 4 2
908.92898043566697 305.35982640038844 4 10
614.84313654531888 990.65469713102959 2 1
872.51211640949737 608.94490406001273 2 11
767.98307291962169 859.39690875399799 4 2
12 111.19595949289331 4 10
1 475.49033200812187 1 0
584.4709960243656 1 1 12
762.28471188777905 217.67751955189249 2 1
870.88378743544547 381.74536843614061 2 11
374.15208511910112 832.18930509243353 4 2
652.27178866527822 757.57258156258126 4 10
1 511.49033200812187 1 0
586.4709960243656 1 1 12
114.01200662157989 557.06780791394453 2 1
113.66752141810134 432.02990990905363 2 11
250.50966799187808 958.97825058615217 4 2
462.58580868181218 64.551396355563725 4 10
169.21276551312531 818.64674367533144 2 1
256.22226762984457 80.982368907806276 2 11
999 479.46594539048232 1 0
118 1 1 12
893.02481562935554 136.36872562413151 4 2
353.40823063773121 701.574680259861 4 10
768.68852994232554 728.87847056547662 4 2
533.08142277166496 444.3468921751134 4 10
747.98534482690286 908.53654856988567 2 1
494.4344147375092 147.63411545741036 2 11
338 1 1 0
1 350.29437251522853 1 12
11.230693741524936 794.06731170197816 4 2
136.36872562413151 477.95584838688819 4 10
611.843558904632 934.7150985038503 2 1
309.0355269813831 755.48720910613974 2 11
1 40.485281374238575 1 0
116 1 1 12
777.43613794937812 875.25586171036286 4 2
964.10860622091309 432.89920935055898 4 10
350.50966799187808 991.52786404500046 2 1
376.5685424949238 30.000000000000014 2 11
819.6411608886641 16.857611019174602 4 2
807.71013389278039 158.56109024498261 4 10
370.50966799187808 999 1 0
824 999 1 12
238.78622403893786 235.86780908396685 2 1
305.79387484104109 757.83064491729738 2 11
874.08145466568476 907.89139377908691 4 2
714.62879978816829 129.53086419753086 4 10
1 469.97561338236045 1 0
244 1 1 12
794.02875507903195 496.1736565352586 2 1
510.19444560100902 234.02740243891515 2 11
109.77777777777779 194.73618709937944 4 2
549.43614338078771 333.65662815173397 4 10
664 999 1 0
920 999 1 12
913.02174941384783 690.98066401624374 4 2
367.16885265358837 250.83397399821422 4 10
867.0293620897304 613.99060608542698 2 1
650.45799529230112 111.31599902391406 2 11
999 918.20101012677674 1 0
999 134.98066401624374 1 12
643.93267445607307 636.34689217511334 4 2
757.59129924196134 442.7260545592581 4 10
340.85640405637002 126.61797193967105 2 1
6.0000000000000009 26.34314575050762 2 11
988.76930625847501 198.40368432238745 4 2
533.59014041490582 716.6267388214236 4 10
1 225.2203461105328 1 0
368.50966799187808 999 1 12
290.60018399407028 754.26317698415221 2 1
430.3617027640318 995.15573123147192 2 11
648.27362415543485 823.37345929161313 4 2
140.65928242974556 885.78304923829216 4 10
591.98571465012697 1 1 0
1 861.49033200812187 1 12
239.90131183648143 302.98434085169544 2 1
872 919.87548450340296 2 11
12.652466895702847 184.86873521697783 4 2
491.97085167537341 92.977807416788963 4 10
211.49380708262032 760.60725477134588 4 2
624.68853622718552 896.44444444444446 4 10
490.53793012082303 75.406579115682973 2 1
698.17298113458673 562.98066401624374 2 11
1 769.49033200812187 1 0
999 736.98066401624374 1 12
298.45886656381413 128.49790361154723 4 2
230.50966799187808 989.07179676972453 4 10
562.17344608755673 947.75678524535124 2 1
557.71120582692208 509.74536843614061 2 11
826 999 1 0
999 226.98066401624374 1 12
673.04364221087781 735.4173548917845 4 2
561.62464105093375 747.93239672403945 4 10
773.64769209853648 732.25585279264669 2 1
282.36580339772257 508.13760896896287 2 11
1 897.49033200812187 1 0
979.31370849898474 1 1 12
989.07179676972453 286.98066401624374 4 2
706.80697662837633 131.20987654320987 4 10
429.49486961838556 522.12913141950889 2 1
312.13713878985561 870.04265692748413 2 11
546.4709960243656 1 1 0
790.20101012677674 999 1 12
285.26650726670209 131.57159608665694 4 2
687.22647706685075 436.60150163209897 4 10
199.91304919907452 634.32860354468221 2 1
580.21064615635976 629.20601752716357 2 11
541.1797188568803 189.64383515968495 4 2
337.49738182612532 343.6756467916228 4 10
999 670.98066401624374 1 0
170.50966799187808 999 1 12
424.73184738104732 503.29267411486882 4 2
539.92161151805135 210.47068256417498 4 10
672.98588740731452 257.93806116091275 2 1
5.6153468707624681 361.26915386317194 2 11
1 850.03448788540618 1 0
918 999 1 12
988.76930625847501 454.40368432238745 4 2
809.74856644220847 763.02975120796737 4 10
304.40699072220565 352.83067171762633 2 1
180.47265621606883 664.49216582079748 2 11
724 989.07179676972453 4 2
557.03965511692877 176.8465495462429 4 10
831.51471862576136 999 1 0
716 999 1 12
742.88419724023618 870.0346170594305 2 1
92.679469047675653 364.94210294083302 2 11
792.58377638214176 234.43133709712288 4 2
634.55245069005036 35.891393779086926 4 10
999 599.52481989352805 1 0
421.82337649086281 1 1 12
902.00000000000011 811.54920651116754 2 1
250.50966799187808 919.87548450340296 2 11
327.55449724587493 821.74082432115529 4 2
528.15680483976303 810.75051360182852 4 10
555.58755491115426 351.28454315644484 2 1
218.13826785804795 632.8698408378558 2 11
176 1 1 0
999 976.48528137423864 1 12
388.80957597953585 579.13130792581001 4 2
373.30022314821503 417.75174632299769 4 10
453.68980951755697 60.971505502072255 4 2
372.92193532248399 433.69302852033525 4 10
542.94206776275382 129.22322385815352 2 1
420.93515259594159 890.55170015136025 2 11
892 999 1 0
999 734.98066401624374 1 12
384.83448415392331 299.25054775715842 4 2
680.73398008952267 272.83304807264068 4 10
700.96383551036342 129.8469011674282 2 1
14.508052855145017 15.592446775225939 2 11
1 106.48528137423857 1 0
999 952 1 12
521.73566909132478 815.52220257955219 4 2
747.17660509875975 18.690605737940825 4 10
549.54542870511261 915.56872582243852 2 1
204.54542794810908 872.51211640949737 2 11
304 1 1 0
644.4709960243656 1 1 12
282.17966750969055 278.19613203892851 4 2
246.06462837009104 480.35926204556051 4 10
663.69214259121372 125.30554325170037 2 1
863.39123857980007 253.18928981561618 2 11
105.702524729591 695.77907219066969 4 2
131.81976275939343 150.91180809177473 4 10
213.51471862576145 1 1 0
999 610.98066401624374 1 12
124.2842712474619 994 2 1
629.74567877378661 978.78438030511325 2 11
268.96095020653769 758.03480175660616 4 2
543.08319353250408 198.80937562692782 4 10
999 954 1 0
764 999 1 12
688.58887781392013 271.31628120220358 4 2
109.77777777777774 443.20718312374515 4 10
844.83656889949259 128.56693477003418 2 1
645.74281395784578 630.62645556729035 2 11
999 166.98066401624374 1 0
999 607.18167414302047 1 12
267.65655748229466 393.31819173950981 4 2
570.713154035716 873.28489642875024 4 10
8 106.72382353789374 2 1
133.7607624492961 975.66803453739249 2 11
370.08026310299215 426.21473332711321 4 2
585.79945102061345 337.28091196607818 4 10
100 1 1 0
302 1 1 12
270.88167452587271 238.84538788269361 2 1
522.52857808232136 686.45467011066899 2 11
981.7777777777776 805.26381290062056 4 2
770.81263832076002 866.87979320056547 4 10
1 665.49033200812187 1 0
999 454.98066401624374 1 12
291.16798754495193 130.48876160003007 2 1
615.38642115490973 823.38979161513123 2 11
788.65371019351585 227.15232510874461 4 2
18.690605737940817 194.31372690936203 4 10
174 1 1 0
386.50966799187808 999 1 12
872.27567911777714 353.79896072176524 2 1
490.04667386116955 731.72335607473337 2 11
569.43515818720596 767.53518145939097 4 2
945.37258300203041 59.999999999999957 4 10
669.3201502456493 127.38533406849282 4 2
309.31340404582397 697.38246287885875 4 10
174.91892912618877 670.6712073632973 2 1
788.31935157231851 617.74922740370687 2 11
23.313708498984759 1 1 0
222.50966799187808 999 1 12
280.35094721389646 263.45553746853676 4 2
747.38332256462809 720.48085767556438 4 10
447.35671766017947 937.0768542113899 2 1
840.00041683834695 850.66637631497804 2 11
999 554.98066401624374 1 0
852 999 1 12
135.07893967281396 891.51539384719001 4 2
591.78291619296067 196.26061268247568 4 10
95.89513790316505 367.32106780224552 2 1
696.96669562322052 129.99813847304858 2 11
999 526.43650813895943 1 0
999 482.98066401624374 1 12
694.09283517994766 264.12623634576414 4 2
536.53149381149547 575.08091527411125 4 10
200.32228888845293 512.0427801570786 2 1
234.89709239384058 236.80303902740476 2 11
888.8052073055095 194.02505614008655 4 2
173.56291163546655 720.99527289326898 4 10
999 296.98066401624374 1 0
1 515.00505063388323 1 12
147.29490179259278 112.55362184498779 2 1
124.51686870806182 271.35768448496646 2 11
157.96988586174783 850.24051680180094 4 2
139.44673885209087 558.47698061358699 4 10
999 168.98066401624374 1 0
999 262.49538264200515 1 12
891.99369578236656 183.25231161010868 4 2
414.23604246847231 480.54496954926202 4 10
333.91407941668683 871.6498176827555 2 1
429.57214018523717 851.90113387153258 2 11
972 999 1 0
289.05382386916233 999 1 12
281.4083953349583 645.86533102480792 4 2
161.96988586174783 843.31231357152546 4 10
561.12827813408558 511.82469930149512 2 1
963.46345143011433 310.9660088431466 2 11
584.86508148605594 129.99419642570695 4 2
562.95981543747826 617.61443585737413 4 10
1 723.49033200812187 1 0
999 782.98066401624374 1 12
6.2143031104565241 425.14139134908618 2 1
431.44008430578975 467.35125653375377 2 11
622.15082888054224 983.14238898082533 4 2
908.92898043566697 433.35982640038844 4 10
828 999 1 0
999 394.49538264200515 1 12
783.26813454145326 511.9707219470605 2 1
978.78438030511325 885.74567877378672 2 11
104.48642950929747 676.12410384925226 4 2
555.39866920885686 185.49433762167774 4 10
1 82 1 0
999 392.49538264200515 1 12
784.66231880629448 636.34689217511334 4 2
462.25938789893934 431.83911492681449 4 10
143.39381052626138 252.86635546862928 2 1
19.600036415072104 122.85147942884652 2 11
210.15762416598193 506.64734064736177 4 2
540.07054429178504 826.70799892710943 4 10
368.29505510700011 568.6707461683452 2 1
779.41370919573831 509.74536843614061 2 11
208 1 1 0
246 1 1 12
268.83999846829124 296.1124473795926 4 2
132.90475499672741 883.81650295341376 4 10
936.34181143696844 108.3999635849279 2 1
700.20262400578247 695.68727165745509 2 11
999 780.43650813895943 1 0
999 390.49538264200515 1 12
534.48419283287797 820.9815098301525 4 2
670.36099608205575 575.08091527411125 4 10
281.71002383284156 269.29958664216946 2 1
868.5122678346936 905.65887098155167 2 11
1 821.49033200812187 1 0
1 649.49033200812187 1 12
360.98827393565693 711.86375501280986 4 2
650.69133170939426 815.74753704027023 4 10
617.3283279271368 987.52039915608566 2 1
888.63663190609452 416.94490406001273 2 11
988.76930625847501 159.55764371010002 4 2
181.03240043297396 797.53295477848519 4 10
140 1 1 0
860 999 1 12
333.42337610795715 439.41753389558733 4 2
409.47384859627113 368.04839909575099 4 10
344.71092677701347 129.68912083912039 2 1
265.63131371432831 242.48227004917575 2 11
914.48528137423864 999 1 0
156 1 1 12
100.12580428890124 807.10045494220356 4 2
64 138.01724548940746 4 10
916.02809136323833 564.07499761483882 2 1
493.63199525555677 222.94295808497679 2 11
343.91180845534728 337.35392437900236 4 2
18.222222222222221 443.20718312374515 4 10
999 386.98066401624374 1 0
660.4709960243656 1 1 12
296.15043642073499 753.6482327064748 2 1
653.60102666847604 192.88752966761515 2 11
659.79198269338303 799.48629859156517 4 2
413.32394751980667 653.73745726473567 4 10
340 1 1 0
908.20101012677662 1 1 12
391.47364490715592 900.45340495175924 2 1
282.63066079179225 512.12883065671792 2 11
119.99432014743246 921.86817417555665 4 2
960.10075178321972 175.51274363146703 4 10
999 883.4314575050762 1 0
300 1 1 12
558.9542941195507 483.72967745844375 2 1
870.53865159558222 615.91021207732172 2 11
270.18821332619325 987.57139377908697 4 2
357.41895015632184 749.40682561153005 4 10
887.65880104636119 133.68434720537397 2 1
991.52786404500046 718.98066401624374 2 11
1 697.49033200812187 1 0
1 42.485281374238575 1 12
130.14075041371444 143.0899849319828 4 2
556.46087837489404 329.82869159758661 4 10
442.96182075333877 321.01881885784013 4 2
757.52689437136974 180.12814704821591 4 10
767.83394029541796 274.25433239153199 2 1
981.47758014237172 811.25629830983905 2 11
612.4709960243656 1 1 0
1 48 1 12
393.22894376332397 567.06737381254868 4 2
171.27695684682126 713.32882582149773 4 10
889.85123143830742 704.00328578586891 2 1
588.76833745656984 342.49490403841526 2 11
588.4709960243656 1 1 0
1 44.485281374238575 1 12
364.35683467221594 704.60753019792764 4 2
415.55087584290459 603.65248425321874 4 10
18.587073689685511 185.75216161505216 2 1
66.457166266832076 419.8098343764961 2 11
758.2339971803118 678.88041275837622 4 2
412.97081155114535 472.64565371016306 4 10
662 999 1 0
844 999 1 12
17.785669612131784 292.33345875065487 2 1
365.40942664195251 373.38105288352045 2 11
643.60905621827374 145.59635628484781 4 2
757.03953851928941 10.928203230275509 4 10
514.17662350913713 999 1 0
287.05382386916233 999 1 12
544.65931955529641 327.2393114118326 4 2
245.35094913385743 472.39115926335637 4 10
87.235598790415949 555.26497849720204 2 1
989.64893159851101 131.98321814013977 2 11
1 601.6913421348986 1 0
172 1 1 12
12.633602460592101 448.93145855037488 4 2
493.15885114873458 809.28052106715359 4 10
279.29280884230354 132.13277977702768 2 1
335.6365553120927 318.26779715392007 2 11
203.50787850392561 266.95446235816672 4 2
741.3685161955168 433.3598264003885 4 10
999 186.98066401624374 1 0
489.27503653147227 1 1 12
370.82046245600242 811.90802378348883 2 1
972 991.52786404500046 2 11
400.43665977765147 549.44781927304359 4 2
59.999999999999915 945.37258300203041 4 10
999 964 1 0
1 673.49033200812187 1 12
663.54687317075707 188.49909947729259 2 1
714.61306608159634 304.98141844538918 2 11
735.51775022721586 722.27200063625696 8 3
572.07188330322469 755.82844490890193 8 9
958.97825058615217 690.98066401624374 4 2
256 41.021749413847886 4 10
1 675.49033200812187 1 0
1 207.07821048680188 1 12
5.4641016151377544 380.98066401624379 2 1
228.66763538823827 341.78217486262776 2 11
281.93201010313794 290.15960953269638 4 2
465.400341107918 809.09503987575226 4 10
794.43054883623142 246.3144277661992 4 2
168.36517590150416 838.50604003505316 4 10
612.80164165448889 928.75041095762242 2 1
365.37340674846979 141.48191443211331 2 11
138 1 1 0
999 644.98066401624374 1 12
895.51357049070259 553.61443585737413 4 2
369.31697503872266 368.82791489671411 4 10
508.71950875896459 434.98066401624374 2 1
268.7652072492744 399.21487688407842 2 11
136 1 1 0
884 999 1 12
110.62261929273403 670.99115392336671 4 2
649.31135459473558 335.87863771955671 4 10
256.20266872394257 966.92400097608595 2 1
863.39123857980007 360.77203821687135 2 11
1 605.49033200812187 1 0
210 1 1 12
958.97825058615217 562.98066401624374 4 2
252 131.59591794226543 4 10
540.79708343836796 204.35678048302844 2 1
373.6572109392319 303.14029139748197 2 11
122.1143228100533 914.15418761149783 4 2
67.999999999999986 177.13708498984761 4 10
1 859.49033200812187 1 0
862 999 1 12
395.99634651843809 369.88729320479524 2 1
192.97723551700062 746.51162114733734 2 11
535.23142506192346 704.27344479049475 4 2
236.9162674680513 489.26855016296452 4 10
652 999 1 0
1 473.49033200812187 1 12
219.05398121318262 763.2233142346563 4 2
108.32145466568481 12.428606220913068 4 10
523.80877104676006 127.6908524913334 2 1
692.07183881175263 845.21915393363452 2 11
654 999 1 0
999 188.98066401624374 1 12
161.43613794937809 124.74413828963708 4 2
712.57219155410962 726.91270677770274 4 10
597.55945628993709 144.74934111741311 2 1
283.97862962538784 619.07552048142225 2 11
673.07669759052294 316.89882116257007 4 2
469.94594211955246 195.06909812100557 4 10
999 190.98066401624374 1 0
168.50966799187808 999 1 12
333.33166828966097 415.38837003957366 2 1
21.215619694886659 114.25432122621326 2 11
539.16188221710024 321.42741131697494 4 2
100.62558589593999 302.31302200393748 4 10
1 823.49033200812187 1 0
1 803.49033200812187 1 12
744.22226762984451 919.0176310921936 2 1
233.10569706755507 889.25804802558343 2 11
664.37202263348672 317.49796643866836 4 2
815.49058949893822 10.018549889254153 4 10
90.713692182129549 368.4257391610609 2 1
461.23197826268859 192.8589021478237 2 11
162.99494936611663 999 1 0
999 648.4953826420051 1 12
125.26737873108959 847.98934383109247 4 2
672.52670974643513 308.91774896822454 4 10
750.128097826057 237.2436564762547 4 2
464.5838294111548 187.88244820163615 4 10
783.14253945061023 868.62357102512192 2 1
565.30062657619408 763.18711886122799 2 11
166.50966799187808 999 1 0
1 801.49033200812187 1 12
210.51703063699381 258.28000130707539 4 2
577.00104870446785 131.46286535031462 4 10
40.386118133676014 687.38347832571378 2 1
68.930124248205559 341.38982994492136 2 11
999 110.49538264200517 1 0
667.18952815465332 131.90865690744204 1 12
565.06847086676362 867.61589722940778 4 2
414.78503927595091 595.68922522486127 4 10
534.18586821376914 710.18164340574776 2 1
749.37922397768511 179.67628747778963 2 11
999 108.49538264200517 1 0
872.72503687676897 228.1052130397606 1 12
716.76238754248584 241.04260137295219 4 2
168.78164710160701 127.91328569777716 4 10
441.4689406590357 17.945696889543477 2 1
36.536548569885781 561.47567683502473 2 11
629.71685111562317 890.22222222222229 4 2
758.23399718031169 575.08091527411125 4 10
647.6776298624527 798.35153056254433 1 0
922.85582726584994 563.32352990595859 1 12
671.97952981849369 550.13662873099236 2 1
900.11774900609134 126 2 11
172.63928679225933 564.37767362456532 1 0
185.55069106786414 822.83978383223052 1 12
380.12278098672999 371.36349875726393 2 1
531.18541478209306 220.65235410707842 2 11
868.61874807032734 824.07270571937909 1 0
56.281160373878144 942.03039332530852 1 12
868 868.40408205773463 4 2
752.97663878397623 244.7193380111421 4 10
175.24257771069125 475.79923193042362 2 1
666.9341285372783 672.94490406001273 2 11
644.27859043931596 342.09726175996337 4 2
279.23457200571659 297.691131803166 4 10
330.20163175174741 825.98260212153798 1 0
700.0514226602354 231.29015063984676 1 12
343.31370042266047 345.1488874317082 2 1
991.40741103032269 534.84176833438869 2 11
123.23618193310227 584.38794966660544 4 2
852.57697969385629 988.76930625847501 4 10
808.50057916120022 230.01719334701733 1 0
435.18438680064367 596.50079745326366 1 12
204.68099185604166 423.35325374582914 2 1
15.592446775225936 116.00161513673305 2 11
130.93375283587051 642.2575514939864 4 2
280.51426194702924 138.00713525767031 4 10
367.32060511077447 431.54242398686335 2 1
800.17045667753541 752.07145666819906 2 11
507.55977984904939 995.70370551516135 1 0
995.76393202250017 115.32380976675135 1 12
301.16618150399694 347.7812008927603 4 2
743.05911822511791 240.98925754971509 4 10
649.7081635971623 154.14900894603858 4 2
128.30807763952745 855.38894856028071 4 10
779.41370919573831 360.21595959634686 2 1
630.90969637688988 494.99531918934093 2 11
430.37751043142856 519.2619123495474 1 0
201.89081082034417 391.76863726447067 1 12
569.01895291000642 131.99779219394904 4 2
212.56396227916511 128.81607405097191 4 10
602.77981321424556 779.90886045873185 2 1
619.57076044337282 498.98066401624374 2 11
367.42930432545688 996.89284844477174 1 0
50.855827265849868 557.83319789783673 1 12
349.2673015768068 344.40415036579338 4 2
712.57219155410962 734.91270677770274 4 10
715.86110431814495 991.40741103032269 2 1
993.78569688954349 823.32960467527948 2 11
3 852.03448788540618 1 0
872 924.64218330839947 1 12
820.06366414809895 758.79026450916444 4 2
936 861.98275451059249 4 10
359.79838466813732 246.66494920179201 2 1
112.01545912140237 576.20771188338813 2 11
891.42302030614371 988.76930625847501 4 2
760.78737805616288 253.02246791370283 4 10
3 270.4751801064719 1 0
322.43894411339926 362.29533035214331 1 12
108.32145466568478 115.57139377908695 4 2
369.68438590637015 441.00864700261144 4 10
126.12446722581876 645.84513730075798 2 1
559.81708210904628 612.50334720363674 2 11
419.81593113169794 332.77785503189739 1 0
262.11749010119121 93.573891320120566 1 12
150.6160490596707 847.09074152594133 4 2
408.27157294395442 600.33408866116895 4 10
535.41555087842153 815.05423624181515 2 1
647.07540778450505 641.45798082885074 2 11
564.39347353910773 878.19016282526616 4 2
655.90436159246519 809.67923254575032 4 10
869.85709921462944 612.98865660942147 1 0
2.7320508075688772 722.49033200812187 1 12
281.87298334620743 9.7001695926375433 2 1
685.50932740880069 276.46568595443739 2 11
394.94576576297248 584.26425785169545 4 2
250.85033505739372 435.77028584101504 4 10
89.455844122715703 3 1 0
646.78452419914208 141.73418033048216 1 12
966.92400097608595 184.6736647483082 2 1
730.4879246575465 690.96402154242526 2 11
167.56556174577238 721.17358245718913 2 1
140.69173960736615 249.9169804925944 2 11
969 426.98066401624374 1 0
751.47093751397483 232.42735275114009 1 12
125.39678228777659 592.09066387053258 4 2
217.26451589940069 502.97418262061365 4 10
52.009053050259766 311.49179725109883 2 1
632.24872839452109 80.982368907806318 2 11
170.05625997336259 815.76776519407304 1 0
101.36029055753484 565.35515725832863 1 12
667.8430248787746 289.90704125350243 4 2
67.999999999999886 945.37258300203041 4 10
536.84160729537837 215.61981588817389 2 1
966.34112901844833 438.46839618155013 2 11
995.14991520368119 800.55384033501821 1 0
419.24540413553092 316.50508192855557 1 12
867.05086700406798 860.46058493392115 4 2
200.51518889434354 770.96631901791932 4 10
537.48878319644905 547.359870555361 2 1
668.47024031264175 548.21702273909773 2 11
2.7320508075688772 696.49033200812187 1 0
273.3496876107622 449.80018853718116 1 12
359.35978138114689 757.16782903613591 4 2
508.79575957374044 285.90012988159344 4 10
561.91484481015561 332.32954147773529 2 1
589.35137232137424 366.27405637503239 2 11
250.10878270539615 202.58621414161402 4 2
781.85494570481433 491.23527347322937 4 10
954.62342454851239 165.98791910386322 1 0
840.21853781560128 203.92928796838555 1 12
956.51087470692391 64 2 1
640.17457931650233 745.8170520667486 2 11
546.30421847905859 932.43904521456409 4 2
781.85494570481433 378.72605455925816 4 10
733 997.26794919243116 1 0
164.07789991605677 668.80844844884541 1 12
207.84162297075574 767.72494760070038 4 2
250.37043586888194 194.59049418515997 4 10
963.46345143011422 302.99531918934088 2 1
812.12223845843209 54.888888888888815 2 11
4.2962944848386613 420.91121617531627 1 0
428.50966799187808 4.2360679774997898 1 12
533.01992046430564 316.30136939096531 4 2
299.34115614109271 320.53032305187759 4 10
155.45850796735314 394.82979628258653 2 1
756.1781104053224 421.99060608542698 2 11
400.81238979939383 824.11249089092883 4 2
130.21044090645768 897.86344234747628 4 10
617.83785806965648 990.47681236026801 1 0
677.64714074473761 268.89967511047615 1 12
385.33595780125319 74.322125111717995 2 1
250.30699926793554 94.924000976085949 2 11
122.9673445044136 273.92653145244202 1 0
341.82532803240531 822.73519861074965 1 12
101.55884558675571 812.92680823037995 2 1
888.63663190609452 672.94490406001273 2 11
757.13394415975779 874.9650834228479 1 0
997.26794919243116 445.98066401624374 1 12
666.9341285372783 581.01642397247474 2 1
47.875484503402902 685.49033200812187 2 11
377.50569809242404 302.04981139687908 2 1
449.80674571818867 189.12815117813562 2 11
485.69381368521306 64.081282169364641 1 0
563.89764776243487 334.5808727399961 1 12
132.3752727959014 562.2178852924261 4 2
416.81643139364365 504.45292828803707 4 10
331.1076696379323 338.80158260842103 2 1
536.22415610009693 449.45798082885079 2 11
253.78319920869345 143.46268669294543 8 3
511.22420215436279 297.65183897570483 8 9
725.49513625518125 4.9073344987240697 1 0
760.18854964081106 437.25499647501164 1 12
891.67854533431523 884.42860622091303 4 2
913.20632296815359 178.69886387783217 4 10
534.73725495929261 722.51606206115639 2 1
117.91219513639217 126.90758843789868 2 11
502.51681463694661 251.39925254132385 1 0
901.55027097666505 571.8606479583832 1 12
621.43613101627852 346.40542977063876 4 2
514.559630316793 280.35235608867595 4 10
444.04137141737976 582.27556580883652 2 1
581.60202458396247 758.85770342695173 2 11
185.15997465403049 806.34934458437533 4 2
369.63293005515186 390.65889785617208 4 10
808.28083288662276 153.59376675456775 1 0
789.6591685529786 636.52435374577919 1 12
418.17426131910941 657.26937686295605 2 1
633.96037932674778 225.12206829890286 2 11
41.021749413847886 813.49033200812187 4 2
562.95981543747826 636.34689217511334 4 10
149.65391291534215 997.19232656461872 1 0
487.3025635546436 65.269526192117198 1 12
253.14313530481934 447.71965476698892 4 2
987.36639753940779 799.53953747399089 4 10
157.88124237471965 257.64735558202671 2 1
914.92667971501385 305.52596897326185 2 11
66.906276673333764 343.6043368863613 1 0
997.26794919243116 525.43650813895943 1 12
353.36045739413709 757.07776406576147 2 1
521.59162200669255 154.69672255307441 2 11
440.774294281648 672.35556799270501 1 0
908.91624520259586 995.08866410805115 1 12
685.28122778049919 558.26013889570595 2 1
872.27567911777714 260.16236731072217 2 11
726.94465700893454 885.45028788287982 1 0
996.89284844477174 423.90030034982254 1 12
509.5773621701739 562.75839638639923 2 1
121.14157444218834 945.11111111111109 2 11
546.78515453257933 781.4095441095277 1 0
383.40163843924682 385.43667563394985 1 12
118.91511577612877 580.22521171339986 2 1
898.13469576634543 809.03821423166494 2 11
533.0458875636773 932.80179578093635 4 2
249.69123421988508 186.61937850917084 4 10
418.60189102385505 963.10812449542141 4 2
863.06446229155324 853.52455022610434 4 10
190.91418538274411 518.0633318614872 2 1
120.66507258405375 940.52650589085226 2 11
595.55401075822692 4.9073344987240697 1 0
355.67387947261085 118.33575547807939 1 12
539.26810978589947 927.7734808924987 4 2
876 868.40408205773463 4 10
179.16782933025817 806.65625567702818 2 1
248.28431448095824 912.76440120958409 2 11
767.61086925800544 268.92193715413248 1 0
242.81685556864051 302.27751361264211 1 12
393.65715852455997 827.69057213702138 4 2
240.44169009281944 360.80368227950009 4 10
695.74839269334404 713.1274500801461 2 1
815.1931840731994 870.39315506070216 2 11
997.19232656461872 963.14424492346404 1 0
65.964115800836979 341.84015637112594 1 12
154.21407515506806 256.04989366288351 2 1
35.028313777459793 557.77091937860257 2 11
720.51568867792309 725.96357378177072 4 2
410.62826146778184 963.75714814870048 4 10
213.59268272573937 995.09266550127586 1 0
428.64488927438254 638.61613564080199 1 12
204.80943484614696 130.78262033585023 4 2
242.67908752019122 463.51478750989952 4 10
534.28961970874275 212.53966015223168 2 1
59.316885920565198 134.26645323722937 2 11
162.99494936611663 997 1 0
438.45336295501238 406.94848112628927 1 12
226.97902687439102 367.62987949726147 4 2
150.40887492663302 134.23991603005891 4 10
582.02683530841568 754.88032541519703 2 1
600.72849648354202 139.38833391976902 2 11
596.03668256431911 330.93850333419374 4 2
247.47661792331104 364.61285416060161 4 10
814.09775070961757 798.15089649911431 1 0
160.37652145747552 472.80239697623296 1 12
306.44253269609982 556.77502183612364 2 1
757.92665946891304 548.50334720363674 2 11
314.99797532088076 870.9457706206324 1 0
639.69867962694821 206.6345775531602 1 12
169.79405616863534 812.77924563335625 2 1
649.99527714415103 644.19190894103667 2 11
719.2296638292421 127.57330191868658 1 0
766.94586155341631 277.11987180811741 1 12
982.94809373021394 161.01142660338772 2 1
761.66086472508925 416.94490406001273 2 11
828.71551704119395 155.14118360452497 4 2
240.66031439164996 368.80069443504675 4 10
351.37971548775022 253.17503947148936 1 0
428.43378365626063 956.22344550558489 1 12
93.643359739587225 306.21795707401782 4 2
536.53149381149558 422.88041275837611 4 10
889.61260777957864 676.82401105703889 2 1
8.4721359549995796 841.49033200812187 2 11
952.83219731828592 65.570774544714624 2 1
750.45567377284885 306.7355114901672 2 11
271.78208880267852 753.90670570377938 1 0
831.72462170290044 871.43660969421671 1 12
572.54113731845973 840.4590086882356 2 1
640.99798438580535 749.73138522730687 2 11
877.83708771861666 208.86285650049962 1 0
177.33550283234808 477.94857239557513 1 12
156 8.4721359549995796 2 1
398.96004086717699 198.25838301016097 2 11
134.38251656139875 576.22185597530097 1 0
665.74088772663902 583.76890946159642 1 12
310.26694851809179 787.70834562289542 2 1
567.20184216119367 994.38465312923756 2 11
547.53414659641135 139.01628657213044 1 0
890.74598801217564 889.34087014306999 1 12
991.40741103032269 406.84176833438875 2 1
954.24948943271215 176.84042164421453 2 11
763.40489721281836 72.909239518142584 1 0
176.49309206993786 808.01485075587038 1 12
823.70783498327057 166.04637137946733 8 3
257.57173842497082 371.10042243052897 8 9
421.41045838988026 670.87966731914719 2 1
487.34444884169488 89.157284308557436 2 11
651.02223246548476 810.75849858685876 1 0
635.97196067437278 769.68308318327718 1 12
633.97413682565377 304.07016829163547 2 1
919.20629552222942 178.68071586590975 2 11
458.74036175700149 4.907334498724083 1 0
115.63828264924113 429.76803012227532 1 12
80.124515496597098 813.49033200812187 2 1
550.80862929068337 327.8157136319744 2 11
671.17449840232462 795.68651752738572 8 3
251.05491720671085 174.69711493586223 8 9
526.31844414816248 311.9321343109803 4 2
381.38192212410382 948.33294884749864 4 10
335.23864209966081 411.49066354019442 1 0
192.07154577350298 508.80016125239166 1 12
812.35534542190055 774.77389717813674 2 1
112.57704141749846 435.87839706224577 2 11
378.79146813028967 913.2063229681537 4 2
257.31168436260475 431.05319296975961 4 10
494.23343149422698 301.19759044075693 4 2
262.5717420487926 425.02560695726874 4 10
854.06130526781658 215.58773893812514 2 1
780.25976158832486 624.74916189347755 2 11
997.26794919243116 909 1 0
932.53975200373134 98.562426971307985 1 12
370.95504769564519 412.22905204423631 2 1
764.31909692414808 867.83410542121396 2 11
432.06158296238846 56.990297339245316 1 0
863.84741099955841 873.0823831464312 1 12
557.58368051315176 154.80702440231167 2 1
810.29791251643633 769.00454985651868 2 11
557.14417382426871 939.3677356740252 1 0
185.5250069128659 826.56077680182045 1 12
400.43665977765147 590.08234026083699 4 2
485.65210862225734 83.400897891570395 4 10
537.81834559996628 201.68711367047038 2 1
475.61262435456121 434.75839638639917 2 11
936 853.55258975642039 1 0
271.2979134372307 887.44339109545524 1 12
667.79642726402017 710.38507544105255 2 1
938.95075410719016 113.66752141810136 2 11
306.21348336196831 341.5743704653587 4 2
892.70619738922244 442.72605455925816 4 10
2.7320508075688772 516.00505063388323 1 0
208.31511169468396 756.74773464175564 1 12
128 47.875484503402902 2 1
445.27899423845349 544.99366474830822 2 11
284.7617026131191 260.41385095292321 1 0
864 903 1 12
559.37524327624158 785.11462799857622 2 1
106.2965690110702 681.84454045707525 2 11
298.80586322874137 328.5123943055051 4 2
387.88225099390854 60.000000000000014 4 10
8.3420004880429737 379.97416365021155 1 0
834.0621419619971 876.39248402639441 1 12
648.4518310372257 503.49157550824287 2 1
127.77773237015543 80.982368907806318 2 11
298.31455960587061 340.30669404948787 4 2
456.46918897346632 441.37054108216205 4 10
397.29533860002391 559.6794611848303 1 0
489.71154366640178 155.89776947226537 1 12
787.71405887881394 492.52786498421199 2 1
61.54283373316791 171.33883835213044 2 11
668.82917193013202 738.72565661680085 1 0
427.59770328333406 370.38711925682088 1 12
560.42167409898423 742.05422774786007 2 1
635.32468368757054 309.05779971961766 2 11
820.89078734596183 108.08732955467438 4 2
519.1502072661259 308.38017991895748 4 10
131.71859561647537 474.16424042826486 2 1
306.40854896535933 788.76321665362559 2 11
141.99291048111823 554.17384105792109 1 0
905.48953034855413 428.37501253287212 1 12
698.28796879922209 194.84227388818383 2 1
565.20375468256748 381.18928981561618 2 11
676.20353007701726 780.49741484108665 8 3
242.53396454780673 154.84050368674107 8 9
997.26794919243116 295.98066401624374 1 0
263.84252134289517 296.27126293658546 1 12
744 952.12451549659704 2 1
596.61938214611882 846.44034919494345 2 11
568.99651592344082 618.10068007410428 1 0
531.18071184395092 734.65422579389906 1 12
196.48802303336655 749.49826308459058 2 1
722.75554616208842 240.75615807964189 2 11
263.84596936299562 455.21670077068165 1 0
627.50443363598731 310.0929698000682 1 12
440.14076194992913 545.54048559355283 2 1
292.55254155992083 774.15285690565884 2 11
152.46091962456666 394.70952938277395 1 0
491.61607536454653 99.023658884101053 1 12
494.18425709931279 694.13351177378536 2 1
732.48264176493785 712.74372080082981 2 11
432.4849052882073 470.16343524690484 1 0
919.09697442948664 113.93883565343401 1 12
592.19155139769293 369.09068251537144 2 1
597.39084765200903 200.65434766353749 2 11
265.16175581601152 432.59474354512446 4 2
194.84790064586772 776.61271998744746 4 10
2.7320508075688772 594.49033200812187 1 0
558.67694626846833 739.61375140144253 1 12
890.26496088014642 424.21595959634686 2 1
749.21990156694756 24.331965462607489 2 11
569.20000190921849 200.64188997981964 1 0
215.34712143012027 124.66227757780958 1 12
945.1111111111112 820.3487575659334 2 1
984.40755322477401 985.49194714485498 2 11
432.47660865878009 991.7605621552168 2 1
537.8902955930497 936.34181143696844 2 11
292.91698526613868 4.907334498724083 1 0
965.57389132012065 313.09815411743494 1 12
981.24547683910373 882.59242587394181 2 1
120.99923856976139 782.76324595426468 2 11
960.6551923270232 151.26615619128481 1 0
938.45898238008033 110.70810246019502 1 12
538.26047891615303 551.28472542098223 2 1
458.27327871797542 427.35459336956507 2 11
540.00689138802636 137.08821803980416 1 0
694.42041796027263 243.40078666996689 1 12
842.13111722339818 371.2029316460883 2 1
870.44448568998689 762.6275289653363 2 11
531.61524094782965 2.8076734353812349 1 0
154.66590026517144 411.42666584272712 1 12
216.311199170272 497.05040112447762 2 1
373.30143810829475 694.85587241889561 2 11
997 780.43650813895943 1 0
500.40018491336247 735.17614696768203 1 12
904.88000676344006 309.78767149722887 2 1
415.90785624994476 522.66012729021099 2 11
258.01206043448741 158.89371817930356 8 3
