100 100 100 49
902 98 98 48
16 16 16 7
986 23.918963290191456 14 6
839.39009663000593 10 10 4
8 156.5685424949238 8 3
994 49.502577388071437 6 2
862.40202025355336 4 4 1
2 998 2 0
43.431457505076196 8 8 3
853.29594148064166 8.3790499729950429 4 1
868.39913991746369 3.814108266079371 2 0
4 140 4 1
872.19270271238884 2.5456914099317807 2 0
996 8.9523337430956911 4 1
998 998 2 0
987.1740384124854 41.880634532200332 4 1
993.42359808794151 57.481785421189471 2 0
833.29975412048043 22.60586086376766 4 1
856.74516600406093 2 2 0
60 4 4 1
852.74516600406093 2 2 0
10.944271909999159 990 10 4
848.74516600406093 2 2 0
820.18355024842049 27.501286890842678 10 4
966.44455828827404 13.840039763381242 8 3
820.91169602099876 39.479175007446379 2 0
59.110650225168342 942 58 28
24.512805388566854 993.44889826480687 4 1
998 994 2 0
7.5423442349792928 976.4196138459198 4 1
997.35856580547261 56.763433792815292 2 0
994.97086361448589 61.170412454431961 2 0
994 998 2 0
990.0225296550758 8.4328645182594002 2 0
813.30136011670481 41.945505768681507 6 2
984.54787551703612 5.9776329469315996 4 1
19.888543819998318 998 2 0
982 982 18 8
828.56811563893859 18.916471038879003 2 0
930 2 2 0
998 970 2 0
992.23315225272995 38.654899398708174 2 0
821.50155281000764 8 8 3
995.69345583347638 36.648335387999033 2 0
991.6773632530585 4.7912267324564688 2 0
829.92954757784548 2.6177231404081214 2 0
934 2 2 0
995.25336873857077 2.9989698402709584 2 0
6.3344420696570403 970.54245701978266 2 0
3.3482191659069533 980.71022160065331 2 0
2.9088403767434725 972.60770592524364 2 0
970.01889486913808 24.696317003978976 2 0
995.29203015094413 967.05604020125884 2 0
956.44856191242377 14.122982255751609 2 0
782.19053692686975 28.229942329623725 28 13
953.05059343638095 12.012577025512954 2 0
991.5064554759183 957.8002623095955 8 3
996.36937575924708 64.917966827747364 2 0
810.1878443110229 4 4 1
997.61689690279354 68.718452454138358 2 0
811.66758227773028 9.814668997448166 2 0
806.59884642148245 51.899214131164172 6 2
811.86089097865306 16.243696443533132 4 1
938 2 2 0
2.8330832059330491 968.60842338320299 2 0
996 137.59797974644667 4 1
995.70103945069684 40.648328199086308 2 0
942 2 2 0
976.12449671854677 11.33030033743885 2 0
940 5.4641016151377544 2 0
956.57724221606861 10.125052619120435 2 0
2 2 2 0
975.00920064584489 5.4348686594176687 4 1
2 27.313708498984759 2 0
947.65685424949243 4 4 1
2 31.313708498984759 2 0
32 4 4 1
2 35.313708498984759 2 0
797.60571731731181 56.272271290145703 4 1
807.68400328206133 9.4525938874712132 2 0
923.62379944236352 908.32355051677223 76 37
804.81324252148636 6.6671437163959837 2 0
803.68989710255062 61.466764175971157 4 1
804.33119366737208 2.6962963380336382 2 0
797.74399740959507 62.270677629839447 2 0
30.385747438623838 994.6771293817684 2 0
4 40.970562748477143 4 1
33.959437634339423 996.47399843237986 2 0
6 35.313708498984759 2 0
2 46.627416997969526 2 0
80.651309453706361 998 2 0
789.74612229000343 62.455051086217118 6 2
799.20358854475728 68.090436535340245 4 1
809.32954287887344 59.418741832927921 2 0
7.8440491736326763 47.986493616914629 4 1
953.17927374002568 8.0146473888817766 2 0
2.4444444444444464 50.602648957969151 2 0
949.57094401083987 10.039751672033461 2 0
5.6443566064862756 55.678135353893857 4 1
84.651309453706361 998 2 0
969.13576993004813 4.208976483598482 2 0
998 126 2 0
814.3392760940925 49.877890682683315 2 0
996.80342402240444 129.81683192318462 2 0
953.31370849898485 2 2 0
11.39960472918823 37.929863840039282 4 1
957.31370849898485 2 2 0
965.14588248415839 3.9247262960316274 2 0
998 143.25483399593904 2 0
51.431457505076196 2 2 0
994 150.18303722621454 6 2
65.656854249492383 2 2 0
90.308163703198744 996 4 1
961.31370849898485 2 2 0
100.10612267433146 994 6 2
959.31370849898485 5.4641016151377544 2 0
32.943959798741183 9.9252797316549106 2 0
982.43326651251186 962.00469354750635 2 0
107.03432590460697 998 2 0
963.04128374157949 975.63077101740691 2 0
990.88495107532685 947.81959438204444 2 0
108.10479217392624 994.14589803375031 2 0
111.03432590460697 998 2 0
962.15299750240081 979.53089249721825 2 0
991.83871418687909 141.92044436533234 2 0
120.83228487573969 988 12 5
962.05859136312608 983.52977827714085 2 0
994.84627842171994 948.3744688315536 2 0
130.63024384687239 998 2 0
958.64265776051809 981.44857727229441 2 0
805.14948823771283 67.286523081471941 2 0
993.34615011770927 944.66642149211657 2 0
955.25274404778077 990.85647209633419 8 3
996 159.98099619734725 4 1
954.68433796387217 980.87263943929429 2 0
133.05816520734678 994.82113261249356 2 0
990.57697969385629 157.41373096773947 2 0
950.81696314065164 981.89411483142067 2 0
986 174.94762574444303 14 6
997.30747746410236 945.22129594162573 2 0
947.65931326257169 984.34956738593314 2 0
134.48805552034304 991.08543807294677 2 0
995.80734916009169 941.5132486021887 2 0
962 221.0778761231262 38 18
139.05618024655504 994.97545561606535 4 1
134.80318904602473 987.09787103764927 2 0
968.61206077062877 179.60160998976372 4 1
133.97784059862192 983.18394718295178 2 0
996 196.4202201112503 4 1
132.0793855615961 979.66317049699296 2 0
988.1430564759761 190.80345460769635 2 0
145.96805771700679 982.69949547845431 10 4
992.0089528363801 189.776397973126 2 0
941.3440135064119 989.26047249495809 6 2
970.04304646894241 173.77475149386544 2 0
998 185.5306309887014 2 0
997.30586483216848 202.27638925499141 2 0
55.659093569741607 8.1420443459410023 2 0
130.52332643874041 961.73055551740401 16 7
998 189.5306309887014 2 0
117.69401488545533 974.35627391552873 2 0
998 238.51347189728889 2 0
113.9638827572454 975.8006126244527 2 0
69.656854249492383 2 2 0
114.578114807753 971.84805408748844 2 0
128.2842712474619 2 2 0
110.79443651625948 978.24081969056419 2 0
40.111350995407655 17.432756371520185 2 0
996.07862123591678 242.02179110239695 2 0
132.2842712474619 2 2 0
108.44440646788418 981.47769453703779 2 0
36.920092852041819 19.844368169136274 2 0
110.84798267954307 973.2923927964124 2 0
33.825843408634384 22.379248912282335 2 0
36.427204842922933 15.874851648139439 2 0
107.105631799742 985.24700248252873 2 0
993.81645625947442 245.3206711577123 2 0
962.7985387432276 181.0858477190109 2 0
992.13197167375381 253.14131765787261 6 2
987.50431267681768 154.85273167012079 2 0
946.38277949830831 995.47423442143293 2 0
980.27957230407503 274.01044866952805 18 8
804.33346844347147 71.202402509570618 2 0
136.2842712474619 2 2 0
986.82275573452512 158.79423901305609 2 0
942.74470919200439 997.13689627712995 2 0
801.23750202757935 73.735185949122453 2 0
140.2842712474619 2 2 0
983.75008871748651 156.23323971543743 2 0
144.2842712474619 2 2 0
984.22187310585264 254.33728615498612 2 0
790.46988866361175 79.032213648134956 10 4
148.2842712474619 2 2 0
965.12817210713297 260.95537026792113 2 0
104.51070269833144 982.20293563722907 2 0
142.2842712474619 5.4641016151377544 2 0
152.2842712474619 2 2 0
961.12976963821552 261.06840874170268 2 0
106.88740023984455 989.24104491924174 2 0
938.75646496430238 996.83045218728398 2 0
156.2842712474619 2 2 0
802.38028120072818 77.568468584334369 2 0
150.2842712474619 5.4641016151377544 2 0
935.41510787212769 994.63151317435654 2 0
997.80445267963648 245.63032346720513 2 0
957.14006947291591 260.78154188929841 2 0
103.17192803018926 985.97224358272001 2 0
165.22854315746105 10 10 4
931.38682736257886 990.18483394864336 4 1
958.8864855738799 264.380157012133 2 0
194.8933371058437 22 22 10
802.19968342530854 81.564389559968575 2 0
146.2842712474619 5.4641016151377544 2 0
800.71577512081149 85.278957656510173 2 0
954.89678540858029 264.09329015972867 2 0
995.09304186324164 260.57314538279508 2 0
958.80034534093932 181.20605386651556 2 0
953.19896861288714 260.09763837923248 2 0
174.17281506746019 2 2 0
931.72502150621631 996.17529509293013 2 0
798.0934349877366 88.299443085454499 2 0
792.52039108886152 98.926821958027489 10 4
776.60737824829994 90.513973312287945 8 3
945.3867950862325 261.82099115491002 6 2
778.92964531818109 102.28712393801874 4 1
941.00710191366193 255.12634495707857 2 0
956.64320150954427 267.69190528256325 2 0
773.39000490939543 99.982262957102705 2 0
783.20738231195628 106.4943755601691 2 0
937.7114782426695 252.85943855865924 2 0
960.63290167484388 267.97877213496758 2 0
778.58805306060663 80.712089448055835 2 0
938.31353190611424 258.08348557166551 2 0
934.65873978925038 250.27471653588458 2 0
958.38961761050825 271.29052040539784 2 0
786.23247922856706 130.30296200802678 22 10
937.38827769359614 261.97500258206355 2 0
769.93659823783992 97.963852106741427 2 0
778.69602841310518 76.713547048224015 2 0
798.19820082153399 109.49859932229172 2 0
930.31501451347788 258.2374969988191 6 2
929.34415112696729 247.48991001644168 4 1
773.1723402630829 103.97633632920613 2 0
938.46265282923707 265.8280167356732 2 0
767.55051636795804 94.753460649267552 2 0
927.73203966117308 241.71054183109004 2 0
775.51347786348072 107.2196486385596 2 0
921.08395267606386 237.26049245626038 6 2
780.11221046010451 72.972634270604544 2 0
802.02042216750056 89.060213543588631 2 0
904.10624078131821 217.56893845920337 20 9
941.46792201480946 271.02112342841974 4 1
801.48734348816038 111.77489906498329 2 0
922.88959447689194 229.46692731012203 2 0
752.77206146099445 108.22926380020611 18 8
772.98724784528986 78.560118040234457 4 1
764.57329630179765 92.082101317831274 2 0
954.39991744520864 271.00365355299351 2 0
782.67924564082682 69.905008090488451 2 0
913.09341825071374 237.64954206401538 2 0
761.12402684200515 90.05662848568997 2 0
952.65350134424466 267.40503843015892 2 0
778.73908584917092 69.215703501632561 2 0
801.81410555864602 107.78826808766775 2 0
781.30612102989323 66.148077321516439 2 0
178.17281506746019 2 2 0
776.17205066844861 72.283329681748668 2 0
909.30896918091378 238.94489731956895 2 0
756.28350270859619 86.511303942875102 4 1
208.15983626726529 2 2 0
773.11728971059881 67.119180624024224 4 1
211.29731842977372 4.4811702238946562 2 0
923.73619628395829 203.76079423326294 4 1
950.41021727990903 270.71678670058918 2 0
746.38431443518812 85.094945398007582 6 2
905.35252908963957 239.53360930701126 2 0
955.83925225688802 278.87310812747882 6 2
764.10956268497409 84.852151976919117 4 1
741.69535456072936 91.576739539733765 2 0
736.13592966261649 93.833461676427234 4 1
907.84058867191413 242.66563094088477 2 0
902.167211408507 244.61826772919304 4 1
928.17609580270971 199.7250424738765 2 0
753.39964703170574 81.249804495486885 2 0
218.76127938198326 7.3602823967513 6 2
734.70116554096091 99.659390951247673 2 0
912.3230042740488 241.5746487255673 2 0
246.15789944587581 30.714622658782254 30 14
924.65282263298923 197.83122459152145 2 0
739.1434894494804 88.49648233391629 2 0
911.71811852903056 251.8832641624428 8 3
733.35720029489858 103.42685129176576 2 0
757.34756334964356 80.606409790379757 2 0
750.50437085872352 63.484181064766496 16 7
721.28307602787652 113.92520941027688 14 6
892.48054949750724 257.35281055655781 12 5
733.16726828595029 80.478703302003865 8 3
933.63562070346052 269.39168911914516 4 1
906.18523449552083 260.21316177716369 2 0
730.375879715672 100.76006903521011 2 0
931.90724533661603 297.33829389667198 24 11
912.63272867627018 267.8571017814549 8 3
736.98811900683768 126.30873172943085 6 2
928.06618272290166 271.62358530416554 2 0
726.82625890595818 98.916108052096163 2 0
896.21529820241506 243.86015877452513 2 0
744.98086706104186 126.64928795388593 2 0
719.61451173958767 91.988575821326933 8 3
945.6851374372568 275.28903791686395 2 0
728.96434619537956 95.535489359783398 2 0
696.23571796389217 97.413702694820557 16 7
898.01444689952336 240.28761570750783 2 0
930.47782791413636 196.45364685621919 2 0
729.14054294355753 127.86293568356044 2 0
724.47809083655329 131.6393811485303 4 1
927.90100100539712 267.62699738442672 2 0
695.58656818562758 129.40711771362371 16 7
924.52244519719761 269.76834290789583 2 0
711.62533355309142 69.357335645313327 16 7
927.88462663202165 995.05664983626514 2 0
705.31235755786383 112.95766016005911 2 0
647.7903995494255 52.59126273757439 50 24
750.25299925463253 143.85988417055734 16 7
924.35726347969296 265.771754988157 2 0
670.53921012164324 112.89561099816738 14 6
716.48642388481619 131.27433412071906 4 1
892.24735606502043 243.35475280474648 2 0
730.87391570533669 131.46785161444177 2 0
720.27818986839225 135.92433527403031 2 0
729.6064599718743 91.587364501317595 2 0
725.99146203572559 141.52420323157841 6 2
888.29845012619614 243.99204542695244 2 0
925.60076541585238 991.77275307399054 2 0
889.72099149513349 240.25354625567238 2 0
718.28132447174085 139.39024476327788 2 0
884.69094005441764 245.72001275361595 2 0
734.13583929249114 133.78298757407032 2 0
821.24536146728292 237.31414826840648 62 30
923.89875800440177 995.39258328704852 2 0
925.88848728711707 987.7831144782283 2 0
886.06416571854913 290.74188091200682 22 10
922.28949797563575 989.52875932636982 2 0
879.76857816345409 263.21845500556867 2 0
885.77208555630921 240.89083887787837 2 0
878.03604656457287 266.82377527690073 2 0
918.16561270977991 259.52720416673401 2 0
887.19462692524655 237.1523397065983 2 0
920.98762178960999 262.36203480600619 2 0
893.66989743395777 239.61625363346641 2 0
920.72215997481055 198.57277099438485 2 0
687.66662873433813 113.24312813530767 2 0
862.48755955892784 286.25371402628298 2 0
678.29738287969076 98.902371364105193 2 0
862.06958645172756 290.23181639822582 2 0
674.58406822088978 97.415329251475583 2 0
712.29072828178676 149.7879732310206 10 4
922.03165259873117 258.50068793352688 2 0
714.53108072906718 137.99896051103576 2 0
997.47076206383645 263.78973467079618 2 0
696.70056545747821 79.419706006821897 2 0
677.72338266189172 127.19203240046035 2 0
694.84684179138355 75.875173799356375 2 0
670.69523704300889 136.91855126178879 10 4
699.68585043289954 55.887044526608648 2 0
684.54316823454553 165.76703132078785 22 10
702.9555153611152 53.582854591469498 2 0
681.93055332758593 141.13372243097248 2 0
709.87457074843667 41.412124434770696 12 5
667.80657512555399 148.56568105099632 2 0
699.79624039788541 51.129493283649317 2 0
665.18210792346247 151.58431847625059 2 0
857.21600797083602 298.97497234615599 8 3
891.14353286407083 236.51504708439231 2 0
678.41153788517772 94.904000616572858 2 0
865.95311713997819 303.83942744066474 2 0
888.6171682941839 233.41384053531823 2 0
863.34767914913027 306.87450451972654 2 0
868.40776887696654 306.99769988776296 2 0
692.71518159035054 79.761342409505446 2 0
865.20945385347579 344.86286568708982 36 17
699.47936967061503 146.98113537033726 2 0
217.94452566696071 15.318480268694223 2 0
933.09478174642163 193.42849353123097 2 0
724.28234514387736 149.33950357449544 2 0
721.76492425566448 52.118173821596564 4 1
663.88012482942361 147.8021444952131 2 0
647.77552126411365 156.16806594645229 16 7
209.42519286089799 54.9366842337582 14 6
723.01237450174506 46.249283987602958 2 0
723.76354322200029 153.30571644899632 2 0
654.38765525760664 185.43032293479982 14 6
721.96998408454385 156.88106896594434 2 0
728.2795507645742 149.19001368898705 2 0
725.96310976043367 156.6466604836973 2 0
226.52806256790836 5.4427112917251694 2 0
719.10095208011444 159.66829973456751 2 0
731.70473420305893 147.12407118912654 2 0
722.94928073416645 160.75933895036238 2 0
229.83423365207335 3.1912156194594563 2 0
715.47522854253748 161.35771644724102 2 0
723.84400799913203 42.336690764940542 2 0
718.75116810207919 163.65297678154508 2 0
726.81659637593907 45.013203111646973 2 0
711.49567164265488 161.76160613589005 2 0
723.53527927197251 38.348622739815283 2 0
715.12544456450223 165.34239349421858 2 0
727.14341185733122 40.075289831779735 2 0
731.78130117145372 151.12333830940631 2 0
722.11139066534065 34.610636485706792 2 0
718.40138412404394 167.63765382852264 2 0
726.06052602371153 35.246505907258623 2 0
714.77566058646698 169.32707054119615 2 0
719.68857798385955 31.427873737644333 2 0
718.0516001460087 171.62233087550021 2 0
723.656337718641 30.921037780901809 2 0
714.42587660843174 173.31174758817372 2 0
214.55794937668836 35.758743555911856 2 0
719.66101500568095 15.427897478842135 14 6
902.63497419992939 318.11720385573506 10 4
727.3743897838624 29.445880555280549 2 0
888.24691190162309 314.6424168704383 2 0
722.0271076616209 165.94823711584917 2 0
730.57391454259596 203.23232363337698 32 15
721.67732368358566 169.93291416282673 2 0
728.35611773296898 153.18928080926682 2 0
724.91944807486323 57.221993907973783 2 0
904.38463362729783 306.24544358658284 2 0
727.42639459773773 54.105069280805587 2 0
741.37142952158081 29.733766957759006 12 5
727.41713207969076 50.105080005100035 2 0
731.85786813984851 155.12260542968608 2 0
211.99968194321747 38.833685464117963 2 0
725.30304722116261 168.24349745015326 2 0
711.0236553259989 175.41528992085 2 0
225.4244650215569 55.08929592782254 2 0
725.65283119919786 164.25882040317569 2 0
196.17677024573484 45.965658751126142 2 0
224.88663408625618 59.052973246302635 2 0
228.62732246590775 57.485481269394917 2 0
735.58501461167452 16.985535610218523 2 0
192.17856150453974 45.845963881432112 2 0
728.92877075873957 166.55408073747978 2 0
730.8858556663406 52.097053067021129 2 0
660.72006700694965 168.6756130885432 2 0
740.4582638434706 8.2533284479485562 8 3
710.90304486918171 171.41710869462895 2 0
233.29011360160644 72.790982856237804 14 6
729.27855473677482 162.56940369050221 2 0
672.10644329850538 188.59963679772099 4 1
900.11824261809375 329.85032203228945 2 0
249.30252050318327 64.568889131502331 4 1
194.07400707727959 49.368361655787091 2 0
905.80865749261716 331.7527359083436 4 1
707.89202586663316 177.90384310075851 2 0
912.75743815805833 327.78859069612054 4 1
678.09961207743163 188.88586745174652 2 0
267.88368620187759 82.755155413443376 22 10
643.54547136627627 173.66397054901017 2 0
707.30269032384672 173.94749584375381 2 0
640.96577315183504 176.72095552156213 2 0
732.55449429631653 164.8646640248063 2 0
728.87225724510949 57.834610969128057 2 0
732.90427827435178 160.87998697782874 2 0
916.40092446982476 320.66644161764913 4 1
682.02884300365599 189.63496312547744 2 0
254.94876412881911 62.539127342531323 2 0
705.07433258271328 180.74296348527076 2 0
588.51791140723344 189.57481869257663 52 25
243.96348686737323 84.710676775530132 2 0
188.25576319671418 45.063881126142739 2 0
686.027916297405 189.7210606935225 2 0
678.61361000600584 196.86933825894695 6 2
689.98574658940788 189.14176855676942 2 0
695.98568113163321 189.11374197989318 4 1
729.62833871481007 158.58472664352465 2 0
691.33668118329138 192.90673545211507 2 0
190.07579833608449 49.248666786093054 2 0
730.87659314829364 48.097063791315577 2 0
911.49907236714057 333.65514978439774 2 0
694.75383797643792 194.98592747091766 2 0
668.33676553042403 193.26756241032811 2 0
734.34531673494348 50.089036853236671 2 0
191.97124390882433 52.771064560448032 2 0
908.96252053240164 341.24236961709556 6 2
240.67339278271274 86.985601150994526 2 0
691.24462647223572 196.90567605309585 2 0
734.33605421689651 46.089047577531119 2 0
738.36457060684666 163.36699474695578 4 1
665.95691333900731 196.48257462601393 2 0
235.88631683638025 90.60276908793702 4 1
699.68357165905979 184.38874402781229 2 0
241.88313055188561 90.798281904721051 2 0
258.48603436402578 60.671583692942164 2 0
242.22431342021778 100.79245992246501 8 3
731.23750973064898 4.3832259181850031 2 0
915.46607251050216 333.14240241719938 2 0
642.16328264110257 195.75334158889828 2 0
228.62280187325049 97.476003434326643 6 2
230.26589170357715 88.50257354309953 2 0
687.82746967908918 194.82648403429323 2 0
922.60448813860728 329.53088994727426 6 2
224.2674388335204 88.366326834119747 4 1
669.93112168697689 196.93608097318997 2 0
232.84813292914217 104.26913065734531 2 0
645.15623379586941 203.17238757778256 6 2
221.16515317297274 83.230586996437125 2 0
734.78696645629464 168.18371028162807 2 0
662.64337435771051 210.08479721717256 12 5
738.60948490540693 169.3619940785955 2 0
711.49972102692527 167.03181020689206 2 0
210.26787778901809 88.255464030380907 10 4
694.66178326538227 198.98486807189843 2 0
262.28435048361723 59.417472591144715 2 0
737.80477780354636 48.081020639452213 2 0
221.08420729041396 93.452291535429836 2 0
691.15257176118007 200.90461665407662 2 0
687.73541496803352 198.825424635274 2 0
234.96079845708803 107.66569426885464 2 0
218.77525308817664 96.718593801291135 2 0
639.78601264581096 172.29778237415388 2 0
246.1310330680304 170.68335733831879 62 30
737.79551528549939 44.081031363746661 2 0
229.03125797172825 105.46556935592817 2 0
742.32315255515914 167.87583372816755 2 0
250.20857829388277 106.8133829768778 2 0
734.32679169884955 42.089058301825567 2 0
218.90821712758213 79.928127354440477 2 0
918.10679042034531 336.14683396420349 2 0
225.11226898969491 104.66461657411062 2 0
730.86733063024667 44.097074515610025 2 0
927.86493478280818 348.82668485454656 14 6
215.52103496381059 99.044548314829058 2 0
694.56972855432662 202.98380867287921 2 0
215.25034911774014 75.17207840362272 4 1
929.83761811185366 332.94875928212667 2 0
254.19053810292027 107.19285112996836 2 0
208.5035401120013 106.16878623932526 8 3
209.3554531643903 76.29020259134947 2 0
741.26423887214924 46.073004425667754 2 0
932.40102011299302 327.52391180219189 4 1
219.16247972276454 100.69980662321686 2 0
933.81699316985316 333.35443667584144 2 0
258.14101547041525 107.82032907293528 2 0
734.35457925299045 54.089026128942223 2 0
947.75400461008007 332.02789526488414 12 5
744.27745045010579 164.38574494164547 2 0
691.06051705012442 204.90355725505739 2 0
256.70918862559154 104.08537634412571 2 0
252.52818725890509 103.55463870194797 2 0
205.47350779359431 77.254826942149137 2 0
936.74241624254057 323.38238072705195 2 0
206.57909128609072 73.410651459536581 2 0
927.91091909257466 323.54408858671638 2 0
202.12427020006766 79.441744302752355 2 0
202.69714591529473 74.375275810336248 2 0
746.32280705322376 167.82326095849277 2 0
226.37811802442576 108.45903698061159 2 0
203.80272940779113 70.531100327723692 2 0
748.2771049481704 164.33317217197072 2 0
744.36850915827711 171.31334974501485 2 0
222.45912904239242 107.65808419879403 2 0
750.32246155128837 167.77068818881801 2 0
735.68085884460697 158.00064671712988 2 0
752.27675944623502 164.28059940229596 2 0
748.36816365634172 171.26077697534006 2 0
756.1038404773077 173.30021418240736 6 2
199.92078403699514 71.495724678523359 2 0
262.04457884415092 108.69336572006385 2 0
694.47767384327096 206.98274927385998 2 0
687.64336025697787 202.82436523625478 2 0
203.01078152428059 97.812375341276962 2 0
266.23820370649372 58.811630456633338 2 0
902.38902400673862 336.68285830259083 2 0
265.88597992969858 109.80855077195123 2 0
690.96846233906876 208.90249785603817 2 0
687.55130554592222 206.82330583723555 2 0
270.23776477646419 58.870886237588898 2 0
269.65021325406786 111.16152803698849 2 0
694.38561913221531 210.98168987484075 2 0
684.13414875277567 204.74411381843294 2 0
268.28930125310757 55.377536856529417 2 0
274.17193477491838 59.593593940095971 2 0
268.93980927414827 107.2251177197941 2 0
273.32257478083545 112.74701244773406 2 0
285.02532434084054 110.09264760171143 10 4
283.93000632699238 57.407263776418873 8 3
684.04209404172002 208.74305441941371 2 0
394.97397565061169 106.73198172091391 100 49
292.12456132934477 122.1591646709013 4 1
286.12847817567894 67.16260700618443 2 0
687.45925083486657 210.82224643821633 2 0
274.095717569442 55.594320138817871 2 0
293.22730358523245 70.851330065005413 6 2
274.78769225168952 49.634356125576815 4 1
291.53344541280569 78.669951714100804 2 0
295.08528579130848 127.37779578071627 2 0
681.72433440709835 216.39994610443307 6 2
295.53035161401442 78.512659569544653 2 0
291.37435214063885 97.615073879333011 4 1
280.55873030910533 47.992674140581343 2 0
293.66811750641142 82.052727948613068 2 0
278.24441566155326 44.730167786238709 2 0
284.51818290981578 47.424576347303493 2 0
343.65888176288178 300.03682164814762 100 49
320.56680298039817 190.44322741242792 12 5
341.70697512212132 196.05514027846715 4 1
309.61454685512149 162.56895796164207 2 0
262.89035843657001 234.52006318371326 4 1
309.99745788599495 166.55058817330607 2 0
689.442678521071 214.29586337357313 2 0
294.01082430606101 92.22536010947897 2 0
272.85946379446153 108.77391186829995 2 0
288.38352725727452 48.453708542684112 2 0
310.13089069492321 170.54836201452088 2 0
287.34210970859721 44.591656045719972 2 0
313.52634799553601 168.43391889168328 2 0
291.20745405605595 45.62078824110057 2 0
291.53630825588812 50.915409575462306 2 0
689.49652017878236 218.2955009916449 2 0
310.01432405999645 174.54666318121929 2 0
692.93338713310868 216.24905393924911 2 0
313.53523775980159 172.64846226495033 2 0
293.47208094587836 54.415807280393551 2 0
290.16603650737864 41.758735744136438 2 0
295.53562793670244 50.989180102444237 2 0
294.03138085483738 42.787867939517028 2 0
309.6482133196323 178.52987330946885 2 0
292.98996330616006 38.925815442552896 2 0
313.28082984948998 176.85532944709774 2 0
296.85530765361881 39.954947637933486 2 0
286.30069215991989 40.729603548755826 2 0
295.81389010494149 36.092895140969354 2 0
696.22770471993795 225.69084781737988 8 3
291.94854575748275 35.063762945588749 2 0
680.04549733991803 208.57808532186596 2 0
294.77247255626418 32.230842644005222 2 0
309.03398859391035 182.48243298470612 2 0
290.90712820880543 31.201710448624606 2 0
283.47676536113846 43.562523850339367 2 0
293.73105500758686 28.368790147041082 2 0
289.12461895870132 37.896683247172298 2 0
289.86571066012812 27.339657951660463 2 0
295.0727984035147 46.649920436481175 2 0
292.68963745890954 24.506737650076943 2 0
696.89734490132776 215.71329390735423 2 0
288.8242931114508 23.477605454696317 2 0
288.083201410024 34.034630750208152 2 0
291.64821991023223 20.644685153112803 2 0
297.59639935504561 29.39792234242168 2 0
295.64464477792438 60.008656857816995 4 1
298.63781690372292 33.259974839385826 2 0
282.43534781246115 39.700471353375221 2 0
296.55498180636829 25.535869845457547 2 0
297.89672520229612 43.817000134897633 2 0
286.00036631266937 26.310525756279858 2 0
295.51356425769097 21.673817348493401 2 0
284.95894876399205 22.448473259315715 2 0
285.25927461124257 36.867551051791679 2 0
282.13502196521063 25.281393560899257 2 0
294.65723616155867 88.277936682346777 2 0
281.09360441653331 21.419341063935114 2 0
287.04178386134669 30.172578253243994 2 0
278.26967761775188 24.252261365518656 2 0
298.93814275097344 47.679052631861779 2 0
277.22826006907457 20.390208868554513 2 0
283.17643951388794 29.14344605786339 2 0
300.42032615382703 26.565002040838138 2 0
283.91753121531474 18.586420762351583 2 0
299.37890860514972 22.702949543874006 2 0
280.05218686785599 17.557288566970968 2 0
294.47214670901366 17.811764851529269 2 0
301.46174370250435 30.427054537802281 2 0
298.3374910564724 18.840897046909859 2 0
287.78287556277348 19.615552957732184 2 0
279.3110951664292 28.114313862482788 2 0
303.24425295260846 23.732081739254596 2 0
304.28567050128578 27.594134236218739 2 0
297.29607350779509 14.978844549945727 2 0
301.76206954975487 44.846132330278238 2 0
301.16141785525383 16.007976745326317 2 0
302.80348709843219 48.708184827242384 2 0
300.12000030657651 12.145924248362185 2 0
305.62741389721361 45.875264525658842 2 0
303.98534465403526 13.175056443742776 2 0
306.66883144589093 49.737317022622989 2 0
302.94392710535794 9.3130039467786432 2 0
283.97776496846285 10.586647522128978 6 2
299.0785827578992 8.283871751398042 2 0
296.25465595911777 11.116792052981584 2 0
312.92469385710041 8.6930885918212191 8 3
293.43072916033634 13.949712354565126 2 0
309.81291632274616 35.927774114996126 8 3
292.38931161165902 10.087659857600983 2 0
299.97956029965076 51.541105128825919 2 0
309.49275824467236 46.904396721039447 2 0
301.90250955668063 5.4509514498145091 2 0
303.8449046471095 52.570237324206516 2 0
277.16823704554901 14.785496110379857 2 0
305.02676220271258 17.037108940706919 2 0
300.72065200107755 40.984079833314098 2 0
302.20283540393115 19.87002924229046 2 0
307.71024899456825 53.599369519587135 2 0
290.91546126641953 89.691839307744459 2 0
299.67923445240024 37.122027336349944 2 0
295.21323841044045 7.2547395560174497 2 0
307.99395663150085 26.094596315239592 2 0
290.60680236155491 16.78263265614866 2 0
304.88632219578682 56.432289821170656 2 0
291.34789406298171 6.2256073606368378 2 0
311.99327631231517 26.168366842221481 2 0
298.03716520922188 4.4218192544338972 2 0
310.05750362232487 22.667969137290253 2 0
301.02097784832807 55.403157625790058 2 0
315.64373839479845 27.803642532847313 2 0
275.98666920397045 10.963991506726032 2 0
315.23469764382992 23.824611788552026 2 0
294.17182086176314 3.3926870590533129 2 0
318.36126894575335 30.738779276616949 2 0
302.06239539700539 59.265210122754191 2 0
319.54440665396157 26.917760412044849 2 0
276.80287530351501 7.0481509069229364 2 0
290.30647651430439 2.3635548636726931 2 0
273.00355481714274 8.2992159898950852 2 0
319.71106307702712 34.50415519452725 2 0
322.26193720491648 29.852897155814517 2 0
279.41280381929653 4.0169344609213518 2 0
273.8197609166873 4.3833753900919934 2 0
323.4450749131247 26.031878291242421 2 0
283.16397262236961 2.6281462802216744 2 0
326.1626054640796 28.967015035012089 2 0
320.72754436216979 23.09674154747276 2 0
270.02044043031503 5.6344404730641404 2 0
327.34574317228783 25.145996170439993 2 0
324.62821262133292 22.210859426670332 2 0
328.52888088049605 21.324977305867897 2 0
331.24641143145095 24.260114049637565 2 0
332.42954913965917 20.439095185065469 2 0
329.71201858870427 17.503958441295808 2 0
325.81135032954114 18.389840562098239 2 0
335.14707969061408 23.374231928835137 2 0
333.61268684786739 16.618076320493373 2 0
321.91068207037802 19.275722682900664 2 0
330.89515629691249 13.682939576723717 2 0
336.3302173988223 19.553213064263041 2 0
334.79582455607562 12.797057455921276 2 0
326.99448803774936 14.568821697526142 2 0
332.07829400512071 9.8619207121516244 2 0
323.09381977858624 15.454703818328575 2 0
335.97896226428384 8.9760385913491803 2 0
337.51335510703052 15.732194199690944 2 0
333.26143171332893 6.04090184757953 2 0
328.17762574595758 10.747802832954051 2 0
337.16209997249206 5.1550197267770832 2 0
338.69649281523874 11.911175335118848 2 0
334.44456942153715 2.219882983007436 2 0
329.36076345416581 6.9267839683819581 2 0
339.87963052344696 8.0901564705467521 2 0
330.54390116237403 3.1057651038098633 2 0
342.59716107440187 11.02529321431642 2 0
341.41402336619365 14.846312078888509 2 0
345.31469162535677 13.960429958086085 2 0
346.49782933356499 10.139411093513989 2 0
343.78029878261009 7.204274349744324 2 0
344.13155391714855 17.781448822658174 2 0
349.2153598845199 13.074547837283657 2 0
341.06276823165518 4.2691376059746631 2 0
340.23088565798543 18.667330943460605 2 0
350.39849759272812 9.2535289727115604 2 0
347.68096704177321 6.3183922289418994 2 0
344.96343649081831 3.3832554851722274 2 0
353.11602814368302 12.188665716481228 2 0
354.29916585189125 8.3676468519091323 2 0
351.58163530093634 5.4325101081394713 2 0
355.48230356009947 4.5466279873370352 2 0
358.19983411105437 7.4817647311067024 2 0
357.01669640284615 11.302783595678793 2 0
360.91736466200928 10.416901474876369 2 0
362.1005023702175 6.5958826103042734 2 0
359.38297181926259 3.6607458665346124 2 0
363.28364007842572 2.7748637457321768 2 0
366.00117062938062 5.7100004895018444 2 0
3.834287015005764 134.00228883601383 2 0
8.1420443459410023 144.3409064302584 2 0
2 145.65685424949237 2 0
2.5750654618865454 130.20566387690081 2 0
17.432756371520185 159.88864900459234 2 0
2 164.5685424949238 2 0
2 71.715728752538098 2 0
15.376925167337712 163.31991088033274 2 0
5.6153468707624699 166.28005264799566 2 0
19.376400720857191 163.38468199117733 2 0
2.3254621639860162 168.5552798050326 2 0
17.320569516674698 166.81594386691773 2 0
2 67.715728752538098 2 0
13.321093963155217 166.75117275607315 2 0
21.32004507019418 166.88071497776232 2 0
5.9408090347484785 170.26678995810445 2 0
2 63.715728752538098 2 0
15.264738312492206 170.24720574265814 2 0
19.264213866011687 170.31197685350273 2 0
2.6509243279720249 172.54201711514139 2 0
9.2306937415249344 167.99156280106752 2 0
23.263689419531168 170.37674796434732 2 0
6.2662711987344872 174.25352726821325 2 0
9.5561559055109413 171.97830011117631 2 0
21.207858215348676 173.80800984008772 2 0
2.9763864919580336 176.52875442525018 2 0
25.207333768868157 173.87278095093231 2 0
17.208382661829194 173.74323872924313 2 0
6.5917333627204959 178.24026457832204 2 0
23.151502564685664 177.30404282667271 2 0
19.152027011166183 177.23927171582812 2 0
3.3018486559440423 180.51549173535898 2 0
9.8816180694969518 175.9650374212851 2 0
27.150978118205146 177.3688139375173 2 0
15.152551457646702 177.17450060498354 2 0
6.9171955267065046 182.22700188843083 2 0
25.095146914022653 180.80007581325771 2 0
3.627310819930051 184.50222904546777 2 0
29.094622467542134 180.8648469241023 2 0
10.207080233482962 179.9517747313939 2 0
27.038791263359641 184.2961087998427 2 0
7.2426576906925133 186.21373919853963 2 0
31.038266816879123 184.36087991068729 2 0
3.9527729839160597 188.48896635557657 2 0
28.98243561269663 187.79214178642769 2 0
14.627243187854647 200.40767794136582 14 6
24.982960059177149 187.7273706755831 2 0
10.532542397468967 183.93851204150269 2 0
32.981911166216108 187.85691289727228 2 0
13.208907108309713 173.67846761839854 2 0
30.926079962033619 191.28817477301268 2 0
33.094098021061612 180.92961803494688 2 0
42.103805070919009 195.65377454740718 10 4
31.150453671724627 177.43358504836189 2 0
30.112218214393955 195.20450329035248 2 0
17.09619580698369 180.67053359156853 2 0
36.051286137587816 185.29196898265798 2 0
29.206809322387638 173.9375520617769 2 0
39.793163212662989 183.87833679746026 2 0
30.630755006368172 199.17075083625392 2 0
23.03931570984016 184.23133768899811 2 0
21.095671360503172 180.73530470241312 2 0
32.424075138848053 202.74622323895014 2 0
35.292920819335805 205.53364578703048 2 0
31.444519241372795 206.62442775182996 2 0
38.918531416666127 207.22330486404158 2 0
34.313364921860547 209.4118502999103 2 0
42.898061308913441 207.62746057253776 2 0
30.464963343897537 210.50263226470977 2 0
40.558287252147593 210.8717567000954 2 0
46.789340508050259 206.70120672268607 2 0
33.333809024385289 213.29005481279012 2 0
44.537817144394914 211.27591240859158 2 0
50.160004658616948 204.54746040891453 2 0
29.485407446422279 214.38083677758959 2 0
42.198043087629067 214.52020853614923 2 0
50.339871604366849 208.54341434781657 2 0
52.635535521661637 201.40552677719771 2 0
26.616561765934524 211.59341422950925 2 0
54.11876443221076 205.12036620830523 2 0
25.637005868459269 215.47161874238907 2 0
32.354253126910031 217.16825932566994 2 0
38.218513195381746 214.11605282765305 2 0
28.505851548947021 218.25904129046941 2 0
56.594295295255449 201.9784325765884 2 0
53.940874112401602 197.62450956439307 2 0
46.177572979876388 214.9243642446454 2 0
39.858269030863219 217.76450466370687 2 0
31.374697229434776 221.04646383854976 2 0
58.077524205804572 205.69327200769592 2 0
43.83779892311054 218.16866037220305 2 0
55.60199334275989 208.83520563941275 2 0
60.553055068849261 202.5513383759791 2 0
27.526295651471766 222.13724580334923 2 0
62.036283979398384 206.26617780708662 2 0
30.395141331959522 224.92466835142957 2 0
64.511814842443073 203.1242441753698 2 0
36.369528700468344 224.37086733030173 4 1
63.028585931893943 199.40940474426228 2 0
26.267015112175017 252.61868528493937 26 12
59.069826158300131 198.83649894487158 2 0
53.930982809643496 193.62452179414555 2 0
24.657449970984008 219.34982325526889 2 0
65.995043752992189 206.83908360647732 2 0
61.545357021344813 195.69456531315475 2 0
68.470574616036885 203.69714997476049 2 0
23.677894073508757 223.22802776814871 2 0
69.953803526586 207.41198940586801 2 0
49.595813535439994 219.8554525123912 4 1
67.478272663541318 210.55392303758484 2 0
43.47582161600247 228.04518372912062 4 1
71.43703243713513 211.12682883697553 2 0
46.477771785027606 233.24020973316431 2 0
51.542044063527513 236.45784027274112 4 1
41.976680467885728 222.23548702292129 2 0
49.625573068149983 230.77214427982375 2 0
77.889173607117598 206.39714868683669 6 2
18.683062602475189 219.90362427639676 4 1
74.533296640179884 213.65924823054834 2 0
94.261053618382888 253.51908942549002 42 20
70.792025010787071 215.07448199042707 2 0
42.007927643361896 316.71411158577246 40 19
53.145522789199759 274.14705889983463 4 1
66.987345705487755 199.98231054365297 2 0
47.212004727020954 275.03776839557241 2 0
63.519512889947514 209.98101723819414 2 0
52.767987586242498 268.15894841567285 2 0
47.97071831905761 271.11038330046665 2 0
65.504116794938625 196.26747111254545 2 0
77.452239092316063 294.18189496357707 2 0
50.036565061337171 213.87166290275255 2 0
79.434984905449596 297.6559011582321 2 0
53.625139238106811 230.83105482333536 2 0
21.299152657870039 280.1744531500363 2 0
53.699667575732533 215.47842360958799 2 0
17.917050315263168 282.31019277464719 2 0
51.676374180360206 227.33787364428011 2 0
81.078256276296642 301.30277093953146 2 0
55.538834961108996 219.03053049544707 2 0
83.414902465772172 298.05622129641654 2 0
57.695466068532362 215.66171137496971 2 0
82.367148249112518 305.0894261235178 2 0
54.736659490632576 222.94926938883688 2 0
85.002041847408805 302.07988534033223 2 0
59.534633453908825 219.21381826082879 2 0
83.289970193758322 308.98152063142481 2 0
55.675940350317042 227.39678418779172 2 0
86.199211939212816 306.23628613023828 2 0
59.560753116353702 209.40811143880345 2 0
87.122033883858606 310.1283806381453 2 0
83.838351843162442 312.94375201873635 2 0
61.69126456133219 215.84499914035143 2 0
14.753459331641327 284.7579860846198 2 0
90.031275629313114 307.38314613695877 2 0
84.007319214110325 316.94018167876476 2 0
14.215403633802376 280.7943392706336 2 0
87.383845138658614 314.79563681309901 2 0
63.530431946708653 219.39710602621051 2 0
83.795339722738504 320.93456081640778 2 0
65.687063054132011 216.02828690573315 2 0
87.360563273969845 319.12095087219558 2 0
90.95409757395889 311.27524064486579 2 0
83.204336085521987 324.89065923540556 2 0
89.108453684667296 303.49105162905175 2 0
86.925919634853798 323.42443418946516 2 0
93.863339319413399 308.53000614367926 2 0
82.239668879669097 328.77259395690101 2 0
94.786161264059174 312.42210065158628 2 0
86.083856567243473 327.66705290261962 2 0
97.695403009513683 309.67686615039975 2 0
80.910087921105955 332.54515468863565 2 0
6.8088624323135107 283.81810305615784 6 2
79.227652901066662 336.17412319267993 2 0
96.772581064867879 305.78477164249273 2 0
134.11781937579786 422.14545343931678 100 49
100.60464475496818 306.93163164921322 2 0
24.195593568024051 374.00914413475141 20 9
46.732050827586605 365.75638131325275 4 1
98.618224954159459 313.56896065830676 2 0
92.940517374767595 304.63791163577224 2 0
101.52746669961397 310.82372615712023 2 0
11.825712635591209 277.58663340302843 2 0
56.294550007468331 356.20958501533664 2 0
105.38896957915144 317.83006582283184 6 2
52.472551539096337 357.38955438263486 2 0
95.422396080765651 318.64701912705073 4 1
48.555635847180248 358.20058549327211 2 0
42.379780548676941 361.62627920563853 2 0
105.40208416495284 309.83007657236163 2 0
8.3428482099979071 350.92905608003247 8 3
109.27342298384137 310.83642430022053 2 0
19.909755938245723 352.43064567421953 2 0
108.20927627176366 306.9805726724768 2 0
112.1736484515574 313.59118240873232 2 0
6.6180956020896069 360.77919457862799 2 0
18.797973646588645 409.60220103049619 16 7
4.5131478638259566 364.18054651854521 2 0
99.681822810322359 303.0395371413062 2 0
115.35281101213205 318.67969156303678 4 1
99.402500126209603 323.13687121675713 2 0
7.7055716218854373 340.9493828113205 2 0
85.119189361390596 331.54898762411506 2 0
95.849759120222075 301.89267713458571 2 0
2.8956256959537283 359.31522128723475 2 0
36.624248132020796 392.16206526962247 2 0
114.19434729425612 307.4035677737736 4 1
33.131951563960918 394.11241515636516 2 0
95.695983796861185 324.64077836158805 2 0
109.80516112523813 303.3127188675316 2 0
5.5556351957553218 337.5762872947958 2 0
113.35179538716505 301.46302013202734 2 0
91.867872927025871 323.48079251329131 2 0
103.51388650042266 304.18639714802669 2 0
8.701591195781873 392.33769810087085 4 1
109.97659216190695 299.31639413101846 2 0
88.963377048964972 330.44344656983367 2 0
113.52322642383389 297.46669539551419 2 0
3.7363318076987344 334.01396569474258 2 0
5.5342944661301345 397.43360149735878 2 0
51.216467238209667 361.18721843163473 2 0
3.0351623190054595 394.31040785763548 2 0
3.1744035079125865 400.66329415538723 2 0
98.759000865676555 299.14744263339918 2 0
8.1818090865606088 275.93679494870565 2 0
117.27289716335467 302.25356479285472 2 0
2.2641630757479501 330.29472931819078 2 0
132.18239866887265 308.05931753104096 14 6
106.42995789998004 301.16609286652272 2 0
119.17887326528708 298.73685395759082 2 0
94.926937175576271 298.00058262667869 2 0
6.318437953018357 386.83128541914186 2 0
3.0544430060036523 390.31045432601678 2 0
4.1946688739682401 276.25728352124588 2 0
106.60138893664885 297.16976813000957 2 0
121.81318031978617 293.34608162492674 4 1
110.14802319857579 295.32006939450531 2 0
92.777351149288108 327.3760266992204 2 0
4.2922831641824413 383.38241650721187 2 0
116.88973984170114 312.76405833109931 2 0
3.7094170021186166 341.12473461460837 2 0
3.0588594876845612 367.90681077635355 2 0
92.017695430121776 300.74581712786522 2 0
127.77587844930068 292.67807637323762 2 0
5.9106877348219751 272.64407452242028 2 0
126.0309668264418 289.07873151223691 2 0
103.05475467472193 299.01946686551383 2 0
130.02054672447881 289.36726614998275 2 0
2.9240890498536913 379.62368735156417 2 0
61.373800839285288 222.76592514668786 2 0
2.3033061224634785 371.83480506253869 2 0
122.41148342284708 287.37598670132058 2 0
128.27563510161994 285.76792128898205 2 0
132.26521499965693 286.05645592672789 2 0
130.52030337679807 282.45711106572719 2 0
134.0101266225158 289.65580078772859 2 0
134.50988327483506 282.74564570347303 2 0
136.25479489769393 286.34499056447373 2 0
132.7649716519762 279.14630084247233 2 0
137.99970652055279 289.94433542547443 2 0
136.75455155001319 279.43483548021817 2 0
140.24437479573092 286.63352520221957 2 0
135.00963992715432 275.83549061921747 2 0
138.49946317287205 283.03418034121887 2 0
141.98928641858978 290.23287006322028 2 0
138.99921982519132 276.12402525696331 2 0
140.74413144805018 279.72337011796401 2 0
144.23395469376791 286.92205983996541 2 0
139.74461814341166 293.54368028647514 2 0
137.25430820233245 272.5246803959626 2 0
142.48904307090905 283.32271497896471 2 0
145.97886631662678 290.52140470096612 2 0
143.73419804144865 293.83221492422098 2 0
141.24388810036945 272.81321503370845 2 0
144.73371134608718 280.01190475570985 2 0
148.22353459180491 287.21059447771125 2 0
142.98879972322831 276.41255989470915 2 0
146.47862296894604 283.61124961671055 2 0
149.96844621466377 290.80993933871196 2 0
139.49897647751058 269.21387017270774 2 0
150.46820286698303 283.89978425445639 2 0
143.48855637554757 269.50240481045358 2 0
148.72329124412417 280.30043939345569 2 0
141.74364475268871 265.90305994945288 2 0
152.2131144898419 287.49912911545709 2 0
145.7332246507257 266.19159458719872 2 0
152.71287114216116 280.58897403120153 2 0
143.98831302786684 262.59224972619802 2 0
150.9679595193023 276.98962917020083 2 0
147.97789292590383 262.88078436394386 2 0
154.95753941733929 277.27816380794667 2 0
149.29308323330716 271.02144001661168 4 1
156.70245104019816 280.87750866894737 2 0
154.45778276502003 284.18831889220223 2 0
146.23298130304497 259.28143950294316 2 0
139.99873312982984 262.30371508845218 2 0
150.22256120108196 259.569974140689 2 0
142.24340140500797 258.99290486519732 2 0
148.47764957822309 255.9706292796883 2 0
137.75406485465172 265.61452531170704 2 0
152.46722947626009 256.25916391743414 2 0
158.94711931537628 277.56669844569251 2 0
150.72231785340122 252.65981905643343 2 0
176.45192297587849 301.51626731043973 26 12
154.71189775143822 252.94835369417927 2 0
144.4880696801861 255.68209464194248 2 0
152.96698612857935 249.34900883317857 2 0
154.21214109911895 259.85850877843484 2 0
156.95656602661634 249.63754347092441 2 0
156.45680937429708 256.54769855517998 2 0
155.21165440375748 246.03819860992371 2 0
148.97740623054236 249.06047419543276 2 0
159.20123430179447 246.32673324766955 2 0
158.20172099715595 260.14704341618068 2 0
151.22207450572049 245.7496639721779 2 0
162.41950750381159 255.87969330349088 4 1
151.96747282394082 263.1693190016897 2 0
146.73273795536423 252.37128441868762 2 0
147.72377793948564 294.12074956196682 2 0
153.46674278089858 242.43885374892304 2 0
135.50939657947359 268.9253355349619 2 0
149.47716288286159 242.15031911117723 2 0
157.45632267893561 242.72738838666885 2 0
151.72183115803969 238.83950888792236 2 0
155.95705272197782 263.45785363943554 2 0
147.7322512600027 238.55097425017655 2 0
161.4459025769726 243.01592302441469 2 0
149.9769195351808 235.24016402692169 2 0
163.49074328812654 266.14922995157059 6 2
153.96649943321779 235.5286986646675 2 0
144.17239267742121 233.72112882076362 4 1
155.71141105607668 239.12804352566818 2 0
149.64179809579909 231.25422704537436 2 0
141.63460571947573 243.72965350864501 6 2
146.875829803805 228.36469085288891 2 0
157.20220769251742 273.96735358469181 2 0
150.76122569764902 227.41406014220252 2 0
163.19081419983146 246.61526788541536 2 0
138.26867584482773 223.27382641485269 8 3
165.43548247500959 243.3044576621605 2 0
157.95607933125478 235.81723330241331 2 0
167.18039409786846 246.90380252316118 2 0
159.70099095411368 239.41657816341399 2 0
156.36933898015081 230.03084798356542 4 1
161.94565922929178 236.10576794015913 2 0
161.19178759055441 274.25588822243765 2 0
146.9783796212653 276.70109453245499 2 0
138.25382150697098 258.70437022745148 2 0
169.42506237304659 243.59299229990631 2 0
155.59580708833687 267.44150794072419 2 0
171.16997399590545 247.19233716090699 2 0
160.94614592465334 249.92607810867023 2 0
173.41464227108358 243.88152693765213 2 0
140.49848978214911 255.39356000419662 2 0
175.15955389394244 247.4808717986528 2 0
163.6905708521507 239.70511280115983 2 0
177.40422216912057 244.17006157539794 2 0
168.92530572072735 250.50314738416185 2 0
179.14913379197944 247.76940643639861 2 0
172.91488561876434 250.79168202190766 2 0
181.39380206715757 244.45859621314375 2 0
164.93572582269036 250.21461274641604 2 0
183.13871369001643 248.05794107414442 2 0
175.65931054626168 240.57071671439726 2 0
185.38338196519456 244.74713085088956 2 0
179.64889044429867 240.85925135214308 2 0
187.12829358805342 248.34647571189024 2 0
167.68015075018769 239.99364743890564 2 0
189.37296186323155 245.03566548863537 2 0
187.78622151212758 239.24928016978748 4 1
191.11787348609042 248.63501034963605 2 0
170.67021734358624 254.10249224516252 2 0
178.21284541867695 232.98919578153959 6 2
188.71503393915739 254.13286103073813 4 1
172.30811436632851 238.38680184343704 2 0
176.90446551680134 251.08021665965347 2 0
174.65979724162324 254.39102688290833 2 0
194.03952469660163 251.36703417898278 2 0
170.43310094948242 234.85348545700245 2 0
194.59473557047096 255.32831438688746 2 0
172.41512896644514 257.70183710616323 2 0
197.74769942509025 252.86684756170692 2 0
193.52523373895826 267.2805596082838 10 4
197.19248855122092 248.90556735380224 2 0
180.89404541483833 251.36875129739929 2 0
165.9352391273288 236.39430257790497 2 0
138.18911286626326 233.27350989646558 2 0
168.42554906840815 257.41330246841738 2 0
193.36254176126855 245.32420012638119 2 0
176.40470886448213 257.99037174390901 2 0
184.9950138506116 258.84045601552765 2 0
174.16004058930403 261.30118196716387 2 0
182.69489683149914 262.11298740550535 2 0
178.14962048734102 261.58971660490965 2 0
181.01086002265271 258.48476194028819 2 0
170.17046069126704 261.01264732941809 2 0
134.27641836546215 232.44235302595274 2 0
175.90495221216293 264.90052682816452 2 0
178.64937713966023 254.67956152065415 2 0
179.89453211019992 265.1890614659103 2 0
170.50302364993499 230.85409665170215 2 0
171.91537231412593 264.61199219041873 2 0
172.50040179257303 227.3884826288612 2 0
135.5129626514686 236.24642429615059 2 0
175.92589084173704 225.32304689418984 2 0
173.66028393698483 268.21133705141938 2 0
172.42442650104547 223.38920422456408 2 0
168.50040293776217 227.39150942779335 2 0
179.92311853513604 225.17414838135593 2 0
177.64986383502182 268.49987168916516 2 0
177.79555479373664 221.78689691057869 2 0
175.40519555984372 271.81068191242002 2 0
200.90066327970953 250.40538073652638 2 0
179.39477545788071 272.09921655016581 2 0
200.34545240584021 246.4441005286217 2 0
183.49277794942026 226.97901171856793 2 0
201.45587415357886 254.36666094443106 2 0
183.27100574266291 222.98516431433353 2 0
204.05362713432882 247.94391391134585 2 0
185.74245423101866 230.28642107152285 2 0
203.49841626045949 243.98263370344117 2 0
186.84066515694713 224.79002765154553 2 0
207.20659098894811 245.48244708616531 2 0
166.50302479512413 230.8571234506343 2 0
206.65138011507878 241.52116687826063 2 0
186.61889295018977 220.79618024731113 2 0
210.35955484356739 243.02098026098477 2 0
190.18855236447399 222.60104358452313 2 0
209.80434396969807 239.05970005308009 2 0
221.02871575580448 259.9375107985623 18 8
206.09616924120945 237.55988667035595 2 0
171.41561566180673 271.52214727467424 2 0
209.24913309582874 235.09841984517541 2 0
213.51251869818668 240.55951343580423 2 0
205.54095836734012 233.59860646245127 2 0
189.96678015771664 218.60719618028872 2 0
191.61029971611225 228.43016311221422 4 1
186.39712074343242 216.80233284307673 2 0
195.72581942621221 220.29048661985226 4 1
183.04923353590556 218.99131691009913 2 0
208.69392222195941 231.13713963727074 2 0
202.94320538659017 240.02135349553649 2 0
204.9857474934708 229.63732625454659 2 0
164.50040408295132 227.39453622672551 2 0
208.13871134809008 227.17585942936606 2 0
192.27954089810041 213.07084921159722 4 1
211.8468860765787 228.6756728120902 2 0
203.0811896532787 223.94762859708158 4 1
212.40209695044803 232.63695301999488 2 0
174.93374278861688 202.92461812252387 16 7
215.55506080506731 230.17548619481434 2 0
212.95730782431735 236.59823322789956 2 0
211.29167520270937 224.71439260418552 2 0
200.98631348765502 229.5700385652982 2 0
202.38799451272084 236.06007328763181 2 0
198.03858016659598 214.75413965116076 2 0
162.50302594031328 230.86015024956646 2 0
197.91793555544976 227.00390200128689 2 0
199.79024153197088 242.48282032071702 2 0
197.22978506753847 230.94426352099387 2 0
201.00444532167811 217.43810013556987 2 0
216.11027167893664 234.13676640271902 2 0
166.49778222558936 223.92892220388455 2 0
219.26323553355593 231.67529957753848 2 0
162.49778337077851 223.93194900281671 2 0
219.81844640742526 235.63657978544316 2 0
164.49516151341655 220.46633497997576 2 0
222.97141026204454 233.17511296026262 2 0
216.66548255280597 238.0980466106237 2 0
160.49516265860569 220.46936177890791 2 0
168.4951603682274 220.4633081810436 2 0
223.52662113591387 237.1363931681673 2 0
220.37365728129458 239.59785999334784 2 0
162.49254080124373 217.00374775606696 2 0
158.49778451596765 223.93497580174886 2 0
226.67958499053316 234.67492634298677 2 0
158.49254194643288 217.00677455499911 2 0
156.49516380379484 220.47238857784006 2 0
227.23479586440249 238.63620655089144 2 0
154.4977856611568 223.93800260068102 2 0
230.38775971902177 236.17473972571091 2 0
152.49516494898398 220.47541537677222 2 0
230.9429705928911 240.13601993361559 2 0
154.49254309162203 217.00980135393127 2 0
234.09593444751039 237.67455310843505 2 0
150.49254423681117 217.01282815286342 2 0
234.65114532137972 241.63583331633973 2 0
233.54072357364106 233.71327290053037 2 0
152.48992237944921 213.54721413002247 2 0
148.49516609417313 220.47844217570437 2 0
237.804109175999 239.17436649115919 2 0
148.48992352463836 213.55024092895462 2 0
238.35932004986833 243.13564669906387 2 0
150.4873016672764 210.08462690611367 2 0
241.51228390448762 240.67417987388333 2 0
146.48730281246554 210.08765370504582 2 0
242.06749477835695 244.63546008178801 2 0
148.48468095510358 206.62203968220487 2 0
245.22045863297623 242.17399325660747 2 0
144.48468210029273 206.62506648113703 2 0
245.77566950684556 246.13527346451215 2 0
152.48467980991444 206.61901288327272 2 0
244.6652477591069 238.2127130487028 2 0
144.4899246698275 213.55326772788678 2 0
238.91453092373766 247.09692690696855 2 0
240.95707303061829 236.71289966597865 2 0
146.49254538200032 217.01585495179557 2 0
248.37342248759552 239.71252643142694 2 0
150.47726626957123 196.82257011673511 8 3
242.62270565222627 248.59674028969269 2 0
142.48730395765469 210.09068050397798 2 0
156.16349249827039 205.04855524169454 2 0
237.24889830212967 235.21308628325451 2 0
247.81821161372619 235.75124622352226 2 0
235.20635619524904 245.59711352424441 2 0
155.6841423672665 209.01972930636441 2 0
156.48992123426007 213.54418733109031 2 0
248.92863336146485 243.67380663933162 2 0
239.46974179760699 251.05820711487323 2 0
251.52638634221481 237.2510596062464 2 0
249.48384423533417 247.63508684723629 2 0
243.1779165260956 252.55802049759737 2 0
252.08159721608413 241.21233981415108 2 0
252.63680808995346 245.17362002205576 2 0
246.33088038071489 250.09655367241683 2 0
255.23456107070342 238.75087298897054 2 0
253.19201896382279 249.13490022996044 2 0
250.0390551092035 251.59636705514097 2 0
255.78977194457275 242.71215319687522 2 0
254.67935019683409 234.78959278106586 2 0
256.34498281844208 246.6734334047799 2 0
246.88609125458422 254.05783388032151 2 0
258.94273579919201 240.25068637169468 2 0
267.7037370867447 230.93797078260991 2 0
250.59426598307283 255.55764726304565 2 0
297.23166269605099 209.21549524448565 2 0
247.44130212845354 258.01911408822616 2 0
300.82829812465025 207.46500571474132 2 0
243.73312739996493 256.51930070550202 2 0
304.49080142504994 205.85687960819331 2 0
244.28833827383426 260.4805809134067 2 0
301.26687171409054 203.48912176187682 2 0
308.21354014311646 204.39359001381749 2 0
247.99651300232287 261.98039429613084 2 0
304.92937501449023 201.8809956553288 2 0
311.99078919047133 203.07738728085545 2 0
244.84354914770358 264.44186112131138 2 0
331.85676826498343 198.72191594823235 2 0
308.96229966351825 200.46429501590657 2 0
241.13537441921497 262.94204773858723 2 0
333.73703240260056 195.19139094863374 2 0
241.6905852930843 266.90332794649191 2 0
347.34649735168904 198.10350280063247 2 0
334.54217577105834 191.27326076240607 2 0
245.39876002157291 268.40314132921606 2 0
388.74332468904055 208.54150479510906 2 0
320.51372989215497 176.44332801109991 2 0
242.24579616695362 270.86460815439659 2 0
392.29601951213465 210.37953621321935 2 0
317.83773227218853 173.47027625609564 2 0
395.77391673776737 212.35544888536262 2 0
399.17166781195846 214.46620411461899 2 0
399.30075992456977 210.46828775400544 2 0
402.48404743509371 216.70855583373853 2 0
402.69851099876087 212.57904298326181 2 0
405.70596159775653 219.07905559717088 2 0
402.82760311137218 208.58112662264827 2 0
406.14791753122256 215.10354620177586 2 0
408.83245541465249 221.57405788432641 2 0
426.64542949588031 218.98601723906876 16 7
406.22535418556328 210.69188185190464 2 0
423.63775961555916 236.73295843723045 2 0
427.63136794957018 236.95899488234022 2 0
431.57628796488046 236.29747687593039 2 0
430.17671935583706 240.04463682829169 2 0
435.27770879653639 234.78107197387308 2 0
434.12163937114735 239.38311882188188 2 0
438.55284423062903 232.48466436886247 2 0
432.72207076210395 243.13027877424318 2 0
438.90402383696568 236.46921865812661 2 0
464.55129718124704 232.20103754625779 24 11
436.66699077741424 242.46876076783337 2 0
428.77715074679367 243.79179678065299 2 0
435.26742216837084 246.21592072019467 2 0
431.32250215306055 246.87743872660448 2 0
439.21234218368113 245.55440271378487 2 0
437.81277357463773 249.30156266614617 2 0
441.75769358994802 248.64004465973636 2 0
433.86785355932744 249.96308067255598 2 0
440.35812498090462 252.38720461209766 2 0
436.41320496559433 253.04872261850747 2 0
444.30304499621491 251.72568660568786 2 0
442.90347638717151 255.47284655804916 2 0
446.8483964024818 254.81132855163935 2 0
438.95855637186122 256.13436456445896 2 0
445.4488277934384 258.55848850400065 2 0
441.50390777812811 259.22000651041043 2 0
449.39374780874869 257.89697049759081 2 0
437.55898776281782 259.88152451682026 2 0
447.99417919970529 261.64413044995212 2 0
440.10433916908471 262.96716646277173 2 0
451.93909921501557 260.98261244354228 2 0
444.049259184395 262.30564845636195 2 0
450.53953060597217 264.72977239590358 2 0
453.33866782405897 257.23545249118098 2 0
456.53859933550456 264.83548132810375 4 1
446.59461059066189 265.39129040231342 2 0
451.80621476560987 268.52391409590939 2 0
442.6496905753516 266.05280840872325 2 0
455.17618095631184 270.67875234355716 2 0
445.19504198161849 269.13845035467472 2 0
451.62505319745156 272.51980955077585 2 0
459.15166642665503 270.23658125100337 2 0
470.46766051879729 266.24305177113212 10 4
441.2501219663082 269.79996836108455 2 0
454.99501938815354 274.67464779842362 2 0
449.13720996934728 280.12314014153509 6 2
459.08138864548715 279.06800486252831 4 1
460.17939644909774 260.06635180819643 2 0
443.79547337257509 272.88561030703602 2 0
456.00794925600007 284.22105932751793 2 0
459.92983334790188 285.00771374318435 2 0
453.16521024999156 287.03510178343748 2 0
465.73849185816965 283.50455496544527 4 1
457.28762859398466 288.01083778963618 2 0
449.31547117382195 288.1211538288814 2 0
462.16544080790754 288.32464896787098 2 0
499.10865278838594 338.11620536617448 60 29
464.89004715575493 277.56484608478922 2 0
452.18088937309324 290.91209964406391 2 0
445.42116679653373 287.20770245248877 2 0
471.65788234883763 282.52434263182079 2 0
468.81193124765673 278.35150050045564 2 0
448.33115029692368 291.99815168950789 2 0
475.29971718521216 280.86994273319624 2 0
451.19656849619503 294.7890975046904 2 0
479.0406526900702 279.45382072274219 2 0
484.62470841617386 273.72509297150725 6 2
494.60960253839187 274.27453757116751 4 1
447.34682942002547 295.87514955013438 2 0
455.04630757236458 293.70304545924637 2 0
475.94378730172969 276.92213654684298 2 0
491.2787740622303 269.28398833662516 2 0
499.20775996820544 263.1904522119396 8 3
500.31616071259083 276.12796515391341 2 0
506.0905705287326 274.49818256864461 4 1
450.21224761929682 298.66609536531689 2 0
488.2969753202654 266.61774073701696 2 0
511.37406425375627 277.34154221132712 2 0
531.15672637016337 260.47007874225989 24 11
446.36250854312726 299.75214741076087 2 0
484.39710985227759 265.72833119603138 2 0
533.2802459006931 286.38321565779864 2 0
487.11729384313327 262.79565339990501 2 0
537.22993965848445 285.75082399145219 2 0
483.21742837514546 261.90624385891942 2 0
541.03588872306102 284.52007149080532 2 0
485.93761236600113 258.97356606279305 2 0
540.19877712210416 288.43149631656172 2 0
544.60801145975836 282.72008839255977 2 0
573.56481657414292 290.56250113147826 28 13
482.03774689801332 258.08415652180747 2 0
556.60043525463254 265.81962808798863 2 0
484.757930888869 255.15147872568113 2 0
560.04294010878584 263.78267930877712 2 0
480.85806542088119 254.26206918469555 2 0
488.65779635685681 256.04088826666668 2 0
563.72583387787881 262.22181625085807 2 0
570.96527176135828 252.65152162993644 10 4
588.24520480345006 257.69175119423437 8 3
583.60238716298909 246.62629845350008 4 1
483.57824941173686 251.32939138856921 2 0
487.47811487972467 252.21880092955476 2 0
560.53263993334576 259.81276821634367 2 0
595.49235134240337 267.25620972793809 4 1
589.49240683926894 247.76983166816234 2 0
578.56584148472598 243.36543850085422 2 0
602.09384127710518 259.74486293511654 6 2
595.4822026784143 248.11961132073887 4 1
491.37798034771248 253.10821047054034 2 0
603.11223856137497 269.69287112627683 4 1
597.7517880539616 272.81453193400557 2 0
588.90226921396209 243.81360397208655 2 0
490.19829887058035 249.28612313342842 2 0
607.52065947079473 265.62275748100961 2 0
634.41653050374316 282.96092697432709 30 14
599.89792413140174 276.1900467002464 2 0
494.09816433856815 250.175532674414 2 0
493.87056577467183 242.1787708989381 6 2
500.09573567017509 250.00483375149176 4 1
486.29843340259254 248.39671359244284 2 0
505.86570843788564 241.83737305309361 6 2
499.64053854238239 234.01131020053995 4 1
609.68793065745945 262.26077360189112 2 0
507.37075697539291 231.95128035174051 4 1
601.57591607449069 279.82107176748684 2 0
611.57486365754039 256.56520656662542 4 1
506.09330700178202 249.83413482856952 2 0
493.64296721077545 234.18200912346219 2 0
501.72160957727311 226.2867297363504 4 1
511.57426399853978 236.23269702223112 2 0
519.16114002822201 229.71815082850179 8 3
606.63546054370795 253.15899211667329 2 0
504.86780436448231 253.64177757520048 2 0
494.86846984807516 230.37436637683123 2 0
507.71276333583313 225.96103564476746 2 0
513.57404666951027 239.69692410325308 2 0
508.957656302891 212.01649400652886 12 5
493.29967170029772 220.89498026179513 6 2
492.99668880244474 210.89957124747218 4 1
609.8740455341034 250.81131938394725 2 0
495.53253764560384 203.31211642753101 4 1
602.8793871353696 251.78352399593277 2 0
503.54987151939378 174.40325346898177 26 12
490.95820318230733 231.21687133384034 2 0
619.25354328915785 247.34360805470877 8 3
485.57209171291481 204.2006640188159 6 2
519.38677231004112 199.88251117691337 4 1
488.30796631879679 214.64335028359787 2 0
528.48725943225281 207.70434818227596 8 3
607.42286759026206 245.33484910760814 4 1
522.66878450086119 194.85972350677361 2 0
530.18957347913761 192.1325027338554 6 2
522.46729177440011 215.6893334295014 2 0
611.54428725691832 240.97435602410272 2 0
529.801700938115 184.14191108542781 2 0
533.16792101957867 179.17516543428448 4 1
526.07835150052495 217.4098704544908 2 0
534.72115866096738 222.43996830516974 8 3
520.87725857333771 219.35972774340271 2 0
614.65725454240476 238.46249721447762 2 0
531.53198162989997 173.40249687344561 2 0
534.40988921581379 165.93807138135719 6 2
528.55652578683225 157.8301655747841 4 1
524.79838837889088 221.19955308068219 2 0
528.48549510300973 119.83023196113214 34 16
496.08461862597903 143.28621634721577 6 2
537.13006659269524 212.73444603295491 2 0
618.5056280273717 237.3716161392895 2 0
534.55553140842073 157.93939721923928 2 0
504.20659254382275 146.4109560017128 2 0
622.47366795422442 237.87625377056844 2 0
642.3107037829036 235.32831155542706 18 8
538.40966761204766 159.009740212813 2 0
495.97260070533991 135.28700063656916 2 0
490.93316443358765 149.40687968575133 2 0
620.92667699919127 234.1875115750436 2 0
628.85811144309776 250.12789801380478 2 0
537.40954373343175 155.13678885403993 2 0
543.38678601072786 155.65887578023467 4 1
541.26385921661608 161.81216599852277 2 0
494.45853122836257 131.58462388387562 2 0
487.50011691678156 151.45972764586713 2 0
34.40999412634622 400.64313765648046 2 0
32.118756316489964 421.70826352253931 2 0
29.11626996196712 424.35119289936802 2 0
25.604238110388483 426.26577699872149 2 0
29.018332503899661 428.34999375141194 2 0
21.756094433437013 427.35746845766874 2 0
12.33113778038364 434.78513243014794 10 4
4.264975942498209 423.34236033571904 4 1
25.50630065232103 430.26457785076542 2 0
2.6539193830601056 417.56269799590268 2 0
28.920395045832208 432.34879460345587 2 0
25.408363194253578 434.26337870280935 2 0
32.432426897410842 430.4342105041024 2 0
28.822457587764756 436.3475954554998 2 0
32.334489439343386 434.43301135614632 2 0
25.310425736186126 438.26217955485328 2 0
28.724520129697304 440.34639630754373 2 0
25.212488278118673 442.2609804068972 2 0
32.236551981275937 438.43181220819025 2 0
28.626582671629851 444.34519715958766 2 0
32.138614523208481 442.43061306023418 2 0
25.114550820051221 446.25978125894113 2 0
28.528645213562399 448.34399801163158 2 0
21.70045642654004 444.17556450625068 2 0
15.136024814335315 458.76693995919163 14 6
32.040677065141033 446.42941391227811 2 0
31.942739607073577 450.42821476432204 2 0
35.45477145865221 448.51363066496856 2 0
35.356834000584755 452.51243151701249 2 0
31.844802149006124 454.42701561636596 2 0
35.258896542517299 456.51123236905642 2 0
31.746864690938668 458.42581646840989 2 0
35.160959084449843 460.51003322110034 2 0
31.648927232871213 462.42461732045382 2 0
38.672990936028476 458.59544912174687 2 0
35.063021626382387 464.50883407314427 2 0
38.575053477961021 462.5942499737908 2 0
31.550989774803757 466.42341817249775 2 0
34.965084168314931 468.5076349251882 2 0
31.453052316736301 470.42221902454168 2 0
38.477116019893565 466.59305082583472 2 0
40.428676259959019 474.35136331176847 6 2
28.038957923225123 468.33800227185122 2 0
27.941020465157671 472.33680312389515 2 0
31.355114858668848 474.4210198765856 2 0
27.843083007090218 476.33560397593908 2 0
31.257177400601396 478.41982072862953 2 0
24.428988613579037 474.25138722324863 2 0
27.745145549022766 480.33440482798301 2 0
24.331051155511588 478.25018807529256 2 0
31.159239942533944 482.41862158067346 2 0
20.916956762000407 476.1659713226021 2 0
14.352525149795682 490.75734677554306 14 6
34.671271794112577 480.50403748131998 2 0
17.092585392726424 474.99371553572047 2 0
34.573334336045122 484.50283833336391 2 0
13.096960258269275 474.80668670132775 2 0
38.085366187623755 482.58825423401044 2 0
45.854285892538442 501.01768413888237 18 8
31.061302484466491 486.41742243271739 2 0
9.1798079295325365 475.61657412157348 2 0
5.5859504270622331 477.37275983269228 2 0
5.8619777387052583 473.38229508241227 2 0
2.5400038447627793 479.9654822277393 2 0
2.2681202362349571 475.13848079353107 2 0
2.54414754787798 471.14801604325106 2 0
882.36270692672019 267.0290320149976 2 0
898.29120018899368 270.09001348897311 2 0
901.55138603630132 272.40759590196615 2 0
901.65590548734258 267.92696974108844 2 0
904.38137131922701 275.23446400968248 2 0
906.70254533546722 278.49209369801895 2 0
908.45043102901525 282.08999525341068 2 0
910.69236232952596 278.77733106219085 2 0
170.93685674852404 20.555337794030354 2 0
176.67018856780678 6.3821622059696459 2 0
171.02964609592166 24.554261416332899 2 0
167.15049374196218 21.845087840566475 2 0
