100 100 100 0
950 50 50 1
10 163.24555320336759 10 3
5 5 5 4
36.754446796632415 10 10 3
995 5 5 4
5 995 5 4
995 995 5 4
5 15 5 4
995 15 5 4
900 191.42135623730951 100 0
898.88888888888891 81.426968052735461 10 3
985 995 5 4
970.85786437626905 990 10 3
885.16223378083669 87.475020594221746 5 4
891.39925893167811 62.88228032001669 10 3
13.660254037844387 10 5 4
990 980.85786437626905 10 3
13.660254037844387 20 5 4
990 128.17580303394192 10 3
5 25 5 4
890.42082242650304 42.906228107296059 10 3
13.660254037844387 30 5 4
25 972.63932022500205 25 2
884.41116250257483 77.503265887302305 5 4
100 872.63932022500205 100 0
59.915101530718516 975.07564637304097 10 3
879.74308801165841 53.441216847966068 5 4
10 941.01654362331828 10 3
876.15090524520645 83.139590047789653 5 4
898.6293926404087 30.351572594563688 5 4
970 106.5685424949238 10 3
22.320508075688775 15 5 4
875.39983396694458 73.167835340870212 5 4
995 81.622776601683796 5 4
985 5 5 4
885.24041232305831 23.588791653145957 10 3
74.907462227445535 974.59698079120437 5 4
990 95.764912225414747 10 3
5 35 5 4
905.27864045000422 10 10 3
867.1395767095762 78.80415950135756 5 4
87.965250851005081 981.97899652286185 10 3
22.320508075688775 25 5 4
870.45974696160431 41.659044766877628 10 3
13.660254037844387 40 5 4
926.13650482627327 950 50 1
22.320508075688775 4.9999999999999982 5 4
974.84688859104574 975.54013534593332 5 4
5 926.87440799958733 5 4
870.27456442218465 56.657901637555945 5 4
73.169305581409176 984.44476284981226 5 4
100 672.63932022500205 100 0
175 772.63932022500205 25 2
10 735.88487342836959 10 3
978.66619076045538 966.2982236963478 5 4
78.007124610748775 993.1966487631089 5 4
855.38915646095279 54.807326097974624 10 3
68.008859564140934 993.01037998478046 5 4
865.80353641912336 65.602727437751398 5 4
784.71514858896376 900 100 0
894.70953677353782 898.88888888888891 10 3
51.432245769782568 6.9077164903922004 5 4
25 772.63932022500205 25 2
847.96070179233129 990 10 3
6.9077164903921711 721.20707445521941 5 4
976.87484822621184 119.90032639155788 5 4
892.69026403678447 878.99108655761108 10 3
871.81850351201592 958.63450827924453 5 4
894.5137282245895 995 5 4
5 750.02700905210054 5 4
886.88847987495365 988.53041055349138 5 4
144.72135954999578 5 5 4
884.25675826729821 866.58641080868301 5 4
874.34877261231509 980.29902295677789 10 3
909.64783743438909 897.52978132654857 5 4
980.74897438658616 956.51752779233766 5 4
880.62668584309029 857.26854763116171 5 4
929.54493746267849 875.07748945101287 25 2
10 609.39376702163452 10 3
947.32123496164911 899.24364858373588 5 4
891.13650482627327 5 5 4
855.57433900037245 39.808469227296307 5 4
878.44591007544761 842.42792038527807 10 3
878.92812716040203 994.58291290044929 5 4
867.89064798783807 88.775914208277001 5 4
860.04536700343374 30.863643427100854 5 4
889.46998737261515 852.59992705781201 5 4
893.92769762983949 864.04221509175193 5 4
981.02638711816121 946.52137642411799 5 4
995 109.9070478491457 5 4
51.187582267516355 987.27525323188831 5 4
840.64777936371399 41.290972992310174 10 3
993.0922835096078 142.85360200709206 5 4
154.72135954999578 5 5 4
985 109.9070478491457 5 4
869.14500832123747 26.716773777917275 5 4
866.19488720595132 833.77272318064558 5 4
5 795 5 4
954.27638096061025 892.05852895124985 5 4
988.17791369308395 963.21161927515823 5 4
874.35746885330821 827.9958502505707 5 4
889.15444671232376 825.53628804566438 10 3
957.02130409209281 901.67442188962286 5 4
900 391.42135623730951 100 0
825 291.42135623730951 25 2
836.31296275630734 60.815556598117269 10 3
979.48925828636811 936.64022087658861 5 4
975 291.42135623730951 25 2
990 328.17580303394192 10 3
958.48358879313446 882.98662715207092 5 4
10 809.39376702163452 10 3
989.54460177732653 951.75969858110511 5 4
168.86349517372673 10 10 3
876.09975449856552 818.14879786265635 5 4
979.01512062692632 921.64771629997108 10 3
989.82201450890159 941.76354721288544 5 4
188.86349517372673 10 10 3
861.00389319995998 20.909688055964565 5 4
883.64412557215985 811.58507444496774 5 4
945.48313755650304 296.78370940468682 5 4
860.22574894638137 820.01156812599493 10 3
870.10353451776371 16.762818406780983 5 4
5 827.91796067500627 5 4
963.97645009105395 894.48930225713696 5 4
865.84557300521044 966.65473902161557 5 4
856.70389510131963 69.749597086934983 5 4
5 45 5 4
843.11342872208388 789.48013356190836 25 2
993.0922835096078 342.85360200709209 5 4
867.53038940800991 806.91033811784916 5 4
881.13650482627327 5 5 4
102.31602905255582 977.61377430516256 5 4
929.34866688553655 780.98940639647049 50 1
964.02137376548694 869.04629223500433 10 3
814.80195683921477 799.40286301632318 5 4
995 236.14271578730529 5 4
903.59681677986828 829.58819461320684 5 4
955.08983307261144 851.15138846740865 10 3
995 436.14271578730529 5 4
975.05304468006489 852.36389921624186 10 3
893.41369899228778 843.41041463000283 5 4
805.73664892878867 43.783556342096503 25 2
995 446.14271578730529 5 4
54.516862443496905 778.00167339237942 5 4
853.41292160152386 84.852212042844101 10 3
813.11350199279468 789.5464376890759 5 4
101.87068121356353 987.60385264831405 5 4
823.23098040886339 68.154612249981739 5 4
805.42181469210425 795.93689514284233 5 4
878.85975846920667 802.80385406143455 5 4
995 456.14271578730529 5 4
784.67605097526416 742.46872130833424 50 1
990.31481563734837 244.97725298446309 5 4
868.93250575781178 994.28701971688645 5 4
831.97814614890069 80.340140203924378 10 3
836.75232040890751 760.16228403251694 5 4
54.639487261267149 768.00242526294153 5 4
851.90425188215625 25.056557705148116 5 4
945.36051273873284 286.78446127524893 5 4
995 314.03366741021097 5 4
831.90061362367669 29.105445038367556 5 4
850.96708205858204 755.37265448077267 10 3
178.86349517372673 21.180339887498949 5 4
984.8104492734509 253.32602241067164 5 4
116.22145941511428 983.23863043061476 10 3
978.53682713383057 261.11329826614678 5 4
978.86295042710617 866.871987243224 5 4
990 470.28485141103624 10 3
966.79017945622832 912.95571921224882 5 4
988.41761692075943 262.65277648506486 5 4
220.48627177541053 25 25 2
833.81856616860034 995 5 4
190.48640099655421 24.911947447943636 5 4
826.06055507196027 15.289015828455053 10 3
861.96241939648621 10.955732684828277 5 4
995 484.42698703476719 5 4
242.84695155040842 5 5 4
63.237777751219248 773.10824553498389 5 4
859.13676563295144 974.07039163227125 5 4
721.46959538559622 990 10 3
192.12412015520897 34.776929756968578 5 4
871.13650482627327 5 5 4
975 506.78766680976508 25 2
990 538.41044341144891 10 3
841.50351218685921 26.315402173960983 5 4
975.08805255205641 536.78753758862138 5 4
861.65571363880849 765.89658696545666 5 4
739.99378903896798 995 5 4
812.09281267031656 78.201563002722366 10 3
965.74925299079825 840.5978692909556 5 4
985 456.14271578730529 5 4
975.21217518646972 837.36474332392811 5 4
196.91318949388611 43.555586537441464 5 4
248.17811354413033 13.460420308512749 5 4
792.20747919173243 76.062985801520369 10 3
707.32745976186527 995 5 4
132.01562118716424 772.63932022500205 5 4
937.81710197649249 841.06908910262257 10 3
868.37681687860459 773.30109716127663 5 4
917.84325593708729 842.091573525066 10 3
707.32745976186527 985 5 4
872.29087698989849 782.50327806827784 5 4
890.2857569609223 598.70337290135785 100 0
967.68074486755302 830.78617529195469 5 4
733.4667310343757 63.834964460600503 50 1
698.66720572402085 990 5 4
994.79287886883503 253.91855880043914 5 4
872.96299840476854 792.48066514123798 5 4
791.73180904519995 111.0597533367042 25 2
987.13520908414625 861.25329195774839 5 4
182.76193528838192 31.262744998115608 5 4
987.86501260897194 871.22662574415858 5 4
811.09547743555459 14.266053787932595 5 4
695.92626493107764 975.2525512860841 10 3
761.73184043582501 111.01635475936241 5 4
958.21782267188155 834.0193012589823 5 4
763.38424150045546 120.87888844607845 5 4
968.47625687754112 883.3694907764592 5 4
761.4064060451658 150.81362022893896 25 2
710.92051609713735 975.66780057159292 5 4
753.43568055776768 121.89187174782977 5 4
204.82391889160121 56.300011216340316 10 3
852.86277807868248 15.102602334011829 5 4
5 627.91796067500627 5 4
252.3844780838221 92.878600709693558 50 1
974.97009534552308 907.20341740826962 5 4
940.50936344794525 500.83821387406834 10 3
801.09621473471873 14.144622985943041 5 4
777.50986610462849 23.08938490669717 10 3
990.03761689492796 851.68375545382548 5 4
979.59275395193185 876.84532102963419 5 4
761.6711308535298 10.877322605611312 10 3
688.78875577820168 988.44557834937063 5 4
22.939178893017338 594.14327032236292 10 3
988.59481613379762 881.19995953056878 5 4
5 595.25163139790357 5 4
254.57869941519098 32.918735860371513 10 3
744.37275578034632 126.11838265859322 5 4
806.20100824446149 5.5457228688997127 5 4
36.917252246066276 588.70144477051144 5 4
989.77440224753207 904.78836106293738 10 3
865.89516797624208 756.83970963820889 5 4
29.207231341734733 559.70910823730378 25 2
791.61255583322395 17.316407001303862 5 4
980.32255747675754 886.81865481604439 5 4
872.12846267685006 727.49441977466563 25 2
995 552.55257903517986 5 4
676.47047664296429 979.8863728286243 10 3
11.775333170004771 584.1248598360246 5 4
680.67156284566977 994.28605597504941 5 4
993.81942752893531 919.23265995463885 5 4
980.7499601588222 823.42440840686152 10 3
845.5400241736138 741.38884088385987 5 4
141.38343105180437 769.14015770520507 5 4
201.91659167505298 71.015562461737773 5 4
178.1168624434969 802.47696705762473 5 4
936.76222224878074 291.89028154729129 5 4
187.75047559673294 799.79489740644158 5 4
842.45046498923932 731.87807729483893 5 4
875.88641079799288 757.25811957692144 5 4
242.46346426482637 805.40639194934897 50 1
793.6075397513514 7.5174254641025247 5 4
187.63877552762125 809.79427354170923 5 4
976.74198335154108 897.36164861937152 5 4
985.20484327087638 837.74760694831639 5 4
746.67735980759585 10.445084451218875 5 4
985 552.55257903517986 5 4
992.0475395229173 929.07442874353694 5 4
842.65846110348832 721.88024064802096 5 4
289.15873179527563 27.513057309782575 25 2
843.81094683053209 706.92458029319346 10 3
670.68722048971313 993.72667442453917 5 4
867.98437881283576 291.42135623730951 5 4
350.03350290663133 71.322442630054468 50 1
858.61656894819566 287.92219371751253 5 4
260.36810020196435 19.081003440277975 5 4
708 335.42135623730951 100 0
264.73895214755851 10.086802349036132 5 4
208.19183588453086 735.24544331160394 25 2
776.41724884175176 8.1292315813844969 5 4
663.2732142018682 987.01604772028895 5 4
789.75397358991029 140.99448511956473 5 4
737.20245881012715 133.08880885495066 5 4
627.46144268627199 945.27258091511408 50 1
857.6774192640861 701.20435807290448 5 4
655.12299040899472 992.81034251138124 5 4
683.60798579584025 966.69334576533777 5 4
799.70253453259807 139.98150181781341 5 4
821.88313755650313 261.58370940468683 5 4
178.11686244349693 742.80167339237937 5 4
812.24952440326706 264.26577905586998 5 4
990 561.21283307302429 5 4
814.74359052724128 254.5817905093441 5 4
808.76545931001942 135.75499090704997 5 4
199.36542775410061 706.57325261198912 5 4
203.99806386011289 764.95086834150732 5 4
209.27950419107827 705.26516683431089 5 4
686.49132127081384 154.38154304924439 50 1
908.4279190860143 853.76853511534387 5 4
732.50888270892324 124.25872712360706 5 4
203.18963045879096 697.33336767366666 5 4
993.21756330548124 831.76460455428025 5 4
950.42414001157454 489.58222854654997 5 4
738.99652275394101 170.75847246889512 5 4
925.54529679837401 499.80056783268878 5 4
229.69714565388159 683.28517781938149 25 2
747.66220599547989 183.00208035045165 10 3
805.10997737400521 257.2638601605272 5 4
736.7919472250195 8.9355752355327951 5 4
915.97676037599388 496.89486469341495 5 4
994.39263535231726 841.69532485467869 5 4
762.49875456544919 180.7937265447984 5 4
807.60404349797943 247.57987161400132 5 4
691.72517872837216 960.85286813965899 5 4
726.79661014027317 9.2409218619977054 5 4
772.29166302934641 178.7691416940869 5 4
760.58978106211066 190.60982659336921 5 4
682.60858026803373 956.7434116655063 5 4
797.97043034474336 250.26194126518439 5 4
802.61591125003099 266.94784870705308 5 4
786.78760982680649 174.91329853788795 10 3
800.46449646871758 240.57795271865854 5 4
717.02177291979467 11.351030227259386 5 4
752.93521864026957 197.04470608953221 5 4
789.88791411006059 160.23719165114051 5 4
702.08234541121737 12.697694890776056 10 3
795.47636422076914 259.9459298117103 5 4
775.79713009815612 216.46976733761468 25 2
742.93709504296646 197.23841859054826 5 4
792.98229809679492 269.62991835823618 5 4
957.44439587028569 482.46071131507239 5 4
294.15177961625295 57.094630517734743 5 4
795.60552333418025 149.10369997615436 5 4
331.69400160411072 220.19709692679783 100 0
322.80084105578862 17.858603182090626 10 3
690.72577320056564 950.90293403982753 5 4
311.72395681931874 7.7441266453713453 5 4
337.80000497930268 17.700231481482401 5 4
687.01857979778424 25.8537948274424 10 3
966.41527441007622 478.04218913856073 5 4
351.38372286163826 11.337637003353452 10 3
976.34001134874723 476.8176089255162 5 4
336.81946788522168 7.7484202389431243 5 4
371.02398263420929 15.113904481423193 10 3
306.14812679984573 104.47472405933127 5 4
683.67354162506194 40.476062764497527 5 4
735.03902075789154 191.1048696515214 5 4
785.84275106753307 262.6279994628934 5 4
675.22621249489509 35.124181733809905 5 4
733.67624870387658 201.01157709288637 5 4
788.33681719150729 252.94401091636752 5 4
680.26708281281878 49.877979503146683 5 4
725.77817441880165 194.87802815385945 5 4
667.3234909506109 22.374789897588624 10 3
778.70320403827122 255.62608056755059 5 4
665.45655755314613 37.258155098020644 5 4
679.11585825350005 13.10440299122109 5 4
678.61929005748652 59.741284174273609 5 4
656.5166507880482 32.77729948426154 5 4
670.6685291233332 7.7525219605334783 5 4
724.4154023647867 204.78473559522442 5 4
678.78463584684494 69.739917119328709 5 4
670.90131402469103 53.382601452420445 5 4
647.37931366282453 20.881540985535622 10 3
732.31347664986163 210.91828453425134 5 4
657.10606937839168 42.759913657180249 5 4
388.33196688149388 25.135565087118611 10 3
658.18615382538724 10.479031398862727 5 4
677.19500225173704 84.655448120044184 10 3
669.25352126935877 63.245906123547378 5 4
647.00917898083708 35.876973634085317 5 4
419.0364315768943 41.935441508357826 25 2
688.11019727499342 94.944204974216589 5 4
661.53554523656328 56.887223401694214 5 4
723.05263031077175 214.69144303658939 5 4
385.28025334829329 10.44927745166491 5 4
440.57447601929897 113.77632570111396 50 1
395.18932175788052 11.794774851930262 5 4
656.4019979088888 70.981431142270694 10 3
730.95070459584667 220.82499197561631 5 4
679.21770972176762 99.518444267883368 5 4
404.95720853170616 68.426486758476642 5 4
651.53599261369027 56.792633008986137 5 4
790.83088331548151 243.26002236984161 5 4
637.66621147673152 32.31201105122036 5 4
740.21155093493655 217.05183347327826 5 4
649.24624706028931 5.9981757851036139 5 4
385.57658282706842 113.2949273047723 5 4
669.42624107075051 97.486907495843823 5 4
627.38575257223181 21.38900026147504 10 3
639.47659211854034 8.1321491493142943 5 4
386.39847436385799 123.26109478790003 5 4
639.25034706848226 42.185739547940763 5 4
443.79908589377942 58.870935335892042 5 4
721.68985825675679 224.59815047795436 5 4
628.51612283092913 36.346348391349281 5 4
469.03141775737669 42.6435070514936 25 2
643.69910901090543 63.00417511996006 5 4
738.8487788809216 226.95854091464324 5 4
708.36104426172346 217.7175460360609 10 3
729.58793254183172 230.73169941698129 5 4
444.38080452416136 17.797033111990054 10 3
642.23819754751764 53.11146377795972 5 4
663.08755516683846 89.752499890115558 5 4
625.02052326485921 86.47991652524054 25 2
659.55870464901022 99.109166712377828 5 4
599.03785206039242 41.916945520824662 25 2
429.87898659021488 13.963330383469227 5 4
628.70933540242618 46.344481662226173 5 4
613.52775351230048 15.648280615390412 5 4
435.51124586121671 5.7003009448060737 5 4
604.08900802185792 12.345239052429037 5 4
620.21557711729611 8.2136982176721034 5 4
420.08299791633209 11.953702084215738 5 4
594.08902298014141 12.327942652622735 5 4
741.57432298895151 207.14512603191329 5 4
584.6389078362306 15.598313238172206 5 4
570.76113296625908 21.291059909014571 10 3
410.17072409362288 13.275378165422499 5 4
549.5624671717062 49.140953419239203 25 2
552.04928833327267 14.229412053805547 10 3
312.87623297403206 111.87287161861086 5 4
565.35279180911914 7.2999968354670211 5 4
538.7457848574262 21.158827272144105 5 4
576.69609198420983 61.938078273451133 5 4
530.1497954978322 26.26852070030068 5 4
586.5317414013108 5.7790881620826511 5 4
523.71076965755753 33.919595541672621 5 4
570.98262329285933 70.145165181298395 5 4
584.51766858358485 68.168883959725576 5 4
530.02266586329517 16.269328830153249 5 4
514.71101070141799 45.91977632078531 10 3
521.42667650370117 21.379022258309863 5 4
558.20783613965887 123.64100439511412 50 1
521.35884444622411 59.366199878795683 5 4
533.52165174172364 74.492328931057727 5 4
511.42994158686656 60.556530929151769 5 4
525.03056777370125 79.774515320044173 5 4
521.29954686916415 11.379830388162434 5 4
514.16823726341534 30.929599637537084 5 4
575.34857924431844 7.0097666676473978 5 4
524.70160215732585 69.779927703576817 5 4
502.95929166730969 55.241637709122728 5 4
517.6362530078593 86.506833579280894 5 4
512.70355750957015 16.489523816319046 5 4
593.95259890260513 71.482807597233233 5 4
505.39210335935542 95.171751316053872 10 3
516.21051818930346 75.062114092563192 5 4
504.88478321758566 110.16316973706242 5 4
504.86693750838543 34.601904481511902 5 4
502.59178408014128 65.23488233603814 5 4
512.57642787503312 6.4903319461716151 5 4
503.32578770603652 120.04089887867033 5 4
499.94078139470338 43.304374587386022 5 4
503.58107478733439 130.0376397728879 5 4
506.33727810057752 24.710590183454634 5 4
529.89553622875815 6.2701369600058179 5 4
497.03597834554762 28.382895027429463 5 4
503.98043851543912 11.600025374328229 5 4
505.64220521912233 139.82292164635268 5 4
370.17389026856011 122.50217296259393 5 4
498.43688309001311 168.94479200207965 25 2
821.88313755650313 321.25900306993219 5 4
625.60571649147494 55.850666472947331 5 4
458.98537561405163 14.375556343058134 5 4
494.1211341605844 59.91998911600907 5 4
495.57482447122334 106.5128727435246 5 4
494.79599967724226 125.26035442344106 5 4
490.84006504603292 74.556743724375508 10 3
496.13733731761653 136.71527202406182 5 4
528.42237619179457 169.87763895791696 5 4
539.22398369267137 197.86558771085348 25 2
812.24952440326706 318.57693341874904 5 4
815.5628605779807 329.00846104547861 5 4
772.69504831500296 470.75261915729942 50 1
718.54328973975248 444.91491331471764 10 3
453.58938254964579 5.9563367326141741 5 4
673.68039037065023 484.7561013014959 50 1
792.35590476071127 414.06531260793821 10 3
468.83434749400476 12.644154336621655 5 4
505.83944776231669 74.692825061994938 5 4
509.23849059088991 196.9327407550162 5 4
727.83214894590071 510.59380714407769 10 3
797.2285805248614 280.0746271784181 5 4
496.71804790149218 224.19514187563482 25 2
483.73019735747221 10.879598629074685 10 3
795.03562606759397 394.15635257698716 5 4
555.20662838815258 271.14283567048966 50 1
719.05295679973369 544.4748606291846 25 2
775.52885340976786 415.82567177548253 5 4
624.78451441744448 626.56298870393732 100 0
827.5967547221087 467.46588314904398 5 4
831.64887039356677 481.90819454940936 10 3
741.73941350212931 516.21412675803799 5 4
503.11110577968469 253.50604105948929 5 4
562.61941588733555 216.64466522879542 5 4
480.22734103493656 272.90535318922792 25 2
689.92281091169662 537.30306862566977 5 4
590.18071213112728 204.79667175471084 25 2
824.70714283108509 500.66485785737228 10 3
750.4825787754387 521.06768844030773 5 4
502.53398368335536 299.87596114966777 10 3
715.8559178808498 574.30402324148633 5 4
442.57994099935212 392.10129804709914 100 0
622.81585591366229 516.58060655254235 10 3
595.98035626817921 234.23073582822198 5 4
570.84496791735876 486.59683092511887 50 1
726.55523685221476 584.81709004185382 10 3
838.66330015924621 495.16706988113907 5 4
494.8572944266856 551.60354963537873 50 1
759.9600405624526 524.25794204710621 5 4
812.22912737850322 508.98946778007308 5 4
726.3205112644722 599.81525339269308 5 4
845.43826301840465 487.8118079376714 5 4
769.85849434128636 525.67942464928296 5 4
446.47588877570007 282.17031246558088 10 3
728.40454406452614 609.59568320371363 5 4
734.73295272174914 623.19536128325603 10 3
804.65230474320458 515.51570396590228 5 4
446.91275965458948 262.1750844389947 10 3
752.45846900094318 530.87053791465735 5 4
729.24871924710465 637.15685057328483 5 4
796.01904387887441 520.56216875309985 5 4
625.35292526234275 240.33419310120249 25 2
426.50680515236451 283.28193256445957 10 3
763.67822740734675 533.54099577885074 5 4
458.22786118828611 245.68361763697445 10 3
779.85071849941653 525.28514508643548 5 4
731.81841539651555 651.9351001888416 10 3
739.24278335475253 637.50135400175077 5 4
742.62316931887119 604.81753545835227 10 3
619.55328112529094 210.90012902769132 5 4
563.7344967130399 541.13526873967817 5 4
510.87253911733723 312.34466169440822 5 4
725.45525082105382 670.89585272099578 10 3
413.7311687415733 291.1421561172134 5 4
624.21792281611101 196.64386311068969 10 3
814.09260238887919 518.81430675512524 5 4
614.19628000984937 179.33586855719781 10 3
804.70604101605625 525.51555958550898 5 4
555.88462390648237 547.33038753764072 5 4
773.57668118618051 534.96247838102749 5 4
752.95910093071711 631.42989353862629 10 3
443.35130021693823 247.60401698757013 5 4
745.05732647650029 666.92613862572978 10 3
839.01750800589514 505.16079475234562 5 4
793.3573899525378 535.32413333700322 10 3
847.49522369946794 499.8571793233246 5 4
628.8825645069312 182.38759719368807 5 4
714.49078008996025 681.13208159626981 5 4
767.3964142522409 542.82404951059527 5 4
518.15007526256102 319.20304836001418 5 4
516.43311302671987 607.59001274690615 10 3
708.89278818558626 689.41836463745085 5 4
596.33281912073971 170.34160566003672 10 3
636.80660173502497 188.48756719425236 5 4
496.8333240744202 611.57100169757052 10 3
445.45015607422221 237.8267574487042 5 4
613.05380972255193 159.36852617913851 10 3
746.10700580735033 644.77338605072123 5 4
514.78869754072548 627.52229554916994 10 3
757.49796047340715 541.40256690841841 5 4
718.86791575438417 690.12322631622783 5 4
443.69987432914331 711.46500943425008 100 0
703.48880805070075 703.41111271285627 10 3
761.2161473183013 550.68562064016294 5 4
531.09093481405046 326.78817552233818 10 3
547.83314904192616 698.0016852684987 5 4
435.93337300552861 240.89772472684749 5 4
687.63359320857512 734.61387160225638 25 2
534.5223487490847 341.39041502203321 5 4
775.4242212982665 555.49505239244252 10 3
434.98424622172394 253.08054941613918 5 4
643.51365168348241 201.9045519892388 10 3
473.104422159634 243.76321828637876 5 4
652.67225841394577 732.96916209056747 10 3
624.78712858803885 168.71353706200046 5 4
638.48843030135197 791.2685533401542 50 1
738.69416190103857 685.88689115788395 10 3
637.83754887249779 730.74848813411324 5 4
712.32214335615504 778.09347016998038 25 2
438.03222886281259 231.12046518798155 5 4
758.29623755648504 681.91717706261795 10 3
542.93789460418316 335.98869418874921 5 4
554.693722039867 711.34082085293323 10 3
447.54901193150619 228.04949790983827 5 4
760.05702726604113 667.0208815634436 5 4
538.92950543187146 350.36688258858567 5 4
760.12921918297047 650.10044265344084 10 3
431.91875375222764 262.59909741042179 5 4
772.71332989287828 634.55566354144366 10 3
483.18395814039059 605.35048647783583 5 4
779.88344814513164 653.22621265625821 10 3
440.13108472009657 221.34320564911562 5 4
453.32417779415306 214.20581851240502 10 3
569.0847107477955 715.57159430565741 5 4
721.2784344247591 744.25880081598132 10 3
751.31769353946754 549.26413803798607 5 4
711.32073777385369 716.20411379984102 5 4
765.54321164062492 615.88511442662912 10 3
457.53367952631442 228.60304377170169 5 4
563.28113554127333 729.4033879284035 10 3
786.73554326849842 639.88272014416327 5 4
758.01517050218933 565.34009938977101 10 3
577.80471104728338 720.46665250520232 5 4
564.74800825326236 365.64447768931501 25 2
775.24575670136608 575.4942561362833 10 3
438.57675443048981 211.46474132763271 5 4
588.91088255174577 730.54896149240687 10 3
750.71433737082532 694.85992752666891 5 4
546.08812499700048 326.49785394817144 5 4
552.39981019960078 398.39385943657169 10 3
786.51488376659029 565.59441900692457 5 4
723.16431005649304 706.9992348986334 10 3
630.92497276456845 210.0608479056761 5 4
695.82104932138304 808.95953398860831 10 3
786.96776060506966 629.88541675231829 5 4
442.93946143388558 197.11319828855423 10 3
719.73827142870232 721.60273651026364 5 4
715.41762391390876 812.95631572390164 10 3
473.64520015986017 602.34847112330021 5 4
549.44524118224126 418.17441862790042 10 3
548.89014683334483 725.17261447567944 5 4
760.95411741693033 580.04936827140932 5 4
572.34968183480021 399.80899962010966 10 3
457.68688479754883 199.85427547332657 5 4
703.38506770480956 821.91274308501318 5 4
608.33208736286906 735.32565529506996 10 3
779.56542501624506 621.21217102934872 5 4
589.81737434133424 390.06837754053106 10 3
685.48883482449071 819.83360147001599 5 4
589.51915425764594 410.0661540364739 10 3
456.13255450794213 189.97581115184363 5 4
594.48474677810145 749.75656513227182 10 3
465.73790404428132 205.78564033217171 5 4
458.89347118730677 599.63066091647408 10 3
779.7976423528163 611.21486763750374 5 4
767.068984172657 593.7463900119086 10 3
727.45018012300807 803.9998883627901 5 4
680.59468366085412 834.01271584248207 10 3
549.42893668125316 735.15808920148947 5 4
445.10633791778542 585.14221875699889 10 3
575.2004944135474 414.53560369711454 5 4
436.84708870480847 566.92725780623266 10 3
628.05343156507183 159.26201523415571 5 4
557.7888064784263 763.9697635189309 25 2
552.73231855219171 333.97145361641395 5 4
741.1636293062021 797.92195191199073 10 3
753.70385940285485 586.93658532398831 5 4
421.62633426840949 535.41014127589574 25 2
600.84736121043409 400.23397588334814 5 4
465.4647207055279 193.56895379591407 5 4
448.71680125679222 513.24921624214892 10 3
574.66739074042334 739.16828385922781 5 4
447.57346291330583 177.65745285722392 10 3
781.36062345709274 589.19127787678258 5 4
432.1583573028355 502.03235688564121 10 3
463.9103904159212 183.69048947443113 5 4
463.88612289856127 500.21496594040326 10 3
622.84785829924647 731.54512700888824 5 4
449.01509465006416 498.25218250038751 5 4
693.31337716500741 826.06068242030574 5 4
417.10302716010273 570.11662039441103 10 3
781.04777088705168 599.18638284218537 5 4
599.09915139053874 372.3526044891268 10 3
624.65323594542929 149.8578316040811 5 4
357.21848634966278 573.83707358223 50 1
597.1642286398162 352.44642268676358 10 3
695.48516683701155 835.82200044711828 5 4
428.75796582047099 579.55920504179721 5 4
540.43662215089671 430.16794951534541 5 4
741.92783989957911 782.94143182192147 5 4
414.99891366443518 590.00563008311474 10 3
585.06887334381656 343.5749864860386 5 4
565.31073019009284 413.05487293006814 5 4
666.34358730621705 838.69312743665307 5 4
575.23139194676742 332.25138459606063 10 3
465.6474574623843 222.75782285165548 5 4
468.59147314076341 234.83946956999981 5 4
595.22930588909367 332.54024088440036 10 3
473.24255661350696 187.28363211850157 5 4
672.57847289550762 852.33593512746427 10 3
582.3731428647958 175.8304524268207 5 4
443.90061916338101 600.09368163811109 5 4
478.83591993137799 498.9887650279976 5 4
657.29622635978035 842.95285276874824 5 4
388.9362181347737 522.90588971215129 10 3
616.09773978228566 144.68062334069867 5 4
573.28653757078314 180.00580920568649 5 4
401.1208141984589 507.04601522447558 10 3
488.62744823303206 496.95751577743602 5 4
790.39814154588657 556.37919741330381 5 4
363.29448684227367 499.0835972883894 25 2
609.35996875669207 412.58450270463766 10 3
686.82956925014469 847.65552353329326 5 4
416.07905159756586 505.92747424983179 5 4
502.83135497835735 492.13579065357186 10 3
481.9725706298006 489.49342815161003 5 4
627.6971660051629 135.16992876564123 10 3
751.17386184895247 786.75077272445367 5 4
597.25860758495253 428.5079777585043 10 3
549.9769437319801 433.1649920791931 5 4
239.65764389172847 480.67351675564282 100 0
559.28095306873513 429.4995575535774 5 4
644.60933378353855 850.95552462000524 10 3
742.40328072047146 700.42107285426198 5 4
769.02864871905069 671.43789509114515 5 4
604.78573170443383 391.04217313024293 5 4
474.79688690311366 197.16209643998451 5 4
583.07958805341718 423.61355183462524 5 4
612.21078133543926 427.31110678164254 5 4
585.39182449204452 321.2166389944224 5 4
515.26324826775556 500.52912308122035 5 4
412.05195181269266 496.77419793352436 5 4
620.83351774611731 422.24668018113118 5 4
755.97089155710353 795.52508215478019 5 4
620.90807163242278 432.24640226317109 5 4
611.10947763433239 861.09256748183111 25 2
686.60448186198755 857.65298999573724 5 4
342.60997468736622 520.81263217062678 5 4
635.01253727765265 427.14110610501035 10 3
403.16656864371555 492.18617374652865 5 4
404.95789202034769 601.14914318908654 5 4
644.69110019098366 870.95535747567214 10 3
680.14561271095045 865.28732096117108 5 4
348.83083584295321 467.21193589821621 10 3
773.23030965536441 680.51236727283458 5 4
285.83090671375504 596.83301830574442 25 2
666.43362867501412 871.3685621007927 10 3
414.19336677101052 604.98398427182633 5 4
573.30654810322994 828.36737047911618 25 2
341.27892898736025 454.25166187162063 5 4
612.697544162643 135.27643971062406 5 4
423.78686236319544 602.161779048472 5 4
581.35429290393427 857.2677823035649 5 4
351.10317286659568 452.38505205666058 5 4
594.6952609659312 317.54975069828424 5 4
566.2591162476624 883.19336121158437 25 2
633.55173694373002 881.00098271483637 5 4
406.2545595985502 611.06471948054025 5 4
642.34122186789466 885.77014980856279 5 4
303.03620200158406 564.38826080897945 5 4
344.57451940826923 444.81031219174895 5 4
258.75082637409662 583.92297381327091 5 4
434.77097373823227 596.01329263569221 5 4
578.5402170360727 793.76088684524495 10 3
627.06075031827197 414.42225850970425 5 4
564.7314423993007 799.61902161928708 5 4
316.14866970287949 636.59271205878122 25 2
435.80207591738923 605.95999200262486 5 4
287.80298961249116 626.76812961404778 5 4
393.3719612768466 494.2025235497315 5 4
627.54891859518875 445.69627778739516 10 3
729.67848891812457 720.51091405996169 5 4
267.72843244092536 649.06189902089181 25 2
344.7037015572426 627.3943341693755 5 4
434.38036983924928 184.79483999393449 5 4
302.73718374562793 684.76046106595868 25 2
736.72351580237728 713.41390087129162 5 4
273.39293450740576 678.52226928908158 5 4
250.8313247824006 596.6619492249406 10 3
613.93003923366518 439.40929719761544 5 4
725.65392615179712 729.66530615009469 5 4
652.17509715787662 883.95496475433777 5 4
258.62592120070047 609.47773116268547 5 4
596.01430097806053 887.01814638985059 5 4
346.14055186915709 637.29056886652927 5 4
648.83015588241437 893.37894310022273 5 4
347.45999970935344 652.23242475517316 10 3
432.82603954964259 174.91637567245155 5 4
355.82530705353156 639.78165638380585 5 4
549.96987823986979 802.28289540890364 10 3
272.97285722873585 688.51344214715709 5 4
539.4958669324036 819.32094362843486 10 3
613.00484210669583 449.36640572751747 5 4
354.60791940232781 628.77508355905286 5 4
245.02342844417316 615.80008759115594 10 3
568.97326184139274 422.36002536854147 5 4
259.57699490249428 619.43240136384009 5 4
663.83014450840642 893.39741524438057 10 3
658.86648885957129 858.41717626708601 5 4
231.35326260700276 601.20123263659673 10 3
364.59843698120926 628.33970038751283 5 4
529.97748999711848 801.73115964687804 10 3
778.9882026224858 672.33638607305352 5 4
238.55475712530162 588.04302315722941 5 4
543.78341978436822 833.69511805834941 5 4
333.78350646641104 666.82535223994296 10 3
547.17467023224719 843.10253111400721 5 4
273.18415482575966 703.51195385083929 10 3
264.53028635937579 683.15405812323854 5 4
230.02733750757443 616.14251513277839 5 4
516.16587051082411 845.41138760643355 25 2
288.27761568122958 716.63397501392228 10 3
536.37154505904334 439.30442302744456 5 4
215.32589659307089 613.16465767524937 10 3
593.10413881149168 896.58532759249704 5 4
232.0338770607236 631.0077026197107 10 3
587.21119636005301 904.66451253059768 5 4
319.84939816236164 731.74101148584771 25 2
269.36688157726775 723.14428496424375 10 3
793.59976572109622 647.15475219313362 5 4
605.37391041690273 890.53918475265436 5 4
254.27342072179783 710.02226380116076 10 3
553.46946266579096 850.87270409912151 5 4
285.15945106840371 736.38940589880349 10 3
228.68397243133856 586.44064694502936 5 4
794.36784702882096 657.12521111460376 5 4
254.48471831882171 725.02077550484296 5 4
618.54367897461225 457.69234628403183 5 4
293.36861611891095 754.62699371006659 10 3
374.34498924995694 626.10257748687263 5 4
219.99953892655961 591.39853104019255 5 4
315.70940779628637 781.56932150905448 25 2
363.71323936105091 469.08651999195905 5 4
334.30896622675999 699.86749753788411 10 3
680.92080456772646 875.25722956582683 5 4
540.28211378587082 790.83094274205098 5 4
342.190189839737 758.6833392848356 10 3
332.73658411708442 684.95013803624397 5 4
258.00316330661133 739.6022893106142 10 3
245.01060833425686 721.8205817606505 5 4
783.18986355879952 681.41085825474295 5 4
788.69841772157258 665.36278183236482 5 4
547.74604163054562 536.51115356297873 5 4
350.3993548902443 776.92092709609858 10 3
279.06891207075591 750.09726257729744 5 4
239.65330385526579 713.37669114557366 5 4
355.75473929418064 811.50878418332036 25 2
361.58428846777588 459.31576935068159 5 4
321.06479220022271 816.15717859627625 10 3
524.73362180952574 816.66084608660128 5 4
317.56024668143976 876.05474249253814 50 1
803.18281660526191 669.26178029071036 10 3
360.09987841684159 841.19244578368091 5 4
531.45575047004991 448.01275028121859 5 4
389.13675694573101 848.73298192499885 25 2
514.80816354633976 815.44212615743231 5 4
531.1409820196526 786.77635151325433 5 4
288.54799769046559 768.83127609135329 5 4
384.79161782307006 819.0493203246383 5 4
505.03356161254095 817.5533241670413 5 4
399.30015124059031 815.24111102462632 10 3
364.22865337163012 782.73044545072491 5 4
301.18349707009071 818.33297820758946 10 3
496.49588288966248 822.75986255880491 5 4
615.96384713967598 125.82491788277932 5 4
625.76162404467823 887.27108167896972 5 4
409.24552803592888 826.47006825131223 5 4
521.48274268786361 789.36834167717927 5 4
624.44495850136968 120.5267342250954 5 4
616.34349487781026 890.6324568434211 5 4
421.42521273017826 835.2253684031441 10 3
280.69129565794549 762.64482046860826 5 4
435.58896112221294 867.23143394527426 25 2
615.61604117905301 115.83096816238573 5 4
396.34272965372588 898.21099681375154 25 2
417.45517539792559 820.76027927170355 5 4
459.77756335295993 938.22376819428109 50 1
515.59994660463235 797.45491760541483 5 4
484.14747251058975 831.27553993115816 10 3
436.28935840912754 837.23961099900305 5 4
383.525376133571 622.13766933318641 5 4
451.23132600884514 835.92142882305404 10 3
486.17466939692838 846.13792442302281 5 4
406.01817054602469 926.60793051335429 5 4
436.63955705258485 822.24369952586744 10 3
396.14739464299475 928.21036087757102 5 4
508.09251147069983 808.03267157568655 5 4
484.86951060394523 861.08103522784177 10 3
476.38258754769822 844.10934534939099 5 4
578.9902450072376 910.3580139888079 5 4
368.43347698633249 939.69682108599659 25 2
497.61577870792809 868.98879403937542 5 4
496.25572773805544 812.76274669956047 5 4
566.19930545053614 918.19331010681208 10 3
368.62881199706362 909.6974570221771 5 4
488.3407328064801 880.77749725584636 10 3
524.06713302543972 779.70806597805745 5 4
508.30092550047806 879.51626467679159 10 3
404.80353032063118 936.53388886118432 5 4
459.15019100640131 848.66079996728558 5 4
584.64296753463816 780.05846237538344 5 4
522.5172720935916 874.73134152751641 5 4
405.40621350126509 946.51571098862075 5 4
525.69297288497523 889.39131848805778 10 3
587.56273375990281 770.4942078205421 5 4
508.44490172843177 899.51574644122195 10 3
470.04156568197544 836.37685275654451 5 4
634.37149542030488 121.73663702987629 5 4
407.80629667699634 956.22341930467417 5 4
460.9628946019065 883.23654249748608 5 4
376.32974222396734 875.86194014157127 5 4
409.59697799760795 971.11615110270282 10 3
532.43735593242116 875.9930612390973 5 4
398.84355773066244 960.65842895290143 5 4
547.04280151404714 912.44627983620444 10 3
464.81364824925993 874.0076911958671 5 4
522.72866459084707 904.09549736133602 5 4
469.96983574008118 826.3771100190819 5 4
423.19556393637669 985.78170463695176 10 3
465.41721443805261 864.02592242195999 5 4
408.19797730943162 986.05076850906721 5 4
394.66011668074873 969.74131511215148 5 4
540.6772371342596 898.86395344759262 5 4
476.19927769619079 818.5544472425421 5 4
475.59446470249719 872.8697384443127 5 4
397.11528066055018 979.43523948942436 5 4
533.55478024650006 905.88325596864172 5 4
485.96125068092215 816.38560343872052 5 4
532.42699947765027 915.81945798638537 5 4
437.91090669316401 988.69008692789396 5 4
516.67594134874764 912.05568211764353 5 4
553.40836589383468 926.02860622481626 5 4
537.40326887903734 929.96996125817111 10 3
387.49251389756591 976.71451167775251 5 4
562.61636128622263 937.869755698316 10 3
675.25725158329692 883.49884151935623 5 4
470.8995813213495 884.36004462905748 5 4
260.08941387290071 696.19568708577947 5 4
391.83611376813019 616.57604727037767 5 4
466.30993202841358 817.07092364542041 5 4
447.4100385932087 991.81522582809566 5 4
524.63868883735222 922.09179545898837 5 4
389.94767787736737 986.40843605502539 5 4
385.03734991776446 967.02058730047963 5 4
457.31801428696411 993.16874629412166 5 4
522.52352488224744 931.86553995345037 5 4
526.06067102382178 946.44252857158222 10 3
380.3249111143831 983.68770824335354 5 4
377.86974713458164 973.99378386608066 5 4
467.30729738785993 992.70590384775619 5 4
515.11679583749753 925.14688198792942 5 4
540.94041502061168 944.54694987630296 5 4
382.78007509418455 993.38163262062642 5 4
477.04766366115575 990.44199906573874 5 4
538.82525106550702 954.32069437076495 5 4
373.15730833120028 990.66090480895457 5 4
486.21711752756909 986.45187177557386 5 4
548.3471440653617 951.26560784182379 5 4
531.03694042520897 960.59303184336795 5 4
500.60047691896051 982.19523312306012 10 3
370.70214435139883 980.96698043168169 5 4
547.90674236888628 966.25914132615435 10 3
521.03695449540555 960.57625675073291 5 4
492.08888455343674 994.54645959670063 5 4
505.91207774012952 968.16715781970663 5 4
363.53454156821601 987.94017699728272 5 4
357.25675380364095 974.31705764880189 10 3
557.67330297789397 954.87431397258513 5 4
567.90246196563976 965.84538075769854 10 3
526.02241980393444 969.24488614974723 5 4
513.26973146712044 954.27782468958651 5 4
513.54891949008913 974.62305807343375 5 4
353.57681088966649 988.85865385244779 5 4
558.13590135663208 977.23020811126776 5 4
515.43089787510269 984.44436946032818 5 4
345.2546103951056 983.31419906154804 5 4
337.6467508617967 970.3866906658269 10 3
567.46206026916434 980.83891424202909 5 4
548.96700760770705 981.22162232441622 5 4
510.72157805738635 993.26606469732565 5 4
344.61407194333253 993.29366350067505 5 4
335.43852707618322 985.22325858811439 5 4
320.93918552923907 981.38020059934308 10 3
559.67374962886629 987.11125171463209 5 4
576.98395326901903 977.78382771308793 5 4
539.32688486375059 978.56304498278166 5 4
520.71605014592853 992.93360767551474 5 4
329.80093796410381 993.48265257335106 5 4
323.14740931485255 966.5436326770556 5 4
308.15735137110539 965.99758978212583 10 3
568.99990854139855 990.71995784539331 5 4
328.57770899978692 952.56107764116166 10 3
541.84455071994762 988.24092484546543 5 4
525.42536996364481 984.11191243851727 5 4
305.94912758549191 980.83415770441331 5 4
343.07705054673107 956.40413562993297 5 4
530.71052223447066 992.60115065370383 5 4
297.11447706017549 976.14918704329637 5 4
308.93704212070367 990.37734201208912 5 4
297.47449871432167 986.14270416233637 5 4
293.18777067305018 966.95239537721466 5 4
288.63984818900525 981.45773350121942 5 4
295.91421126283831 957.33124566887125 5 4
288.99986984315143 991.45125062025943 5 4
286.21883090690562 959.78065371037746 5 4
304.0820474563007 951.56180445530765 5 4
280.16521931783501 986.76627995914248 5 4
288.94527149669369 950.15950400203405 5 4
283.49239031711755 969.40180341872087 5 4
279.24989114076106 952.60891204354027 5 4
276.523450550973 962.23006175188368 5 4
281.97633173054908 942.98776233519686 5 4
273.79700996118493 971.85121146022709 5 4
272.28095137461645 945.43717037670308 5 4
291.6717120864817 940.53835429369065 5 4
266.82807019504037 964.6794697933899 5 4
275.00739196440446 935.81602066835967 5 4
269.55451078482844 955.05832008504649 5 4
245.18442702965785 932.56167549599786 25 2
284.70277232033709 933.36661262685345 5 4
264.1016296052523 974.30061950173331 5 4
274.42016978366507 925.8332770519761 5 4
294.39815267626972 930.91720458534724 5 4
257.13268983910774 967.12887783489612 5 4
250.47478539110261 980.57031780095758 10 3
271.07056937139691 981.4723611685705 5 4
270.58453174136935 916.59813326270603 5 4
287.4292129101251 923.74546291851004 5 4
301.36709244241433 938.08894625218443 5 4
247.20468142940533 965.93110948630851 5 4
263.92665984221679 909.13671638824621 5 4
238.73005255823503 971.23965594423157 5 4
255.18631763055771 904.2780727479809 5 4
235.47530494611703 980.69516322736615 5 4
263.76419755679274 899.13803617504732 5 4
245.33465424102084 902.56205163527306 5 4
230.43606725231763 900.82075736374884 10 3
228.91396923931265 973.14871547079792 5 4
245.40976784670232 887.56223970491067 10 3
238.88699308732595 990.09518365431916 5 4
222.15919281670594 913.33048755976495 5 4
226.44070444043155 881.2238934309305 10 3
225.65922162719465 982.60422275393262 5 4
199.31682769490163 968.24879583879385 25 2
232.16871685143067 963.69320818766334 5 4
216.13564042247108 905.34820614691637 5 4
217.11763681995126 921.9666159244656 5 4
239.46847942695499 873.78903775643926 5 4
253.81654072897786 869.41489362605284 10 3
217.48340587147564 893.25580110787769 5 4
219.47754135593303 990.46468260205188 5 4
215.19461306871949 931.77997313044762 5 4
231.90031888365996 867.25275854033225 5 4
202.27794209122391 924.15372825769907 10 3
259.75782914872519 883.18809557452425 5 4
211.91138910103933 884.95202912702609 5 4
216.60379086870313 941.68018615482401 5 4
221.90566303226342 866.92587260893561 5 4
207.50612000360655 893.92942319096267 5 4
212.79684581477733 874.99130794790983 5 4
227.18608247869093 858.4336897052417 5 4
217.19142662729439 858.10680377384506 5 4
6.9077164903922004 148.56775423021745 5 4
22.761704997211098 171.12837538607329 5 4
13.509726106377332 182.93519064691168 10 3
5 55.278640450004204 5 4
29.87843825898176 178.15348091416382 5 4
37.631194756498495 184.46971133192167 5 4
46.69913702353081 213.06643182644291 25 2
81.388554437102812 208.41408623448945 10 3
28.284800509805741 188.02568019924723 5 4
100.54514472826951 265.27378240336094 50 1
25.850541739497515 258.5124005660636 25 2
44.950947803781894 287.84113201117469 10 3
95.976615765635245 204.9228877762267 5 4
51.697087884846781 322.18483003579996 25 2
14.010952525804962 225.57573213631778 10 3
29.955993429333716 288.23016068391939 5 4
86.666549697667023 323.64658942834933 10 3
105.97618241298102 204.82979177584383 5 4
95.625154218294142 382.97401483214549 50 1
42.108286620240548 355.84571074780581 10 3
33.92745380046383 298.01377080151866 5 4
36.165156412180146 374.94228644425044 10 3
16.782317071198207 210.83397041810591 5 4
120.62671559193178 208.04877881720626 10 3
19.960543900328883 287.92851732974589 5 4
155.39673923492472 212.05445677052631 25 2
25.240821327631807 345.09914782738144 10 3
101.28129958237697 320.26885560115545 5 4
17.012136951664672 326.87035868929786 10 3
26.970327090038715 305.19697259007296 5 4
194.88119889493797 181.37910110255103 25 2
28.461411167530198 362.07168780993925 5 4
115.98122440888454 323.25418809436746 10 3
40.973104378761263 389.15086259918763 5 4
150.89903005120055 320.85692942550344 25 2
16.526479102519836 371.15779790191959 10 3
6.9006807921473783 212.36800576598628 5 4
19.178108168795166 201.1252019577565 5 4
10.619538575676126 284.3584165573854 5 4
174.64547347192325 276.85572006864129 25 2
26.318291428731328 392.35030901999778 10 3
163.93068470263239 183.29386263976841 5 4
190.16676287791762 216.06013472384643 10 3
10.936276224582059 340.58472766585288 5 4
199.59563491195834 146.69806748125563 10 3
42.994856890583094 398.94435619345433 5 4
10.241156306691641 299.35364335988885 10 3
124.69508826217681 335.46355239994398 5 4
35.672450484082823 428.03700757517004 25 2
69.507629686048972 436.99137234163101 10 3
177.36580193742063 306.73212904026644 5 4
226.88124855780984 330.67415372456134 50 1
59.080032678429411 454.05786643522515 10 3
154.50391934275086 254.62246125978427 5 4
209.92809497224883 212.97959031456494 10 3
180.89888521118925 227.85447419473491 5 4
202.71525864100713 231.63367812551726 10 3
11.277573261400125 350.5789017854417 5 4
174.46457931960137 241.40437115720209 10 3
211.19837763583902 156.20471574883311 5 4
219.35696700628955 143.61752307197415 10 3
200.09844178343621 131.70649700815326 5 4
224.6141402198198 162.91421008821973 10 3
84.50685072083904 436.83850524409013 5 4
82.992191148806597 451.76183618529927 10 3
204.42740505986643 280.46633648292192 5 4
216.50985588499583 271.57733304843441 10 3
44.325773941900849 456.76190954426954 5 4
46.421649072372837 486.68860845072209 25 2
151.68345402430697 245.02845399548357 5 4
218.08668434269933 200.39239763770598 5 4
216.74962890751289 226.33873230685026 5 4
220.45241389466455 240.87452892550601 10 3
187.98568303664933 234.90977692254569 5 4
202.66072137685666 122.04033317314892 5 4
203.58102472246381 251.61493056604758 10 3
224.68041894364958 177.91406365853058 5 4
94.443614893406206 437.96132213868435 5 4
109.03052896189094 441.4573109771452 10 3
230.89706063741721 275.82095643086404 5 4
127.50755514127226 433.80227971878594 10 3
209.75072501840236 129.09241431015158 5 4
135.34813760579934 421.01457990150249 5 4
124.89849358808468 453.6313694056999 10 3
34.403988649193849 458.01017898850949 5 4
106.42146740870336 461.28640066405916 10 3
226.70879033487989 227.24156322327093 5 4
147.78476773499648 412.6282677781943 10 3
119.93927306428829 467.78785667466451 5 4
224.18521052518466 208.31754611590756 5 4
110.02083201669545 496.10083121259368 25 2
137.28782248264841 445.17533430984508 5 4
189.0631014323103 244.85156597687043 5 4
227.99932734482815 199.07349327712993 5 4
128.69390502071408 472.62070462463441 5 4
148.63037263825973 397.65212166687525 5 4
163.41983020273207 400.15650681071236 10 3
143.38296045365485 426.96786654029108 5 4
24.623143560363403 455.92809605348953 5 4
68.150935510197897 466.00436055762839 5 4
10.150099885938202 451.98715621657487 10 3
94.519703005686324 470.41591347116315 5 4
218.02078635203947 255.67612301175049 5 4
79.636203501724708 475.65260491413233 10 3
234.09368871735145 174.53910407840067 5 4
224.16376438373518 187.90070814332725 5 4
230.36718835511715 265.83500453009611 5 4
240.76269465561853 277.45474510107482 5 4
150.41194926432715 387.8121021178373 5 4
154.87088473661049 373.49016459339555 10 3
18.92987582566397 464.14920926892637 5 4
7.1360707657820086 437.29308841821319 5 4
227.86453251773762 253.91525350343852 5 4
76.208814402522094 490.25578963400312 5 4
239.29382582548371 165.99752494707923 5 4
76.091110340002714 505.25532781868287 10 3
146.16410231593466 361.27574934423154 5 4
61.079823612408717 518.4712754117221 10 3
9.3344854510864259 466.96496557220701 5 4
80.030813326861505 524.86345726479112 10 3
5.6792189308952148 427.39977841947228 5 4
237.96965821998754 156.08558365626467 5 4
155.77618361022905 358.51750838451181 5 4
170.55554021840405 361.08083010610562 10 3
141.3999446725137 352.48354814381338 5 4
173.46001138755869 380.86880744659067 10 3
46.186240947334085 516.68768482008159 5 4
31.266501823921821 518.23732493614773 10 3
16.57069712788239 473.86693924417955 5 4
66.981980182634388 532.26129164886061 5 4
16.464466763028931 504.78742686753407 10 3
7.5549483796959214 417.57727166025336 5 4
75.78387745157724 544.40734468953917 10 3
160.67163367578061 349.79772807445289 5 4
94.832848387754368 538.31335533340484 10 3
183.06959142061888 369.35117003311865 5 4
48.374869093164421 526.44524121701204 5 4
6.9753067533048387 476.68269554746013 5 4
90.585912512470117 557.85724275815289 10 3
57.002821839070286 532.9065813156576 5 4
109.63488344864724 551.76325340201856 10 3
16.346762700509554 519.78696505221387 5 4
71.536941576292961 563.95123211428722 10 3
16.582170825548303 489.78788868285432 5 4
113.88181932393152 532.21936597727051 10 3
12.554844728984053 408.9169577804696 5 4
128.68385438482437 545.66926404588423 10 3
169.95993109360924 346.09265977846184 5 4
132.93079026010867 526.12537662113618 10 3
94.950552450273776 523.31381714872509 5 4
188.17341765177349 377.95064430787397 5 4
103.51704159417781 565.45894655876316 5 4
124.43691850954012 565.21315147063228 10 3
6.9451190121328725 516.3797527082578 5 4
20.636270091907019 528.82024387770946 5 4
143.48588944571725 559.11916211449795 10 3
62.735044307350151 551.80517907360866 5 4
7.1282142204963304 493.04713775431145 5 4
141.73268752905145 538.27142966181475 5 4
186.7379522099437 387.8470799776145 5 4
8.6952084103673251 526.22542115169972 5 4
137.36804759124783 572.81485527124255 5 4
196.02624962777236 384.1420116816235 5 4
179.4011797359428 394.64206118912222 5 4
147.33585022929378 573.6166723133191 5 4
155.59255918575016 567.97515148925288 5 4
156.34990505714225 577.94643160923169 5 4
170.07275170134153 571.8897427465123 10 3
158.46852603552523 558.39763538751777 5 4
163.20629388151181 585.22585001244636 5 4
177.22276359565174 590.56800096057555 10 3
154.68554328983009 549.14079783110719 5 4
184.08922141548149 577.23189369464149 5 4
190.94561023985102 584.51131209785615 5 4
191.70295611124311 594.48259221783496 5 4
199.95966506769949 588.84107139376874 5 4
186.02466086459461 602.71405400125411 5 4
200.71701093909158 598.81235151374756 5 4
199.2023191963074 578.86979127378993 5 4
208.97371989554796 593.17083068968134 5 4
208.21637402415587 583.19955056970252 5 4
255.66183917989684 147.78086755037998 5 4
300.21769881193336 120.02603143114101 5 4
249.11769641346649 155.3422295607968 5 4
